experiment "Irregular waves for ECN campaign SOFTWIND SPAR" with ("nantes_main_posn/default.ttf")
/* Wave data read from .dat files prepared with MatLab routine LHEEA_irrwave_generation_SW_SPAR_additionnal.m */
/* Poly-chromatic wave data*/
wave (or run) 1;
Period	Frequency	Amplitude	Height	Direction	Phase
s	Hz	m	m	deg	rad
2.78261	0.359375	0.000211525	0.00042305	0	2.62023
2.77507	0.360352	0.000219591	0.000439182	0	4.52593
2.76757	0.361328	0.000227833	0.000455667	0	0.000718638
2.76011	0.362305	0.000236251	0.000472502	0	1.89961
2.75269	0.363281	0.000244843	0.000489686	0	0.922094
2.74531	0.364258	0.000253608	0.000507217	0	0.580181
2.73797	0.365234	0.000262546	0.000525091	0	1.17031
2.73067	0.366211	0.000271654	0.000543308	0	2.17122
2.7234	0.367188	0.000280931	0.000561862	0	2.49296
2.71618	0.368164	0.000290376	0.000580752	0	3.38549
2.70899	0.369141	0.000299987	0.000599973	0	2.63388
2.70185	0.370117	0.000309761	0.000619522	0	4.30536
2.69474	0.371094	0.000319698	0.000639396	0	1.28461
2.68766	0.37207	0.000329794	0.000659589	0	5.51737
2.68063	0.373047	0.000340049	0.000680097	0	0.172081
2.67363	0.374023	0.000350458	0.000700916	0	4.21267
2.66667	0.375	0.000361021	0.000722042	0	2.622
2.65974	0.375977	0.000371734	0.000743468	0	3.51035
2.65285	0.376953	0.000382595	0.00076519	0	0.882077
2.64599	0.37793	0.000393601	0.000787202	0	1.24471
2.63918	0.378906	0.00040475	0.000809499	0	5.03123
2.63239	0.379883	0.000416038	0.000832075	0	6.08377
2.62564	0.380859	0.000427462	0.000854924	0	1.9693
2.61893	0.381836	0.00043902	0.00087804	0	4.34999
2.61224	0.382813	0.000450708	0.000901417	0	5.50652
2.6056	0.383789	0.000462524	0.000925048	0	5.62098
2.59898	0.384766	0.000474464	0.000948927	0	0.534349
2.59241	0.385742	0.000486524	0.000973048	0	0.245388
2.58586	0.386719	0.000498702	0.000997403	0	1.06708
2.57935	0.387695	0.000510993	0.00102199	0	5.51753
2.57286	0.388672	0.000523395	0.00104679	0	0.617931
2.56642	0.389648	0.000535904	0.00107181	0	2.6459
2.56	0.390625	0.000548516	0.00109703	0	6.0186
2.55362	0.391602	0.000561228	0.00112246	0	3.34998
2.54726	0.392578	0.000574036	0.00114807	0	4.34719
2.54094	0.393555	0.000586936	0.00117387	0	1.98244
2.53465	0.394531	0.000599925	0.00119985	0	4.31341
2.5284	0.395508	0.000613	0.001226	0	5.24411
2.52217	0.396484	0.000626155	0.00125231	0	0.114909
2.51597	0.397461	0.000639388	0.00127878	0	4.7133
2.5098	0.398438	0.000652695	0.00130539	0	6.2132
2.50367	0.399414	0.000666072	0.00133214	0	4.70086
2.49756	0.400391	0.000679516	0.00135903	0	1.76208
2.49148	0.401367	0.000693021	0.00138604	0	4.95919
2.48544	0.402344	0.000706586	0.00141317	0	0.648588
2.47942	0.40332	0.000720205	0.00144041	0	2.8142
2.47343	0.404297	0.000733875	0.00146775	0	5.70887
2.46747	0.405273	0.000747593	0.00149519	0	1.84483
2.46154	0.40625	0.000761355	0.00152271	0	1.80815
2.45564	0.407227	0.000775156	0.00155031	0	0.816994
2.44976	0.408203	0.000788993	0.00157799	0	0.121686
2.44391	0.40918	0.000802863	0.00160573	0	4.26525
2.4381	0.410156	0.000816761	0.00163352	0	1.3297
2.4323	0.411133	0.000830684	0.00166137	0	1.66848
2.42654	0.412109	0.000844629	0.00168926	0	3.08865
2.4208	0.413086	0.000858592	0.00171718	0	0.335287
2.41509	0.414063	0.000872569	0.00174514	0	3.60729
2.40941	0.415039	0.000886556	0.00177311	0	0.921923
2.40376	0.416016	0.000900551	0.0018011	0	3.70272
2.39813	0.416992	0.000914549	0.0018291	0	4.39671
2.39252	0.417969	0.000928547	0.00185709	0	0.642986
2.38695	0.418945	0.000942542	0.00188508	0	2.60159
2.3814	0.419922	0.000956531	0.00191306	0	4.36304
2.37587	0.420898	0.00097051	0.00194102	0	2.60237
2.37037	0.421875	0.000984475	0.00196895	0	0.313867
2.3649	0.422852	0.000998424	0.00199685	0	3.36714
2.35945	0.423828	0.00101235	0.00202471	0	4.17074
2.35402	0.424805	0.00102626	0.00205252	0	3.23514
2.34862	0.425781	0.00104014	0.00208028	0	5.93506
2.34325	0.426758	0.00105399	0.00210799	0	3.68543
2.3379	0.427734	0.00106781	0.00213563	0	5.67624
2.33257	0.428711	0.0010816	0.0021632	0	0.863779
2.32727	0.429688	0.00109535	0.0021907	0	0.875099
2.322	0.430664	0.00110905	0.00221811	0	5.07299
2.31674	0.431641	0.00112272	0.00224544	0	2.49868
2.31151	0.432617	0.00113634	0.00227267	0	1.03895
2.30631	0.433594	0.00114991	0.00229981	0	5.82771
2.30112	0.43457	0.00116342	0.00232685	0	2.18508
2.29596	0.435547	0.00117689	0.00235378	0	4.71749
2.29083	0.436523	0.0011903	0.00238059	0	4.56158
2.28571	0.4375	0.00120364	0.00240729	0	5.54998
2.28062	0.438477	0.00121693	0.00243386	0	3.91865
2.27556	0.439453	0.00123016	0.00246031	0	4.71831
2.27051	0.44043	0.00124331	0.00248663	0	2.19219
2.26549	0.441406	0.0012564	0.00251281	0	1.69601
2.26049	0.442383	0.00126942	0.00253885	0	5.62902
2.25551	0.443359	0.00128237	0.00256474	0	2.68978
2.25055	0.444336	0.00129524	0.00259049	0	6.06227
2.24561	0.445313	0.00130804	0.00261608	0	4.16853
2.2407	0.446289	0.00132076	0.00264152	0	3.90623
2.23581	0.447266	0.0013334	0.0026668	0	0.72097
2.23094	0.448242	0.00134595	0.00269191	0	5.96582
2.22609	0.449219	0.00135843	0.00271685	0	2.82688
2.22126	0.450195	0.00137081	0.00274162	0	3.63413
2.21645	0.451172	0.00138311	0.00276622	0	2.5644
2.21166	0.452148	0.00139532	0.00279064	0	1.48928
2.2069	0.453125	0.00140744	0.00281488	0	5.6761
2.20215	0.454102	0.00141947	0.00283894	0	3.60453
2.19742	0.455078	0.00143141	0.00286281	0	0.0180348
2.19272	0.456055	0.00144325	0.00288649	0	3.87764
2.18803	0.457031	0.00145499	0.00290998	0	2.05237
2.18337	0.458008	0.00146664	0.00293327	0	3.3116
2.17872	0.458984	0.00147818	0.00295637	0	5.56654
2.1741	0.459961	0.00148963	0.00297926	0	2.24479
2.16949	0.460938	0.00150098	0.00300196	0	5.70849
2.1649	0.461914	0.00151222	0.00302445	0	3.91669
2.16034	0.462891	0.00152337	0.00304673	0	0.0994078
2.15579	0.463867	0.00153441	0.00306881	0	5.83983
2.15126	0.464844	0.00154534	0.00309068	0	4.34103
2.14675	0.46582	0.00155617	0.00311233	0	6.26636
2.14226	0.466797	0.00156689	0.00313377	0	1.08285
2.13779	0.467773	0.0015775	0.003155	0	0.861649
2.13333	0.46875	0.001588	0.00317601	0	5.85967
2.1289	0.469727	0.0015984	0.0031968	0	4.37824
2.12448	0.470703	0.00160869	0.00321737	0	0.414691
2.12008	0.47168	0.00161886	0.00323772	0	4.74671
2.1157	0.472656	0.00162893	0.00325785	0	4.73674
2.11134	0.473633	0.00163888	0.00327776	0	5.79953
2.107	0.474609	0.00164872	0.00329744	0	4.47064
2.10267	0.475586	0.00165845	0.0033169	0	0.780817
2.09836	0.476563	0.00166807	0.00333613	0	0.124911
2.09407	0.477539	0.00167757	0.00335514	0	0.164688
2.0898	0.478516	0.00168696	0.00337392	0	0.177855
2.08554	0.479492	0.00169624	0.00339247	0	1.54699
2.0813	0.480469	0.0017054	0.00341079	0	5.40371
2.07708	0.481445	0.00171444	0.00342889	0	3.38558
2.07287	0.482422	0.00172338	0.00344675	0	3.47348
2.06869	0.483398	0.00173219	0.00346439	0	5.29064
2.06452	0.484375	0.0017409	0.0034818	0	0.780204
2.06036	0.485352	0.00174949	0.00349897	0	1.75416
2.05622	0.486328	0.00175796	0.00351592	0	3.68043
2.0521	0.487305	0.00176632	0.00353263	0	6.09215
2.048	0.488281	0.00177456	0.00354912	0	3.52506
2.04391	0.489258	0.00178269	0.00356537	0	0.117164
2.03984	0.490234	0.0017907	0.0035814	0	5.03052
2.03579	0.491211	0.0017986	0.0035972	0	1.46382
2.03175	0.492188	0.00180638	0.00361276	0	5.07119
2.02772	0.493164	0.00181405	0.0036281	0	2.437
2.02372	0.494141	0.0018216	0.00364321	0	5.42579
2.01972	0.495117	0.00182904	0.00365808	0	4.6943
2.01575	0.496094	0.00183637	0.00367273	0	3.49496
2.01179	0.49707	0.00184358	0.00368716	0	0.857373
2.00784	0.498047	0.00185068	0.00370135	0	0.376474
2.00391	0.499023	0.00185766	0.00371532	0	0.762423
2	0.5	0.00186453	0.00372906	0	0.279928
1.9961	0.500977	0.00187129	0.00374258	0	0.675406
1.99222	0.501953	0.00187793	0.00375587	0	1.41817
1.98835	0.50293	0.00188447	0.00376894	0	4.47984
1.9845	0.503906	0.00189089	0.00378178	0	3.51681
1.98066	0.504883	0.0018972	0.0037944	0	0.0788916
1.97683	0.505859	0.0019034	0.0038068	0	0.452228
1.97303	0.506836	0.00190949	0.00381898	0	6.07758
1.96923	0.507813	0.00191547	0.00383094	0	3.56948
1.96545	0.508789	0.00192134	0.00384268	0	1.27733
1.96169	0.509766	0.0019271	0.0038542	0	1.58541
1.95793	0.510742	0.00193275	0.00386551	0	4.6736
1.9542	0.511719	0.0019383	0.0038766	0	1.22792
1.95048	0.512695	0.00194374	0.00388747	0	3.65279
1.94677	0.513672	0.00194907	0.00389813	0	6.09482
1.94307	0.514648	0.00195429	0.00390858	0	5.32078
1.93939	0.515625	0.00195941	0.00391882	0	1.50701
1.93573	0.516602	0.00196442	0.00392885	0	3.10245
1.93208	0.517578	0.00196933	0.00393866	0	3.8953
1.92844	0.518555	0.00197414	0.00394827	0	5.20864
1.92481	0.519531	0.00197884	0.00395767	0	0.985149
1.9212	0.520508	0.00198344	0.00396687	0	0.116718
1.9176	0.521484	0.00198793	0.00397587	0	0.439962
1.91402	0.522461	0.00199233	0.00398466	0	3.0558
1.91045	0.523438	0.00199662	0.00399324	0	3.80968
1.90689	0.524414	0.00200082	0.00400163	0	3.5742
1.90335	0.525391	0.00200491	0.00400982	0	1.99405
1.89981	0.526367	0.00200891	0.00401782	0	6.21166
1.8963	0.527344	0.00201281	0.00402561	0	3.64265
1.89279	0.52832	0.00201661	0.00403321	0	2.3885
1.8893	0.529297	0.00202031	0.00404062	0	3.46171
1.88582	0.530273	0.00202392	0.00404784	0	4.68307
1.88235	0.53125	0.00202743	0.00405487	0	4.20491
1.8789	0.532227	0.00203085	0.0040617	0	1.66454
1.87546	0.533203	0.00203418	0.00406836	0	0.416794
1.87203	0.53418	0.00203741	0.00407482	0	2.32531
1.86861	0.535156	0.00204055	0.0040811	0	3.95663
1.86521	0.536133	0.0020436	0.0040872	0	1.32056
1.86182	0.537109	0.00204656	0.00409311	0	4.7297
1.85844	0.538086	0.00204942	0.00409885	0	0.418061
1.85507	0.539063	0.0020522	0.0041044	0	1.63561
1.85172	0.540039	0.00205489	0.00410978	0	5.05642
1.84838	0.541016	0.00205749	0.00411499	0	1.21538
1.84505	0.541992	0.00206001	0.00412002	0	4.01785
1.84173	0.542969	0.00206244	0.00412488	0	3.2966
1.83842	0.543945	0.00206478	0.00412957	0	5.81074
1.83513	0.544922	0.00206704	0.00413408	0	1.65434
1.83184	0.545898	0.00206922	0.00413844	0	0.414446
1.82857	0.546875	0.00207131	0.00414262	0	4.61856
1.82531	0.547852	0.00207332	0.00414664	0	4.85174
1.82206	0.548828	0.00207525	0.0041505	0	5.70398
1.81883	0.549805	0.0020771	0.00415419	0	5.85575
1.8156	0.550781	0.00207886	0.00415773	0	0.0876603
1.81239	0.551758	0.00208055	0.0041611	0	1.47254
1.80919	0.552734	0.00208216	0.00416432	0	3.87533
1.806	0.553711	0.00208369	0.00416739	0	5.96285
1.80282	0.554688	0.00208515	0.0041703	0	5.97013
1.79965	0.555664	0.00208653	0.00417305	0	3.49756
1.79649	0.556641	0.00208783	0.00417566	0	5.75292
1.79335	0.557617	0.00208906	0.00417812	0	4.03108
1.79021	0.558594	0.00209022	0.00418043	0	2.45049
1.78709	0.55957	0.0020913	0.0041826	0	3.05357
1.78397	0.560547	0.00209231	0.00418462	0	3.79699
1.78087	0.561523	0.00209325	0.00418649	0	3.45291
1.77778	0.5625	0.00209411	0.00418823	0	5.81937
1.7747	0.563477	0.00209491	0.00418982	0	5.77257
1.77163	0.564453	0.00209564	0.00419128	0	2.48108
1.76857	0.56543	0.0020963	0.0041926	0	6.05236
1.76552	0.566406	0.00209689	0.00419378	0	1.093
1.76248	0.567383	0.00209742	0.00419483	0	0.793752
1.75945	0.568359	0.00209788	0.00419575	0	0.848727
1.75643	0.569336	0.00209827	0.00419654	0	3.17717
1.75342	0.570313	0.0020986	0.00419719	0	0.135244
1.75043	0.571289	0.00209886	0.00419772	0	5.95627
1.74744	0.572266	0.00209906	0.00419813	0	5.19692
1.74446	0.573242	0.0020992	0.0041984	0	0.094367
1.7415	0.574219	0.00209928	0.00419856	0	1.10707
1.73854	0.575195	0.00209929	0.00419859	0	2.08642
1.73559	0.576172	0.00209925	0.0041985	0	0.823077
1.73266	0.577148	0.00209914	0.00419829	0	5.08618
1.72973	0.578125	0.00209898	0.00419796	0	2.16604
1.72681	0.579102	0.00209876	0.00419752	0	5.90687
1.72391	0.580078	0.00209848	0.00419696	0	3.6569
1.72101	0.581055	0.00209815	0.00419629	0	5.52186
1.71812	0.582031	0.00209775	0.00419551	0	5.30762
1.71524	0.583008	0.00209731	0.00419461	0	5.68875
1.71237	0.583984	0.0020968	0.00419361	0	2.88951
1.70952	0.584961	0.00209625	0.00419249	0	3.4328
1.70667	0.585938	0.00209564	0.00419127	0	5.01777
1.70383	0.586914	0.00209497	0.00418995	0	1.79522
1.701	0.587891	0.00209426	0.00418852	0	3.08035
1.69818	0.588867	0.00209349	0.00418699	0	3.76432
1.69536	0.589844	0.00209268	0.00418536	0	0.0975984
1.69256	0.59082	0.00209181	0.00418362	0	3.72895
1.68977	0.591797	0.00209089	0.00418179	0	2.72487
1.68699	0.592773	0.00208993	0.00417986	0	5.0728
1.68421	0.59375	0.00208892	0.00417783	0	1.98074
1.68144	0.594727	0.00208786	0.00417571	0	5.61019
1.67869	0.595703	0.00208675	0.0041735	0	3.63078
1.67594	0.59668	0.0020856	0.00417119	0	1.15617
1.6732	0.597656	0.0020844	0.00416879	0	4.95071
1.67047	0.598633	0.00208315	0.00416631	0	3.84551
1.66775	0.599609	0.00208186	0.00416373	0	0.338722
1.66504	0.600586	0.00208053	0.00416107	0	2.64015
1.66234	0.601563	0.00207916	0.00415832	0	4.26672
1.65964	0.602539	0.00207774	0.00415548	0	5.77175
1.65696	0.603516	0.00207628	0.00415256	0	0.002526
1.65428	0.604492	0.00207478	0.00414956	0	6.13716
1.65161	0.605469	0.00207324	0.00414648	0	2.36612
1.64895	0.606445	0.00207166	0.00414331	0	6.11846
1.6463	0.607422	0.00207003	0.00414007	0	3.79954
1.64366	0.608398	0.00206837	0.00413675	0	5.20779
1.64103	0.609375	0.00206668	0.00413335	0	3.61102
1.6384	0.610352	0.00206494	0.00412988	0	3.94632
1.63578	0.611328	0.00206316	0.00412633	0	1.79433
1.63317	0.612305	0.00206135	0.00412271	0	3.68718
1.63057	0.613281	0.00205951	0.00411901	0	4.71253
1.62798	0.614258	0.00205762	0.00411525	0	5.39294
1.6254	0.615234	0.00205571	0.00411141	0	4.74432
1.62282	0.616211	0.00205375	0.00410751	0	4.38602
1.62025	0.617188	0.00205177	0.00410353	0	5.43168
1.61769	0.618164	0.00204975	0.00409949	0	2.02746
1.61514	0.619141	0.00204769	0.00409539	0	4.21469
1.6126	0.620117	0.00204561	0.00409121	0	2.83292
1.61006	0.621094	0.00204349	0.00408698	0	2.40082
1.60754	0.62207	0.00204134	0.00408268	0	2.5812
1.60502	0.623047	0.00203916	0.00407832	0	2.52257
1.6025	0.624023	0.00203695	0.0040739	0	1.99418
1.6	0.625	0.00203471	0.00406942	0	3.90763
1.5975	0.625977	0.00203244	0.00406488	0	2.70332
1.59502	0.626953	0.00203014	0.00406028	0	6.11858
1.59253	0.62793	0.00202781	0.00405562	0	4.25875
1.59006	0.628906	0.00202545	0.00405091	0	1.24765
1.5876	0.629883	0.00202307	0.00404614	0	2.68104
1.58514	0.630859	0.00202066	0.00404132	0	2.15731
1.58269	0.631836	0.00201822	0.00403644	0	5.01171
1.58025	0.632813	0.00201576	0.00403151	0	5.52919
1.57781	0.633789	0.00201327	0.00402653	0	5.67901
1.57538	0.634766	0.00201075	0.0040215	0	4.16399
1.57296	0.635742	0.00200821	0.00401642	0	1.69777
1.57055	0.636719	0.00200565	0.00401129	0	1.58567
1.56815	0.637695	0.00200306	0.00400611	0	5.37148
1.56575	0.638672	0.00200044	0.00400089	0	3.31573
1.56336	0.639648	0.00199781	0.00399562	0	5.04013
1.56098	0.640625	0.00199515	0.0039903	0	3.59705
1.5586	0.641602	0.00199247	0.00398494	0	4.60647
1.55623	0.642578	0.00198977	0.00397953	0	3.26105
1.55387	0.643555	0.00198704	0.00397408	0	4.84361
1.55152	0.644531	0.00198429	0.00396859	0	3.57424
1.54917	0.645508	0.00198153	0.00396306	0	2.92614
1.54683	0.646484	0.00197874	0.00395748	0	2.15318
1.54449	0.647461	0.00197593	0.00395187	0	0.428572
1.54217	0.648438	0.00197311	0.00394621	0	2.37457
1.53985	0.649414	0.00197026	0.00394052	0	0.500305
1.53754	0.650391	0.00196739	0.00393479	0	6.17522
1.53523	0.651367	0.00196451	0.00392902	0	1.14111
1.53293	0.652344	0.00196161	0.00392321	0	5.10106
1.53064	0.65332	0.00195869	0.00391737	0	5.49755
1.52836	0.654297	0.00195575	0.0039115	0	4.32543
1.52608	0.655273	0.0019528	0.00390559	0	3.57824
1.52381	0.65625	0.00194982	0.00389965	0	1.01141
1.52155	0.657227	0.00194684	0.00389367	0	2.93349
1.51929	0.658203	0.00194383	0.00388766	0	2.16878
1.51704	0.65918	0.00194081	0.00388162	0	1.41397
1.51479	0.660156	0.00193778	0.00387555	0	3.72286
1.51256	0.661133	0.00193473	0.00386945	0	1.96205
1.51032	0.662109	0.00193166	0.00386332	0	5.75732
1.5081	0.663086	0.00192858	0.00385716	0	5.71541
1.50588	0.664063	0.00192549	0.00385097	0	1.61552
1.50367	0.665039	0.00192238	0.00384476	0	0.696751
1.50147	0.666016	0.00191926	0.00383852	0	1.21242
1.49927	0.666992	0.00191612	0.00383225	0	3.13898
1.49708	0.667969	0.00191298	0.00382595	0	4.57784
1.49489	0.668945	0.00190982	0.00381963	0	1.30812
1.49271	0.669922	0.00190664	0.00381329	0	1.55844
1.49054	0.670898	0.00190346	0.00380692	0	5.35121
1.48837	0.671875	0.00190026	0.00380053	0	2.61285
1.48621	0.672852	0.00189706	0.00379411	0	3.87475
1.48406	0.673828	0.00189384	0.00378767	0	1.46817
1.48191	0.674805	0.00189061	0.00378121	0	0.640679
1.47977	0.675781	0.00188737	0.00377473	0	3.24123
1.47763	0.676758	0.00188412	0.00376823	0	2.99797
1.4755	0.677734	0.00188086	0.00376171	0	0.959264
1.47338	0.678711	0.00187758	0.00375517	0	3.90692
1.47126	0.679688	0.0018743	0.00374861	0	3.41812
1.46915	0.680664	0.00187101	0.00374203	0	4.11007
1.46705	0.681641	0.00186772	0.00373543	0	0.908206
1.46495	0.682617	0.00186441	0.00372882	0	4.72199
1.46286	0.683594	0.00186109	0.00372218	0	1.39518
1.46077	0.68457	0.00185777	0.00371553	0	3.26318
1.45869	0.685547	0.00185443	0.00370887	0	4.93416
1.45661	0.686523	0.00185109	0.00370219	0	0.140306
1.45455	0.6875	0.00184775	0.00369549	0	2.03803
1.45248	0.688477	0.00184439	0.00368878	0	5.48473
1.45042	0.689453	0.00184103	0.00368206	0	5.30747
1.44837	0.69043	0.00183766	0.00367532	0	3.38312
1.44633	0.691406	0.00183428	0.00366856	0	5.44506
1.44429	0.692383	0.0018309	0.0036618	0	5.96781
1.44225	0.693359	0.00182751	0.00365502	0	5.19247
1.44023	0.694336	0.00182411	0.00364823	0	5.36657
1.4382	0.695313	0.00182071	0.00364143	0	0.620423
1.43619	0.696289	0.00181731	0.00363461	0	4.09227
1.43417	0.697266	0.00181389	0.00362779	0	4.42033
1.43217	0.698242	0.00181048	0.00362095	0	3.83426
1.43017	0.699219	0.00180705	0.00361411	0	5.02413
1.42817	0.700195	0.00180363	0.00360725	0	0.217217
1.42618	0.701172	0.0018002	0.00360039	0	4.83955
1.4242	0.702148	0.00179676	0.00359352	0	4.59759
1.42222	0.703125	0.00179332	0.00358664	0	1.63173
1.42025	0.704102	0.00178987	0.00357975	0	1.61521
1.41828	0.705078	0.00178643	0.00357285	0	3.97288
1.41632	0.706055	0.00178297	0.00356595	0	2.16957
1.41436	0.707031	0.00177952	0.00355903	0	5.00511
1.41241	0.708008	0.00177606	0.00355212	0	2.80322
1.41047	0.708984	0.0017726	0.00354519	0	4.91816
1.40853	0.709961	0.00176913	0.00353826	0	6.22332
1.40659	0.710938	0.00176566	0.00353132	0	1.88652
1.40466	0.711914	0.00176219	0.00352438	0	0.898532
1.40274	0.712891	0.00175872	0.00351743	0	5.66309
1.40082	0.713867	0.00175524	0.00351048	0	3.40272
1.39891	0.714844	0.00175176	0.00350353	0	6.12447
1.397	0.71582	0.00174828	0.00349657	0	3.9999
1.3951	0.716797	0.0017448	0.0034896	0	6.24494
1.3932	0.717773	0.00174132	0.00348264	0	3.43106
1.3913	0.71875	0.00173783	0.00347567	0	3.30763
1.38942	0.719727	0.00173435	0.00346869	0	0.850919
1.38753	0.720703	0.00173086	0.00346172	0	2.23496
1.38566	0.72168	0.00172737	0.00345474	0	0.164736
1.38378	0.722656	0.00172388	0.00344776	0	1.00779
1.38192	0.723633	0.00172039	0.00344078	0	4.68498
1.38005	0.724609	0.0017169	0.0034338	0	0.191007
1.3782	0.725586	0.00171341	0.00342681	0	2.30306
1.37634	0.726563	0.00170991	0.00341983	0	5.41828
1.3745	0.727539	0.00170642	0.00341284	0	4.35222
1.37265	0.728516	0.00170293	0.00340586	0	4.34132
1.37082	0.729492	0.00169944	0.00339887	0	1.18524
1.36898	0.730469	0.00169594	0.00339189	0	2.77657
1.36716	0.731445	0.00169245	0.0033849	0	3.65416
1.36533	0.732422	0.00168896	0.00337792	0	6.21879
1.36352	0.733398	0.00168547	0.00337093	0	1.28118
1.3617	0.734375	0.00168198	0.00336395	0	1.55655
1.35989	0.735352	0.00167849	0.00335697	0	1.64728
1.35809	0.736328	0.001675	0.00334999	0	4.71347
1.35629	0.737305	0.00167151	0.00334302	0	2.87126
1.3545	0.738281	0.00166802	0.00333604	0	0.357698
1.35271	0.739258	0.00166453	0.00332907	0	3.1951
1.35092	0.740234	0.00166105	0.0033221	0	1.33178
1.34914	0.741211	0.00165757	0.00331513	0	5.01778
1.34737	0.742188	0.00165408	0.00330817	0	1.86819
1.3456	0.743164	0.0016506	0.00330121	0	0.173454
1.34383	0.744141	0.00164712	0.00329425	0	3.72865
1.34207	0.745117	0.00164365	0.00328729	0	5.30201
1.34031	0.746094	0.00164017	0.00328034	0	2.39399
1.33856	0.74707	0.0016367	0.0032734	0	4.7115
1.33681	0.748047	0.00163323	0.00326645	0	3.2116
1.33507	0.749023	0.00162976	0.00325952	0	3.3989
1.33333	0.75	0.00162629	0.00325258	0	6.0283
1.3316	0.750977	0.00162283	0.00324565	0	5.05144
1.32987	0.751953	0.00161937	0.00323873	0	0.203092
1.32815	0.75293	0.00161591	0.00323181	0	4.45721
1.32642	0.753906	0.00161245	0.0032249	0	2.92169
1.32471	0.754883	0.001609	0.00321799	0	5.95363
1.323	0.755859	0.00160554	0.00321109	0	1.3913
1.32129	0.756836	0.0016021	0.00320419	0	1.67806
1.31959	0.757813	0.00159865	0.0031973	0	0.511916
1.31789	0.758789	0.00159521	0.00319042	0	2.69309
1.3162	0.759766	0.00159177	0.00318354	0	0.684985
1.31451	0.760742	0.00158833	0.00317667	0	3.9822
1.31282	0.761719	0.0015849	0.0031698	0	5.04517
1.31114	0.762695	0.00158147	0.00316295	0	4.37813
1.30946	0.763672	0.00157805	0.00315609	0	4.81425
1.30779	0.764648	0.00157462	0.00314925	0	2.1517
1.30612	0.765625	0.00157121	0.00314241	0	5.31464
1.30446	0.766602	0.00156779	0.00313558	0	2.69403
1.3028	0.767578	0.00156438	0.00312876	0	5.17741
1.30114	0.768555	0.00156097	0.00312195	0	3.93639
1.29949	0.769531	0.00155757	0.00311514	0	0.901154
1.29785	0.770508	0.00155417	0.00310834	0	0.492519
1.2962	0.771484	0.00155077	0.00310155	0	0.115187
1.29456	0.772461	0.00154738	0.00309476	0	0.419246
1.29293	0.773438	0.00154399	0.00308799	0	2.88137
1.2913	0.774414	0.00154061	0.00308122	0	0.712148
1.28967	0.775391	0.00153723	0.00307447	0	0.174568
1.28805	0.776367	0.00153386	0.00306772	0	4.74293
1.28643	0.777344	0.00153049	0.00306098	0	2.48092
1.28482	0.77832	0.00152712	0.00305424	0	4.69315
1.28321	0.779297	0.00152376	0.00304752	0	2.84254
1.2816	0.780273	0.0015204	0.00304081	0	2.82798
1.28	0.78125	0.00151705	0.0030341	0	3.00382
1.2784	0.782227	0.0015137	0.00302741	0	2.97825
1.27681	0.783203	0.00151036	0.00302072	0	5.04642
1.27522	0.78418	0.00150702	0.00301404	0	2.52831
1.27363	0.785156	0.00150369	0.00300738	0	5.68431
1.27205	0.786133	0.00150036	0.00300072	0	0.232861
1.27047	0.787109	0.00149704	0.00299407	0	4.8624
1.2689	0.788086	0.00149372	0.00298743	0	0.789428
1.26733	0.789063	0.0014904	0.00298081	0	3.88624
1.26576	0.790039	0.00148709	0.00297419	0	0.0651206
1.2642	0.791016	0.00148379	0.00296758	0	3.3843
1.26264	0.791992	0.00148049	0.00296098	0	0.0189624
1.26108	0.792969	0.0014772	0.0029544	0	5.97653
1.25953	0.793945	0.00147391	0.00294782	0	5.68881
1.25799	0.794922	0.00147063	0.00294125	0	5.00121
1.25644	0.795898	0.00146735	0.0029347	0	5.75084
1.2549	0.796875	0.00146408	0.00292815	0	0.914569
1.25337	0.797852	0.00146081	0.00292162	0	0.991047
1.25183	0.798828	0.00145755	0.00291509	0	1.17892
1.25031	0.799805	0.00145429	0.00290858	0	3.91126
1.24878	0.800781	0.00145104	0.00290208	0	5.69137
1.24726	0.801758	0.00144779	0.00289559	0	6.22007
1.24574	0.802734	0.00144455	0.00288911	0	4.46811
1.24423	0.803711	0.00144132	0.00288264	0	4.59804
1.24272	0.804688	0.00143809	0.00287618	0	5.71326
1.24121	0.805664	0.00143487	0.00286974	0	2.51876
1.23971	0.806641	0.00143165	0.0028633	0	1.56986
1.23821	0.807617	0.00142844	0.00285688	0	1.08969
1.23671	0.808594	0.00142523	0.00285047	0	0.750571
1.23522	0.80957	0.00142203	0.00284406	0	5.10578
1.23373	0.810547	0.00141884	0.00283768	0	0.922324
1.23225	0.811523	0.00141565	0.0028313	0	1.66063
1.23077	0.8125	0.00141247	0.00282493	0	5.14649
1.22929	0.813477	0.00140929	0.00281858	0	1.95148
1.22782	0.814453	0.00140612	0.00281224	0	6.17271
1.22635	0.81543	0.00140295	0.00280591	0	1.67534
1.22488	0.816406	0.00139979	0.00279959	0	3.35304
1.22342	0.817383	0.00139664	0.00279328	0	1.97585
1.22196	0.818359	0.00139349	0.00278699	0	5.72255
1.2205	0.819336	0.00139035	0.0027807	0	2.30314
1.21905	0.820313	0.00138722	0.00277443	0	2.72434
1.2176	0.821289	0.00138409	0.00276818	0	3.21883
1.21615	0.822266	0.00138096	0.00276193	0	5.8992
1.21471	0.823242	0.00137785	0.0027557	0	0.194458
1.21327	0.824219	0.00137474	0.00274947	0	4.50428
1.21183	0.825195	0.00137163	0.00274326	0	5.59844
1.2104	0.826172	0.00136853	0.00273707	0	0.171451
1.20897	0.827148	0.00136544	0.00273088	0	3.28014
1.20755	0.828125	0.00136235	0.00272471	0	2.04825
1.20612	0.829102	0.00135927	0.00271855	0	5.40033
1.20471	0.830078	0.0013562	0.0027124	0	3.50926
1.20329	0.831055	0.00135313	0.00270627	0	4.33683
1.20188	0.832031	0.00135007	0.00270014	0	2.84536
1.20047	0.833008	0.00134702	0.00269403	0	3.94778
1.19906	0.833984	0.00134397	0.00268794	0	1.82273
1.19766	0.834961	0.00134093	0.00268185	0	0.0587388
1.19626	0.835938	0.00133789	0.00267578	0	3.62386
1.19487	0.836914	0.00133486	0.00266972	0	1.95686
1.19347	0.837891	0.00133184	0.00266367	0	3.25009
1.19208	0.838867	0.00132882	0.00265764	0	5.75795
1.1907	0.839844	0.00132581	0.00265162	0	2.67962
1.18931	0.84082	0.0013228	0.00264561	0	1.55444
1.18794	0.841797	0.00131981	0.00263961	0	2.33291
1.18656	0.842773	0.00131682	0.00263363	0	5.85506
1.18519	0.84375	0.00131383	0.00262766	0	5.88652
1.18382	0.844727	0.00131085	0.0026217	0	5.30508
1.18245	0.845703	0.00130788	0.00261576	0	5.78183
1.18108	0.84668	0.00130491	0.00260983	0	1.43194
1.17972	0.847656	0.00130195	0.00260391	0	0.549667
1.17837	0.848633	0.001299	0.002598	0	1.42823
1.17701	0.849609	0.00129605	0.00259211	0	1.97529
1.17566	0.850586	0.00129311	0.00258623	0	1.09809
1.17431	0.851563	0.00129018	0.00258036	0	3.81449
1.17297	0.852539	0.00128725	0.00257451	0	2.59864
1.17162	0.853516	0.00128433	0.00256867	0	5.12929
1.17029	0.854492	0.00128142	0.00256284	0	1.16321
1.16895	0.855469	0.00127851	0.00255702	0	4.41002
1.16762	0.856445	0.00127561	0.00255122	0	1.5102
1.16629	0.857422	0.00127272	0.00254543	0	3.60792
1.16496	0.858398	0.00126983	0.00253966	0	2.19275
1.16364	0.859375	0.00126695	0.0025339	0	0.357918
1.16232	0.860352	0.00126407	0.00252815	0	1.43768
1.161	0.861328	0.0012612	0.00252241	0	4.17268
1.15968	0.862305	0.00125834	0.00251669	0	3.12431
1.15837	0.863281	0.00125549	0.00251098	0	3.26107
1.15706	0.864258	0.00125264	0.00250528	0	1.0978
1.15576	0.865234	0.0012498	0.00249959	0	3.58591
1.15445	0.866211	0.00124696	0.00249392	0	6.26279
1.15315	0.867188	0.00124413	0.00248826	0	5.13233
1.15186	0.868164	0.00124131	0.00248262	0	3.73455
1.15056	0.869141	0.00123849	0.00247699	0	6.13232
1.14927	0.870117	0.00123568	0.00247137	0	5.66468
1.14798	0.871094	0.00123288	0.00246576	0	3.74232
1.1467	0.87207	0.00123009	0.00246017	0	0.203741
1.14541	0.873047	0.0012273	0.00245459	0	0.587962
1.14413	0.874023	0.00122451	0.00244902	0	0.410743
1.14286	0.875	0.00122174	0.00244347	0	2.83832
1.14158	0.875977	0.00121897	0.00243793	0	2.35893
1.14031	0.876953	0.0012162	0.0024324	0	6.12831
1.13904	0.87793	0.00121345	0.00242689	0	1.05547
1.13778	0.878906	0.00121069	0.00242139	0	6.1122
1.13651	0.879883	0.00120795	0.0024159	0	4.82219
1.13525	0.880859	0.00120521	0.00241043	0	5.17884
1.134	0.881836	0.00120248	0.00240497	0	3.97484
1.13274	0.882813	0.00119976	0.00239952	0	4.20177
1.13149	0.883789	0.00119704	0.00239408	0	2.99634
1.13024	0.884766	0.00119433	0.00238866	0	0.0825382
1.129	0.885742	0.00119162	0.00238325	0	2.218
1.12775	0.886719	0.00118893	0.00237785	0	3.09178
1.12651	0.887695	0.00118624	0.00237247	0	4.5873
1.12527	0.888672	0.00118355	0.0023671	0	2.94448
1.12404	0.889648	0.00118087	0.00236174	0	2.87396
1.12281	0.890625	0.0011782	0.0023564	0	0.864961
1.12158	0.891602	0.00117553	0.00235107	0	0.0684159
1.12035	0.892578	0.00117288	0.00234575	0	4.7644
1.11913	0.893555	0.00117022	0.00234045	0	2.01032
1.1179	0.894531	0.00116758	0.00233515	0	6.18506
1.11668	0.895508	0.00116494	0.00232987	0	1.38377
1.11547	0.896484	0.0011623	0.00232461	0	2.12817
1.11425	0.897461	0.00115968	0.00231936	0	3.29174
1.11304	0.898438	0.00115706	0.00231412	0	4.74312
1.11183	0.899414	0.00115444	0.00230889	0	2.9145
1.11063	0.900391	0.00115184	0.00230367	0	0.784283
1.10943	0.901367	0.00114924	0.00229847	0	1.9635
1.10823	0.902344	0.00114664	0.00229328	0	3.16999
1.10703	0.90332	0.00114405	0.00228811	0	4.23392
1.10583	0.904297	0.00114147	0.00228295	0	4.83899
1.10464	0.905273	0.0011389	0.0022778	0	0.818924
1.10345	0.90625	0.00113633	0.00227266	0	0.14398
1.10226	0.907227	0.00113377	0.00226754	0	3.26149
1.10108	0.908203	0.00113121	0.00226242	0	5.08931
1.09989	0.90918	0.00112866	0.00225733	0	0.0791918
1.09871	0.910156	0.00112612	0.00225224	0	4.22525
1.09753	0.911133	0.00112358	0.00224717	0	4.31534
1.09636	0.912109	0.00112105	0.00224211	0	2.8227
1.09519	0.913086	0.00111853	0.00223706	0	5.74779
1.09402	0.914063	0.00111601	0.00223202	0	4.04864
1.09285	0.915039	0.0011135	0.002227	0	0.0329229
1.09168	0.916016	0.001111	0.00222199	0	3.04375
1.09052	0.916992	0.0011085	0.002217	0	5.39925
1.08936	0.917969	0.00110601	0.00221201	0	5.21755
1.0882	0.918945	0.00110352	0.00220704	0	4.07876
1.08705	0.919922	0.00110104	0.00220208	0	4.23297
1.0859	0.920898	0.00109857	0.00219714	0	3.63482
1.08475	0.921875	0.0010961	0.0021922	0	1.72235
1.0836	0.922852	0.00109364	0.00218728	0	3.52191
1.08245	0.923828	0.00109119	0.00218237	0	4.2206
1.08131	0.924805	0.00108874	0.00217748	0	2.21438
1.08017	0.925781	0.0010863	0.00217259	0	5.37733
1.07903	0.926758	0.00108386	0.00216772	0	1.22546
1.07789	0.927734	0.00108143	0.00216287	0	4.69556
1.07676	0.928711	0.00107901	0.00215802	0	1.81963
1.07563	0.929688	0.00107659	0.00215319	0	4.86192
1.0745	0.930664	0.00107418	0.00214837	0	2.68755
1.07338	0.931641	0.00107178	0.00214356	0	5.07492
1.07225	0.932617	0.00106938	0.00213876	0	2.22133
1.07113	0.933594	0.00106699	0.00213398	0	1.34267
1.07001	0.93457	0.0010646	0.0021292	0	4.82099
1.06889	0.935547	0.00106222	0.00212445	0	1.93925
1.06778	0.936523	0.00105985	0.0021197	0	4.60711
1.06667	0.9375	0.00105748	0.00211496	0	4.67766
1.06556	0.938477	0.00105512	0.00211024	0	1.39108
1.06445	0.939453	0.00105277	0.00210553	0	1.34531
1.06334	0.94043	0.00105042	0.00210083	0	1.25003
1.06224	0.941406	0.00104807	0.00209615	0	0.895469
1.06114	0.942383	0.00104574	0.00209147	0	2.36928
1.06004	0.943359	0.00104341	0.00208681	0	0.167308
1.05895	0.944336	0.00104108	0.00208216	0	0.696933
1.05785	0.945313	0.00103876	0.00207753	0	4.23841
1.05676	0.946289	0.00103645	0.0020729	0	5.02514
1.05567	0.947266	0.00103414	0.00206829	0	0.505982
1.05458	0.948242	0.00103184	0.00206369	0	1.45583
1.0535	0.949219	0.00102955	0.0020591	0	1.30455
1.05242	0.950195	0.00102726	0.00205452	0	5.76378
1.05133	0.951172	0.00102498	0.00204996	0	4.46932
1.05026	0.952148	0.0010227	0.0020454	0	3.48016
1.04918	0.953125	0.00102043	0.00204086	0	1.91334
1.04811	0.954102	0.00101817	0.00203633	0	5.24554
1.04703	0.955078	0.00101591	0.00203181	0	2.73511
1.04597	0.956055	0.00101365	0.00202731	0	5.80225
1.0449	0.957031	0.00101141	0.00202281	0	4.43625
1.04383	0.958008	0.00100917	0.00201833	0	3.00356
1.04277	0.958984	0.00100693	0.00201386	0	0.793001
1.04171	0.959961	0.0010047	0.0020094	0	6.13266
1.04065	0.960938	0.00100248	0.00200496	0	1.00426
1.03959	0.961914	0.00100026	0.00200052	0	1.27299
1.03854	0.962891	0.000998049	0.0019961	0	2.70919
1.03749	0.963867	0.000995843	0.00199169	0	2.53968
1.03644	0.964844	0.000993643	0.00198729	0	0.922067
1.03539	0.96582	0.000991448	0.0019829	0	4.58245
1.03434	0.966797	0.00098926	0.00197852	0	1.18592
1.0333	0.967773	0.000987077	0.00197415	0	4.04572
1.03226	0.96875	0.0009849	0.0019698	0	4.73944
1.03122	0.969727	0.000982729	0.00196546	0	1.32407
1.03018	0.970703	0.000980563	0.00196113	0	3.77591
1.02915	0.97168	0.000978403	0.00195681	0	4.70566
1.02811	0.972656	0.000976249	0.0019525	0	4.01005
1.02708	0.973633	0.000974101	0.0019482	0	3.75186
1.02605	0.974609	0.000971958	0.00194392	0	1.85657
1.02503	0.975586	0.000969821	0.00193964	0	4.59682
1.024	0.976563	0.00096769	0.00193538	0	5.93955
1.02298	0.977539	0.000965564	0.00193113	0	2.67388
1.02196	0.978516	0.000963444	0.00192689	0	4.91459
1.02094	0.979492	0.000961329	0.00192266	0	0.352745
1.01992	0.980469	0.000959221	0.00191844	0	5.24817
1.01891	0.981445	0.000957117	0.00191423	0	1.20794
1.01789	0.982422	0.00095502	0.00191004	0	2.48247
1.01688	0.983398	0.000952928	0.00190586	0	1.88546
1.01587	0.984375	0.000950841	0.00190168	0	0.503306
1.01487	0.985352	0.00094876	0.00189752	0	5.68396
1.01386	0.986328	0.000946685	0.00189337	0	2.32575
1.01286	0.987305	0.000944615	0.00188923	0	3.33447
1.01186	0.988281	0.00094255	0.0018851	0	3.10462
1.01086	0.989258	0.000940491	0.00188098	0	0.830393
1.00986	0.990234	0.000938438	0.00187688	0	1.29719
1.00887	0.991211	0.00093639	0.00187278	0	0.478708
1.00787	0.992188	0.000934347	0.00186869	0	3.19137
1.00688	0.993164	0.00093231	0.00186462	0	1.64336
1.00589	0.994141	0.000930278	0.00186056	0	2.24348
1.00491	0.995117	0.000928252	0.0018565	0	0.678994
1.00392	0.996094	0.000926231	0.00185246	0	4.94833
1.00294	0.99707	0.000924216	0.00184843	0	0.669686
1.00196	0.998047	0.000922206	0.00184441	0	6.19339
1.00098	0.999023	0.000920201	0.0018404	0	1.11314
1	1	0.000918202	0.0018364	0	3.59653
0.999024	1.00098	0.000916208	0.00183242	0	0.281772
0.998051	1.00195	0.000914219	0.00182844	0	4.9456
0.997079	1.00293	0.000912235	0.00182447	0	1.19133
0.996109	1.00391	0.000910257	0.00182051	0	3.31692
0.995141	1.00488	0.000908284	0.00181657	0	4.65004
0.994175	1.00586	0.000906317	0.00181263	0	0.942047
0.99321	1.00684	0.000904354	0.00180871	0	3.46258
0.992248	1.00781	0.000902397	0.00180479	0	1.36105
0.991288	1.00879	0.000900446	0.00180089	0	4.77017
0.990329	1.00977	0.000898499	0.001797	0	4.54221
0.989372	1.01074	0.000896557	0.00179311	0	1.10929
0.988417	1.01172	0.000894621	0.00178924	0	5.4159
0.987464	1.0127	0.00089269	0.00178538	0	0.124251
0.986513	1.01367	0.000890764	0.00178153	0	5.40503
0.985563	1.01465	0.000888844	0.00177769	0	3.5117
0.984615	1.01563	0.000886928	0.00177386	0	2.53351
0.98367	1.0166	0.000885017	0.00177003	0	4.76735
0.982726	1.01758	0.000883112	0.00176622	0	4.5046
0.981783	1.01855	0.000881212	0.00176242	0	6.20355
0.980843	1.01953	0.000879317	0.00175863	0	1.74726
0.979904	1.02051	0.000877426	0.00175485	0	0.0238363
0.978967	1.02148	0.000875541	0.00175108	0	5.86788
0.978032	1.02246	0.000873661	0.00174732	0	5.39033
0.977099	1.02344	0.000871786	0.00174357	0	4.57951
0.976168	1.02441	0.000869916	0.00173983	0	3.24645
0.975238	1.02539	0.000868051	0.0017361	0	4.44194
0.97431	1.02637	0.000866191	0.00173238	0	4.90421
0.973384	1.02734	0.000864336	0.00172867	0	2.35542
0.97246	1.02832	0.000862486	0.00172497	0	4.84008
0.971537	1.0293	0.000860641	0.00172128	0	4.71631
0.970616	1.03027	0.000858801	0.0017176	0	3.85292
0.969697	1.03125	0.000856966	0.00171393	0	2.525
0.96878	1.03223	0.000855136	0.00171027	0	4.38132
0.967864	1.0332	0.00085331	0.00170662	0	0.0195587
0.96695	1.03418	0.00085149	0.00170298	0	4.86882
0.966038	1.03516	0.000849674	0.00169935	0	5.63235
0.965127	1.03613	0.000847863	0.00169573	0	1.50366
0.964218	1.03711	0.000846057	0.00169211	0	0.758803
0.963311	1.03809	0.000844256	0.00168851	0	1.38409
0.962406	1.03906	0.00084246	0.00168492	0	1.89813
0.961502	1.04004	0.000840668	0.00168134	0	5.54823
0.9606	1.04102	0.000838882	0.00167776	0	3.41282
0.9597	1.04199	0.0008371	0.0016742	0	1.80146
0.958801	1.04297	0.000835323	0.00167065	0	0.869308
0.957905	1.04395	0.00083355	0.0016671	0	1.82303
0.957009	1.04492	0.000831783	0.00166357	0	3.85707
0.956116	1.0459	0.00083002	0.00166004	0	2.03662
0.955224	1.04688	0.000828261	0.00165652	0	2.87368
0.954334	1.04785	0.000826508	0.00165302	0	2.79047
0.953445	1.04883	0.000824759	0.00164952	0	5.20333
0.952558	1.0498	0.000823015	0.00164603	0	2.67882
0.951673	1.05078	0.000821276	0.00164255	0	2.17209
0.950789	1.05176	0.000819541	0.00163908	0	4.24097
0.949907	1.05273	0.000817811	0.00163562	0	1.39161
0.949027	1.05371	0.000816085	0.00163217	0	2.93579
0.948148	1.05469	0.000814364	0.00162873	0	1.97773
0.947271	1.05566	0.000812648	0.0016253	0	3.93865
0.946396	1.05664	0.000810936	0.00162187	0	5.51262
0.945522	1.05762	0.000809229	0.00161846	0	2.81291
0.944649	1.05859	0.000807526	0.00161505	0	4.92889
0.943779	1.05957	0.000805828	0.00161166	0	2.8712
0.94291	1.06055	0.000804135	0.00160827	0	4.12321
0.942042	1.06152	0.000802446	0.00160489	0	0.828381
0.941176	1.0625	0.000800761	0.00160152	0	2.7205
0.940312	1.06348	0.000799082	0.00159816	0	5.71338
0.93945	1.06445	0.000797406	0.00159481	0	3.80434
0.938588	1.06543	0.000795735	0.00159147	0	4.81779
0.937729	1.06641	0.000794069	0.00158814	0	3.17113
0.936871	1.06738	0.000792406	0.00158481	0	3.12938
0.936015	1.06836	0.000790749	0.0015815	0	5.2961
0.93516	1.06934	0.000789096	0.00157819	0	0.426044
0.934307	1.07031	0.000787447	0.00157489	0	3.60198
0.933455	1.07129	0.000785802	0.0015716	0	5.92355
0.932605	1.07227	0.000784162	0.00156832	0	3.25381
0.931756	1.07324	0.000782527	0.00156505	0	1.22186
0.930909	1.07422	0.000780895	0.00156179	0	5.32776
0.930064	1.0752	0.000779268	0.00155854	0	1.5811
0.92922	1.07617	0.000777646	0.00155529	0	4.40279
0.928377	1.07715	0.000776028	0.00155206	0	3.39456
0.927536	1.07813	0.000774414	0.00154883	0	5.96171
0.926697	1.0791	0.000772804	0.00154561	0	3.92282
0.925859	1.08008	0.000771199	0.0015424	0	5.26517
0.925023	1.08105	0.000769597	0.00153919	0	0.0498437
0.924188	1.08203	0.000768001	0.001536	0	6.21621
0.923354	1.08301	0.000766408	0.00153282	0	0.488295
0.922523	1.08398	0.00076482	0.00152964	0	2.024
0.921692	1.08496	0.000763236	0.00152647	0	5.94485
0.920863	1.08594	0.000761656	0.00152331	0	0.056166
0.920036	1.08691	0.00076008	0.00152016	0	5.16937
0.91921	1.08789	0.000758509	0.00151702	0	5.41115
0.918386	1.08887	0.000756941	0.00151388	0	2.76354
0.917563	1.08984	0.000755378	0.00151076	0	1.60689
0.916741	1.09082	0.000753819	0.00150764	0	5.04345
0.915921	1.0918	0.000752264	0.00150453	0	3.0025
0.915103	1.09277	0.000750713	0.00150143	0	0.844074
0.914286	1.09375	0.000749167	0.00149833	0	5.82985
0.91347	1.09473	0.000747624	0.00149525	0	5.62955
0.912656	1.0957	0.000746086	0.00149217	0	3.08847
0.911843	1.09668	0.000744552	0.0014891	0	5.38282
0.911032	1.09766	0.000743021	0.00148604	0	2.63
0.910222	1.09863	0.000741495	0.00148299	0	4.29434
0.909414	1.09961	0.000739973	0.00147995	0	2.50065
0.908607	1.10059	0.000738455	0.00147691	0	3.17767
0.907801	1.10156	0.000736941	0.00147388	0	1.19099
0.906997	1.10254	0.000735431	0.00147086	0	6.0632
0.906195	1.10352	0.000733925	0.00146785	0	1.84861
0.905393	1.10449	0.000732423	0.00146485	0	0.650056
0.904594	1.10547	0.000730925	0.00146185	0	0.90676
0.903795	1.10645	0.00072943	0.00145886	0	0.0885445
0.902998	1.10742	0.00072794	0.00145588	0	4.49842
0.902203	1.1084	0.000726454	0.00145291	0	3.54685
0.901408	1.10938	0.000724972	0.00144994	0	4.99248
0.900616	1.11035	0.000723493	0.00144699	0	3.18608
0.899824	1.11133	0.000722019	0.00144404	0	4.97516
0.899034	1.1123	0.000720548	0.0014411	0	4.37162
0.898246	1.11328	0.000719082	0.00143816	0	4.88737
0.897458	1.11426	0.000717619	0.00143524	0	2.55401
0.896673	1.11523	0.00071616	0.00143232	0	4.07006
0.895888	1.11621	0.000714705	0.00142941	0	1.12968
0.895105	1.11719	0.000713254	0.00142651	0	2.02205
0.894323	1.11816	0.000711806	0.00142361	0	1.08451
0.893543	1.11914	0.000710362	0.00142072	0	2.56754
0.892764	1.12012	0.000708923	0.00141785	0	1.51688
0.891986	1.12109	0.000707487	0.00141497	0	2.55677
0.89121	1.12207	0.000706054	0.00141211	0	6.1275
0.890435	1.12305	0.000704626	0.00140925	0	2.01263
0.889661	1.12402	0.000703201	0.0014064	0	6.17317
0.888889	1.125	0.00070178	0.00140356	0	3.99803
0.888118	1.12598	0.000700363	0.00140073	0	2.35677
0.887348	1.12695	0.00069895	0.0013979	0	5.38773
0.88658	1.12793	0.00069754	0.00139508	0	3.89298
0.885813	1.12891	0.000696134	0.00139227	0	1.58357
0.885048	1.12988	0.000694732	0.00138946	0	4.98166
0.884283	1.13086	0.000693333	0.00138667	0	2.72023
0.88352	1.13184	0.000691938	0.00138388	0	2.24631
0.882759	1.13281	0.000690547	0.00138109	0	2.07519
0.881998	1.13379	0.000689159	0.00137832	0	4.3817
0.881239	1.13477	0.000687775	0.00137555	0	1.68798
0.880482	1.13574	0.000686395	0.00137279	0	5.07856
0.879725	1.13672	0.000685018	0.00137004	0	1.85535
0.87897	1.1377	0.000683645	0.00136729	0	3.41882
0.878216	1.13867	0.000682275	0.00136455	0	3.0657
0.877464	1.13965	0.000680909	0.00136182	0	5.37436
0.876712	1.14063	0.000679547	0.00135909	0	5.5819
0.875962	1.1416	0.000678188	0.00135638	0	1.15852
0.875214	1.14258	0.000676833	0.00135367	0	3.67785
0.874466	1.14355	0.000675481	0.00135096	0	5.64359
0.87372	1.14453	0.000674133	0.00134827	0	2.80304
0.872975	1.14551	0.000672788	0.00134558	0	5.79227
0.872232	1.14648	0.000671447	0.00134289	0	1.75295
0.871489	1.14746	0.000670109	0.00134022	0	3.8254
0.870748	1.14844	0.000668775	0.00133755	0	4.28798
0.870008	1.14941	0.000667445	0.00133489	0	1.43386
0.86927	1.15039	0.000666117	0.00133223	0	0.0865038
0.868533	1.15137	0.000664794	0.00132959	0	2.61835
0.867797	1.15234	0.000663473	0.00132695	0	5.89666
0.867062	1.15332	0.000662157	0.00132431	0	2.15531
0.866328	1.1543	0.000660843	0.00132169	0	4.89928
0.865596	1.15527	0.000659533	0.00131907	0	1.0979
0.864865	1.15625	0.000658227	0.00131645	0	2.14855
0.864135	1.15723	0.000656923	0.00131385	0	0.908534
0.863406	1.1582	0.000655624	0.00131125	0	4.5036
0.862679	1.15918	0.000654327	0.00130865	0	4.39388
0.861953	1.16016	0.000653034	0.00130607	0	4.32596
0.861228	1.16113	0.000651745	0.00130349	0	1.59213
0.860504	1.16211	0.000650458	0.00130092	0	4.35023
0.859782	1.16309	0.000649175	0.00129835	0	1.42815
0.85906	1.16406	0.000647896	0.00129579	0	2.66815
0.85834	1.16504	0.000646619	0.00129324	0	2.33686
0.857621	1.16602	0.000645346	0.00129069	0	2.23247
0.856904	1.16699	0.000644077	0.00128815	0	0.362256
0.856187	1.16797	0.00064281	0.00128562	0	3.96875
0.855472	1.16895	0.000641547	0.00128309	0	4.4442
0.854758	1.16992	0.000640287	0.00128057	0	3.85529
0.854045	1.1709	0.000639031	0.00127806	0	4.07347
0.853333	1.17188	0.000637777	0.00127555	0	1.06777
0.852623	1.17285	0.000636527	0.00127305	0	0.939002
0.851913	1.17383	0.000635281	0.00127056	0	3.23066
0.851205	1.1748	0.000634037	0.00126807	0	5.49988
0.850498	1.17578	0.000632796	0.00126559	0	1.15581
0.849793	1.17676	0.000631559	0.00126312	0	2.9081
0.849088	1.17773	0.000630325	0.00126065	0	2.69506
0.848384	1.17871	0.000629094	0.00125819	0	3.12456
0.847682	1.17969	0.000627867	0.00125573	0	1.0148
0.846981	1.18066	0.000626642	0.00125328	0	2.15162
0.846281	1.18164	0.000625421	0.00125084	0	1.64544
0.845582	1.18262	0.000624203	0.00124841	0	5.30632
0.844884	1.18359	0.000622988	0.00124598	0	5.02864
0.844188	1.18457	0.000621776	0.00124355	0	2.68065
0.843493	1.18555	0.000620567	0.00124113	0	3.81399
0.842798	1.18652	0.000619361	0.00123872	0	0.913987
0.842105	1.1875	0.000618159	0.00123632	0	3.20199
0.841413	1.18848	0.000616959	0.00123392	0	1.86577
0.840722	1.18945	0.000615763	0.00123153	0	5.40135
0.840033	1.19043	0.000614569	0.00122914	0	4.21978
0.839344	1.19141	0.000613379	0.00122676	0	3.98023
0.838657	1.19238	0.000612192	0.00122438	0	0.783836
0.837971	1.19336	0.000611008	0.00122202	0	2.95679
0.837285	1.19434	0.000609827	0.00121965	0	6.19882
0.836601	1.19531	0.000608649	0.0012173	0	5.95834
0.835918	1.19629	0.000607473	0.00121495	0	4.05319
0.835237	1.19727	0.000606301	0.0012126	0	0.953315
0.834556	1.19824	0.000605132	0.00121026	0	4.01575
0.833876	1.19922	0.000603966	0.00120793	0	3.55416
0.833198	1.2002	0.000602803	0.00120561	0	2.94471
0.83252	1.20117	0.000601643	0.00120329	0	2.68944
0.831844	1.20215	0.000600486	0.00120097	0	3.76532
0.831169	1.20313	0.000599331	0.00119866	0	5.34052
0.830495	1.2041	0.00059818	0.00119636	0	4.71943
0.829822	1.20508	0.000597032	0.00119406	0	3.64023
0.82915	1.20605	0.000595886	0.00119177	0	5.81009
0.828479	1.20703	0.000594744	0.00118949	0	0.406773
0.827809	1.20801	0.000593604	0.00118721	0	6.22881
0.827141	1.20898	0.000592468	0.00118494	0	0.332975
0.826473	1.20996	0.000591334	0.00118267	0	1.25347
0.825806	1.21094	0.000590203	0.00118041	0	2.65623
0.825141	1.21191	0.000589075	0.00117815	0	0.675498
0.824477	1.21289	0.00058795	0.0011759	0	3.91864
0.823813	1.21387	0.000586828	0.00117366	0	0.301546
0.823151	1.21484	0.000585708	0.00117142	0	1.78834
0.82249	1.21582	0.000584592	0.00116918	0	0.383505
0.82183	1.2168	0.000583478	0.00116696	0	4.42034
0.821171	1.21777	0.000582367	0.00116473	0	4.20003
0.820513	1.21875	0.000581259	0.00116252	0	2.37869
0.819856	1.21973	0.000580154	0.00116031	0	1.18246
0.8192	1.2207	0.000579051	0.0011581	0	4.69357
0.818545	1.22168	0.000577951	0.0011559	0	2.13867
0.817891	1.22266	0.000576854	0.00115371	0	4.99702
0.817239	1.22363	0.00057576	0.00115152	0	3.06557
0.816587	1.22461	0.000574669	0.00114934	0	3.30288
0.815936	1.22559	0.00057358	0.00114716	0	0.179013
0.815287	1.22656	0.000572494	0.00114499	0	4.04783
0.814638	1.22754	0.000571411	0.00114282	0	2.20324
0.81399	1.22852	0.000570331	0.00114066	0	1.44014
0.813344	1.22949	0.000569253	0.00113851	0	2.72617
0.812698	1.23047	0.000568178	0.00113636	0	2.40311
0.812054	1.23145	0.000567106	0.00113421	0	2.95177
0.81141	1.23242	0.000566036	0.00113207	0	6.15428
0.810768	1.2334	0.00056497	0.00112994	0	2.28945
0.810127	1.23438	0.000563905	0.00112781	0	4.86576
0.809486	1.23535	0.000562844	0.00112569	0	3.47314
0.808847	1.23633	0.000561785	0.00112357	0	5.58658
0.808208	1.2373	0.000560729	0.00112146	0	2.23023
0.807571	1.23828	0.000559675	0.00111935	0	1.54264
0.806935	1.23926	0.000558625	0.00111725	0	5.7241
0.806299	1.24023	0.000557576	0.00111515	0	0.273534
0.805665	1.24121	0.000556531	0.00111306	0	5.97376
0.805031	1.24219	0.000555488	0.00111098	0	3.49601
0.804399	1.24316	0.000554448	0.0011089	0	2.36476
0.803768	1.24414	0.00055341	0.00110682	0	6.2521
0.803137	1.24512	0.000552375	0.00110475	0	0.366703
0.802508	1.24609	0.000551342	0.00110268	0	3.24656
0.801879	1.24707	0.000550312	0.00110062	0	0.195389
0.801252	1.24805	0.000549285	0.00109857	0	3.5888
0.800625	1.24902	0.00054826	0.00109652	0	1.13392
0.8	1.25	0.000547238	0.00109448	0	3.96443
0.799375	1.25098	0.000546218	0.00109244	0	6.16333
0.798752	1.25195	0.000545201	0.0010904	0	5.49717
0.798129	1.25293	0.000544186	0.00108837	0	2.83897
0.797508	1.25391	0.000543174	0.00108635	0	4.45139
0.796887	1.25488	0.000542165	0.00108433	0	4.88498
0.796267	1.25586	0.000541157	0.00108231	0	3.10919
0.795649	1.25684	0.000540153	0.00108031	0	3.32087
0.795031	1.25781	0.000539151	0.0010783	0	0.947406
0.794414	1.25879	0.000538151	0.0010763	0	2.32101
0.793798	1.25977	0.000537154	0.00107431	0	0.893602
0.793184	1.26074	0.00053616	0.00107232	0	4.56721
0.79257	1.26172	0.000535168	0.00107034	0	2.99716
0.791957	1.2627	0.000534178	0.00106836	0	2.82039
0.791345	1.26367	0.000533191	0.00106638	0	5.56689
0.790734	1.26465	0.000532206	0.00106441	0	3.31513
0.790123	1.26563	0.000531224	0.00106245	0	2.57039
0.789514	1.2666	0.000530244	0.00106049	0	1.6895
0.788906	1.26758	0.000529266	0.00105853	0	0.452465
0.788299	1.26855	0.000528291	0.00105658	0	2.62723
0.787692	1.26953	0.000527319	0.00105464	0	0.161814
0.787087	1.27051	0.000526348	0.0010527	0	1.82937
0.786482	1.27148	0.000525381	0.00105076	0	3.16364
0.785879	1.27246	0.000524415	0.00104883	0	6.06914
0.785276	1.27344	0.000523452	0.0010469	0	0.687273
0.784674	1.27441	0.000522492	0.00104498	0	4.22884
0.784074	1.27539	0.000521533	0.00104307	0	3.14117
0.783474	1.27637	0.000520577	0.00104115	0	4.88265
0.782875	1.27734	0.000519624	0.00103925	0	0.902309
0.782277	1.27832	0.000518673	0.00103735	0	0.522778
0.781679	1.2793	0.000517724	0.00103545	0	2.50836
0.781083	1.28027	0.000516777	0.00103355	0	5.00746
0.780488	1.28125	0.000515833	0.00103167	0	1.20433
0.779893	1.28223	0.000514891	0.00102978	0	4.82409
0.7793	1.2832	0.000513951	0.0010279	0	1.824
0.778707	1.28418	0.000513014	0.00102603	0	1.36277
0.778116	1.28516	0.000512079	0.00102416	0	0.105027
0.777525	1.28613	0.000511146	0.00102229	0	2.50485
0.776935	1.28711	0.000510216	0.00102043	0	2.39441
0.776346	1.28809	0.000509288	0.00101858	0	4.14279
0.775758	1.28906	0.000508362	0.00101672	0	0.445593
0.77517	1.29004	0.000507439	0.00101488	0	0.958839
0.774584	1.29102	0.000506517	0.00101303	0	0.104149
0.773998	1.29199	0.000505598	0.0010112	0	0.715004
0.773414	1.29297	0.000504681	0.00100936	0	4.09531
0.77283	1.29395	0.000503767	0.00100753	0	2.52997
0.772247	1.29492	0.000502855	0.00100571	0	2.01707
0.771665	1.2959	0.000501944	0.00100389	0	3.50546
0.771084	1.29688	0.000501037	0.00100207	0	6.2421
0.770504	1.29785	0.000500131	0.00100026	0	5.24323
0.769925	1.29883	0.000499227	0.000998455	0	4.39586
0.769346	1.2998	0.000498326	0.000996652	0	5.76959
0.768769	1.30078	0.000497427	0.000994854	0	0.249623
0.768192	1.30176	0.00049653	0.00099306	0	0.441918
0.767616	1.30273	0.000495635	0.000991271	0	2.97827
0.767041	1.30371	0.000494743	0.000989486	0	2.19388
0.766467	1.30469	0.000493853	0.000987705	0	5.88893
0.765894	1.30566	0.000492964	0.000985929	0	3.07603
0.765321	1.30664	0.000492078	0.000984157	0	3.39072
0.76475	1.30762	0.000491194	0.000982389	0	5.62509
0.764179	1.30859	0.000490313	0.000980626	0	2.80629
0.763609	1.30957	0.000489433	0.000978866	0	5.51057
0.76304	1.31055	0.000488556	0.000977111	0	1.5933
0.762472	1.31152	0.00048768	0.000975361	0	1.7204
0.761905	1.3125	0.000486807	0.000973614	0	2.06316
0.761338	1.31348	0.000485936	0.000971872	0	3.44045
0.760773	1.31445	0.000485067	0.000970134	0	1.38311
0.760208	1.31543	0.0004842	0.0009684	0	4.21871
0.759644	1.31641	0.000483335	0.00096667	0	0.897197
0.759081	1.31738	0.000482473	0.000964945	0	0.591249
0.758519	1.31836	0.000481612	0.000963224	0	5.46758
0.757957	1.31934	0.000480753	0.000961507	0	1.48829
0.757396	1.32031	0.000479897	0.000959794	0	2.42533
0.756837	1.32129	0.000479042	0.000958085	0	3.5911
0.756278	1.32227	0.00047819	0.00095638	0	3.30371
0.75572	1.32324	0.00047734	0.000954679	0	0.477672
0.755162	1.32422	0.000476491	0.000952983	0	5.4923
0.754606	1.3252	0.000475645	0.00095129	0	5.97616
0.75405	1.32617	0.000474801	0.000949602	0	5.10513
0.753495	1.32715	0.000473959	0.000947917	0	1.78318
0.752941	1.32813	0.000473119	0.000946237	0	3.31656
0.752388	1.3291	0.00047228	0.000944561	0	2.13262
0.751836	1.33008	0.000471444	0.000942888	0	3.48508
0.751284	1.33105	0.00047061	0.00094122	0	6.12236
0.750733	1.33203	0.000469778	0.000939556	0	1.95849
0.750183	1.33301	0.000468948	0.000937896	0	4.20217
0.749634	1.33398	0.00046812	0.000936239	0	2.04811
0.749086	1.33496	0.000467293	0.000934587	0	4.86618
0.748538	1.33594	0.000466469	0.000932939	0	2.04712
0.747991	1.33691	0.000465647	0.000931294	0	5.59095
0.747445	1.33789	0.000464827	0.000929654	0	4.72312
0.7469	1.33887	0.000464008	0.000928017	0	4.79176
0.746356	1.33984	0.000463192	0.000926384	0	2.94982
0.745812	1.34082	0.000462378	0.000924755	0	1.32427
0.745269	1.3418	0.000461565	0.00092313	0	0.260596
0.744727	1.34277	0.000460755	0.000921509	0	2.02211
0.744186	1.34375	0.000459946	0.000919892	0	0.233186
0.743646	1.34473	0.000459139	0.000918279	0	4.35962
0.743106	1.3457	0.000458335	0.000916669	0	4.21193
0.742567	1.34668	0.000457532	0.000915063	0	2.70473
0.742029	1.34766	0.000456731	0.000913462	0	4.82416
0.741492	1.34863	0.000455932	0.000911863	0	3.36784
0.740955	1.34961	0.000455135	0.000910269	0	0.250447
0.740419	1.35059	0.000454339	0.000908679	0	0.84693
0.739884	1.35156	0.000453546	0.000907092	0	1.21527
0.73935	1.35254	0.000452754	0.000905509	0	2.10904
0.738817	1.35352	0.000451965	0.00090393	0	0.328692
0.738284	1.35449	0.000451177	0.000902354	0	3.80206
0.737752	1.35547	0.000450391	0.000900782	0	3.21737
0.737221	1.35645	0.000449607	0.000899214	0	3.87962
0.736691	1.35742	0.000448825	0.00089765	0	2.71657
0.736161	1.3584	0.000448045	0.000896089	0	5.32626
0.735632	1.35938	0.000447266	0.000894532	0	2.85294
0.735104	1.36035	0.000446489	0.000892979	0	0.0967832
0.734577	1.36133	0.000445715	0.000891429	0	5.48565
0.73405	1.3623	0.000444942	0.000889883	0	4.12304
0.733524	1.36328	0.00044417	0.000888341	0	5.17108
0.732999	1.36426	0.000443401	0.000886802	0	5.98018
0.732475	1.36523	0.000442634	0.000885267	0	0.319892
0.731951	1.36621	0.000441868	0.000883736	0	1.477
0.731429	1.36719	0.000441104	0.000882208	0	0.397999
0.730906	1.36816	0.000440342	0.000880683	0	2.64935
0.730385	1.36914	0.000439581	0.000879163	0	5.4276
0.729865	1.37012	0.000438823	0.000877646	0	0.512859
0.729345	1.37109	0.000438066	0.000876132	0	2.97265
0.728826	1.37207	0.000437311	0.000874622	0	0.788811
0.728307	1.37305	0.000436558	0.000873115	0	4.85618
0.72779	1.37402	0.000435806	0.000871612	0	5.28681
0.727273	1.375	0.000435056	0.000870113	0	0.272005
0.726757	1.37598	0.000434309	0.000868617	0	3.0564
0.726241	1.37695	0.000433562	0.000867125	0	1.50426
0.725726	1.37793	0.000432818	0.000865636	0	5.98457
0.725212	1.37891	0.000432075	0.00086415	0	5.93065
0.724699	1.37988	0.000431334	0.000862668	0	3.85746
0.724187	1.38086	0.000430595	0.000861189	0	6.1166
0.723675	1.38184	0.000429857	0.000859714	0	2.16683
0.723164	1.38281	0.000429121	0.000858243	0	5.64136
0.722653	1.38379	0.000428387	0.000856774	0	2.73064
0.722144	1.38477	0.000427655	0.00085531	0	1.48167
0.721635	1.38574	0.000426924	0.000853848	0	5.9114
0.721127	1.38672	0.000426195	0.00085239	0	4.29907
0.720619	1.3877	0.000425468	0.000850935	0	0.407852
0.720113	1.38867	0.000424742	0.000849484	0	5.46904
0.719606	1.38965	0.000424018	0.000848036	0	4.4069
0.719101	1.39063	0.000423296	0.000846592	0	3.80087
0.718596	1.3916	0.000422575	0.000845151	0	4.60165
0.718093	1.39258	0.000421856	0.000843713	0	1.5924
0.717589	1.39355	0.000421139	0.000842278	0	3.77298
0.717087	1.39453	0.000420424	0.000840847	0	5.1184
0.716585	1.39551	0.00041971	0.000839419	0	0.340006
0.716084	1.39648	0.000418997	0.000837995	0	0.820023
0.715584	1.39746	0.000418287	0.000836573	0	5.29324
0.715084	1.39844	0.000417578	0.000835155	0	3.88518
0.714585	1.39941	0.00041687	0.000833741	0	3.33818
0.714086	1.40039	0.000416165	0.000832329	0	1.56006
0.713589	1.40137	0.00041546	0.000830921	0	1.85403
0.713092	1.40234	0.000414758	0.000829516	0	5.48325
0.712596	1.40332	0.000414057	0.000828114	0	2.64941
0.7121	1.4043	0.000413358	0.000826716	0	0.404827
0.711605	1.40527	0.00041266	0.00082532	0	5.63592
0.711111	1.40625	0.000411964	0.000823928	0	1.27788
0.710618	1.40723	0.00041127	0.00082254	0	5.19134
0.710125	1.4082	0.000410577	0.000821154	0	5.54033
0.709633	1.40918	0.000409886	0.000819771	0	3.05835
0.709141	1.41016	0.000409196	0.000818392	0	3.76026
0.708651	1.41113	0.000408508	0.000817016	0	3.31292
0.70816	1.41211	0.000407821	0.000815643	0	3.92587
0.707671	1.41309	0.000407137	0.000814273	0	5.37239
0.707182	1.41406	0.000406453	0.000812906	0	1.77273
0.706694	1.41504	0.000405771	0.000811543	0	5.5528
0.706207	1.41602	0.000405091	0.000810182	0	3.5669
0.70572	1.41699	0.000404413	0.000808825	0	0.723214
0.705234	1.41797	0.000403735	0.000807471	0	1.42629
0.704749	1.41895	0.00040306	0.00080612	0	3.74467
0.704264	1.41992	0.000402386	0.000804772	0	1.50449
0.70378	1.4209	0.000401713	0.000803427	0	0.825709
0.703297	1.42188	0.000401042	0.000802085	0	1.01692
0.702814	1.42285	0.000400373	0.000800746	0	5.30849
0.702332	1.42383	0.000399705	0.00079941	0	3.78363
0.701851	1.4248	0.000399039	0.000798077	0	6.05427
0.70137	1.42578	0.000398374	0.000796748	0	2.17197
0.70089	1.42676	0.00039771	0.000795421	0	3.74242
0.70041	1.42773	0.000397049	0.000794097	0	3.76354
0.699932	1.42871	0.000396388	0.000792776	0	3.86858
0.699454	1.42969	0.000395729	0.000791459	0	0.371821
0.698976	1.43066	0.000395072	0.000790144	0	4.71438
0.698499	1.43164	0.000394416	0.000788832	0	5.95778
0.698023	1.43262	0.000393762	0.000787524	0	3.35949
0.697548	1.43359	0.000393109	0.000786218	0	1.20987
0.697073	1.43457	0.000392458	0.000784915	0	4.73077
0.696599	1.43555	0.000391808	0.000783615	0	0.0459864
0.696125	1.43652	0.000391159	0.000782318	0	2.06249
0.695652	1.4375	0.000390512	0.000781024	0	5.76549
0.69518	1.43848	0.000389867	0.000779733	0	3.69682
0.694708	1.43945	0.000389223	0.000778445	0	5.37332
0.694237	1.44043	0.00038858	0.00077716	0	3.79927
0.693767	1.44141	0.000387939	0.000775878	0	5.16841
0.693297	1.44238	0.000387299	0.000774598	0	5.52596
0.692828	1.44336	0.000386661	0.000773322	0	2.01682
0.69236	1.44434	0.000386024	0.000772048	0	0.772548
0.691892	1.44531	0.000385389	0.000770777	0	4.53208
0.691425	1.44629	0.000384755	0.000769509	0	2.76678
0.690958	1.44727	0.000384122	0.000768244	0	0.796304
0.690492	1.44824	0.000383491	0.000766982	0	3.70597
0.690027	1.44922	0.000382861	0.000765722	0	0.226624
0.689562	1.4502	0.000382233	0.000764466	0	1.25778
0.689098	1.45117	0.000381606	0.000763212	0	4.95304
0.688635	1.45215	0.000380981	0.000761961	0	0.0760062
0.688172	1.45313	0.000380356	0.000760713	0	1.90598
0.68771	1.4541	0.000379734	0.000759467	0	0.134309
0.687248	1.45508	0.000379112	0.000758225	0	6.26738
0.686787	1.45605	0.000378493	0.000756985	0	3.657
0.686327	1.45703	0.000377874	0.000755748	0	1.84334
0.685867	1.45801	0.000377257	0.000754514	0	5.83676
0.685408	1.45898	0.000376641	0.000753282	0	3.18633
0.68495	1.45996	0.000376027	0.000752054	0	2.85692
0.684492	1.46094	0.000375414	0.000750828	0	3.69371
0.684035	1.46191	0.000374802	0.000749604	0	1.65963
0.683578	1.46289	0.000374192	0.000748384	0	1.91818
0.683122	1.46387	0.000373583	0.000747166	0	2.33517
0.682667	1.46484	0.000372975	0.000745951	0	1.53591
0.682212	1.46582	0.000372369	0.000744739	0	3.67282
0.681758	1.4668	0.000371764	0.000743529	0	4.37213
0.681304	1.46777	0.000371161	0.000742322	0	0.452058
0.680851	1.46875	0.000370559	0.000741118	0	6.1015
0.680399	1.46973	0.000369958	0.000739916	0	4.73168
0.679947	1.4707	0.000369358	0.000738717	0	5.06527
0.679496	1.47168	0.00036876	0.000737521	0	4.7227
0.679045	1.47266	0.000368163	0.000736327	0	0.503038
0.678595	1.47363	0.000367568	0.000735136	0	3.02659
0.678146	1.47461	0.000366974	0.000733948	0	2.80025
0.677697	1.47559	0.000366381	0.000732762	0	4.22527
0.677249	1.47656	0.000365789	0.000731579	0	2.8195
0.676801	1.47754	0.000365199	0.000730398	0	4.42533
0.676354	1.47852	0.00036461	0.00072922	0	4.2829
0.675908	1.47949	0.000364023	0.000728045	0	4.38031
0.675462	1.48047	0.000363436	0.000726872	0	3.88678
0.675016	1.48145	0.000362851	0.000725702	0	0.94864
0.674572	1.48242	0.000362267	0.000724535	0	4.78026
0.674128	1.4834	0.000361685	0.00072337	0	4.90746
0.673684	1.48438	0.000361104	0.000722207	0	5.68065
0.673241	1.48535	0.000360524	0.000721048	0	1.46881
0.672799	1.48633	0.000359945	0.00071989	0	1.11011
0.672357	1.4873	0.000359368	0.000718736	0	2.45735
0.671916	1.48828	0.000358792	0.000717583	0	2.01417
0.671475	1.48926	0.000358217	0.000716434	0	5.12379
0.671035	1.49023	0.000357643	0.000715287	0	3.8549
0.670596	1.49121	0.000357071	0.000714142	0	4.77523
0.670157	1.49219	0.0003565	0.000713	0	2.6871
0.669719	1.49316	0.00035593	0.00071186	0	0.624803
0.669281	1.49414	0.000355362	0.000710723	0	0.722786
0.668844	1.49512	0.000354794	0.000709589	0	2.34619
0.668407	1.49609	0.000354228	0.000708456	0	1.21798
0.667971	1.49707	0.000353663	0.000707327	0	5.1569
0.667536	1.49805	0.0003531	0.0007062	0	3.76762
0.667101	1.49902	0.000352537	0.000705075	0	4.32814
0.666667	1.5	0.000351976	0.000703953	0	3.08573
0.666233	1.50098	0.000351416	0.000702833	0	0.554012
0.6658	1.50195	0.000350858	0.000701716	0	1.47704
0.665367	1.50293	0.0003503	0.000700601	0	2.90033
0.664935	1.50391	0.000349744	0.000699488	0	1.24779
0.664504	1.50488	0.000349189	0.000698378	0	0.160072
0.664073	1.50586	0.000348635	0.00069727	0	4.58294
0.663642	1.50684	0.000348083	0.000696165	0	4.55479
0.663212	1.50781	0.000347531	0.000695062	0	2.07591
0.662783	1.50879	0.000346981	0.000693962	0	5.29983
0.662354	1.50977	0.000346432	0.000692864	0	2.69198
0.661926	1.51074	0.000345884	0.000691768	0	5.43298
0.661499	1.51172	0.000345337	0.000690675	0	4.12846
0.661072	1.5127	0.000344792	0.000689584	0	3.65075
0.660645	1.51367	0.000344248	0.000688495	0	1.26121
0.660219	1.51465	0.000343705	0.000687409	0	3.32724
0.659794	1.51563	0.000343163	0.000686325	0	5.61988
0.659369	1.5166	0.000342622	0.000685244	0	1.91633
0.658945	1.51758	0.000342082	0.000684165	0	5.47231
0.658521	1.51855	0.000341544	0.000683088	0	5.70981
0.658098	1.51953	0.000341007	0.000682014	0	2.07247
0.657675	1.52051	0.000340471	0.000680941	0	4.29188
0.657253	1.52148	0.000339936	0.000679872	0	5.64997
0.656831	1.52246	0.000339402	0.000678804	0	0.475618
0.65641	1.52344	0.000338869	0.000677739	0	5.52033
0.65599	1.52441	0.000338338	0.000676676	0	1.19908
0.65557	1.52539	0.000337808	0.000675615	0	5.33926
0.65515	1.52637	0.000337278	0.000674557	0	4.19163
0.654731	1.52734	0.00033675	0.000673501	0	2.16355
0.654313	1.52832	0.000336223	0.000672447	0	0.951121
0.653895	1.5293	0.000335698	0.000671395	0	3.99215
0.653478	1.53027	0.000335173	0.000670346	0	5.32681
0.653061	1.53125	0.00033465	0.000669299	0	5.16383
0.652645	1.53223	0.000334127	0.000668254	0	3.94735
0.652229	1.5332	0.000333606	0.000667212	0	6.00862
0.651814	1.53418	0.000333086	0.000666171	0	3.7066
0.651399	1.53516	0.000332567	0.000665133	0	1.24302
0.650985	1.53613	0.000332049	0.000664097	0	2.69756
0.650572	1.53711	0.000331532	0.000663064	0	2.11584
0.650159	1.53809	0.000331016	0.000662032	0	6.23257
0.649746	1.53906	0.000330502	0.000661003	0	2.3891
0.649334	1.54004	0.000329988	0.000659976	0	6.23732
0.648923	1.54102	0.000329476	0.000658951	0	3.25974
0.648512	1.54199	0.000328964	0.000657929	0	1.08247
0.648101	1.54297	0.000328454	0.000656908	0	0.468563
0.647691	1.54395	0.000327945	0.00065589	0	2.3267
0.647282	1.54492	0.000327437	0.000654874	0	0.775464
0.646873	1.5459	0.00032693	0.00065386	0	3.9868
0.646465	1.54688	0.000326424	0.000652848	0	2.60074
0.646057	1.54785	0.000325919	0.000651838	0	6.22611
0.645649	1.54883	0.000325415	0.000650831	0	5.84308
0.645243	1.5498	0.000324913	0.000649826	0	0.937678
0.644836	1.55078	0.000324411	0.000648822	0	2.48112
0.64443	1.55176	0.000323911	0.000647821	0	2.90019
0.644025	1.55273	0.000323411	0.000646822	0	3.52454
0.64362	1.55371	0.000322913	0.000645826	0	4.90317
0.643216	1.55469	0.000322415	0.000644831	0	3.06113
0.642812	1.55566	0.000321919	0.000643838	0	2.6389
0.642409	1.55664	0.000321424	0.000642848	0	1.64619
0.642006	1.55762	0.00032093	0.000641859	0	5.72276
0.641604	1.55859	0.000320436	0.000640873	0	0.139936
0.641202	1.55957	0.000319944	0.000639889	0	5.15926
0.640801	1.56055	0.000319453	0.000638907	0	1.18418
0.6404	1.56152	0.000318963	0.000637926	0	4.30874
0.64	1.5625	0.000318474	0.000636948	0	2.23185
0.6396	1.56348	0.000317986	0.000635972	0	6.12116
0.639201	1.56445	0.000317499	0.000634999	0	0.7714
0.638802	1.56543	0.000317013	0.000634027	0	1.17854
0.638404	1.56641	0.000316528	0.000633057	0	5.58853
0.638006	1.56738	0.000316045	0.000632089	0	3.66565
0.637609	1.56836	0.000315562	0.000631123	0	1.94305
0.637212	1.56934	0.00031508	0.00063016	0	0.00480278
0.636816	1.57031	0.000314599	0.000629198	0	1.43004
0.63642	1.57129	0.000314119	0.000628238	0	0.913598
0.636025	1.57227	0.00031364	0.000627281	0	1.27821
0.63563	1.57324	0.000313163	0.000626325	0	5.63176
0.635236	1.57422	0.000312686	0.000625372	0	5.48581
0.634842	1.5752	0.00031221	0.00062442	0	4.40005
0.634449	1.57617	0.000311735	0.00062347	0	2.95622
0.634056	1.57715	0.000311261	0.000622523	0	5.19705
0.633663	1.57813	0.000310789	0.000621577	0	3.11537
0.633271	1.5791	0.000310317	0.000620633	0	2.28387
0.63288	1.58008	0.000309846	0.000619692	0	1.73167
0.632489	1.58105	0.000309376	0.000618752	0	5.81032
0.632099	1.58203	0.000308907	0.000617814	0	2.43153
0.631709	1.58301	0.000308439	0.000616878	0	3.09686
0.631319	1.58398	0.000307972	0.000615945	0	1.59868
0.63093	1.58496	0.000307506	0.000615013	0	5.56041
0.630542	1.58594	0.000307041	0.000614083	0	2.40812
0.630154	1.58691	0.000306577	0.000613155	0	1.86972
0.629766	1.58789	0.000306114	0.000612229	0	4.50878
0.629379	1.58887	0.000305652	0.000611304	0	1.19927
0.628993	1.58984	0.000305191	0.000610382	0	0.742626
0.628607	1.59082	0.000304731	0.000609462	0	5.25901
0.628221	1.5918	0.000304272	0.000608543	0	4.67554
0.627836	1.59277	0.000303813	0.000607627	0	3.71035
0.627451	1.59375	0.000303356	0.000606712	0	1.52613
0.627067	1.59473	0.0003029	0.0006058	0	3.91598
0.626683	1.5957	0.000302444	0.000604889	0	4.0109
0.6263	1.59668	0.00030199	0.00060398	0	2.05818
0.625917	1.59766	0.000301536	0.000603073	0	0.424048
0.625535	1.59863	0.000301084	0.000602168	0	5.53259
0.625153	1.59961	0.000300632	0.000601264	0	2.88999
0.624771	1.60059	0.000300181	0.000600363	0	4.79955
0.62439	1.60156	0.000299732	0.000599463	0	1.59523
0.62401	1.60254	0.000299283	0.000598566	0	3.7158
0.62363	1.60352	0.000298835	0.00059767	0	2.6942
0.62325	1.60449	0.000298388	0.000596776	0	2.40081
0.622871	1.60547	0.000297942	0.000595884	0	0.796164
0.622492	1.60645	0.000297497	0.000594993	0	1.53477
0.622114	1.60742	0.000297052	0.000594105	0	0.498518
0.621736	1.6084	0.000296609	0.000593218	0	1.90291
0.621359	1.60938	0.000296167	0.000592333	0	4.66027
0.620982	1.61035	0.000295725	0.00059145	0	3.86426
0.620606	1.61133	0.000295285	0.000590569	0	4.22488
0.62023	1.6123	0.000294845	0.00058969	0	0.0526724
0.619855	1.61328	0.000294406	0.000588812	0	4.26237
0.61948	1.61426	0.000293968	0.000587936	0	3.16158
0.619105	1.61523	0.000293531	0.000587062	0	1.45084
0.618731	1.61621	0.000293095	0.00058619	0	1.09891
0.618357	1.61719	0.00029266	0.00058532	0	1.16228
0.617984	1.61816	0.000292226	0.000584451	0	5.30464
0.617612	1.61914	0.000291792	0.000583584	0	6.17379
0.617239	1.62012	0.00029136	0.000582719	0	5.7412
0.616867	1.62109	0.000290928	0.000581856	0	2.18259
0.616496	1.62207	0.000290497	0.000580994	0	4.9023
0.616125	1.62305	0.000290067	0.000580135	0	3.43348
0.615755	1.62402	0.000289638	0.000579277	0	5.12986
0.615385	1.625	0.00028921	0.00057842	0	3.03935
0.615015	1.62598	0.000288783	0.000577566	0	3.70677
0.614646	1.62695	0.000288356	0.000576713	0	4.94652
0.614277	1.62793	0.000287931	0.000575862	0	0.629793
0.613909	1.62891	0.000287506	0.000575013	0	3.37412
0.613541	1.62988	0.000287083	0.000574165	0	2.29954
0.613174	1.63086	0.00028666	0.000573319	0	3.79697
0.612807	1.63184	0.000286237	0.000572475	0	6.02433
0.61244	1.63281	0.000285816	0.000571633	0	2.46818
0.612074	1.63379	0.000285396	0.000570792	0	2.46912
0.611708	1.63477	0.000284976	0.000569953	0	4.96772
0.611343	1.63574	0.000284558	0.000569116	0	4.05315
0.610979	1.63672	0.00028414	0.00056828	0	2.47485
0.610614	1.6377	0.000283723	0.000567446	0	4.32883
0.61025	1.63867	0.000283307	0.000566614	0	2.53842
0.609887	1.63965	0.000282892	0.000565783	0	0.855224
0.609524	1.64063	0.000282477	0.000564954	0	2.83148
0.609161	1.6416	0.000282064	0.000564127	0	2.10122
0.608799	1.64258	0.000281651	0.000563302	0	1.36954
0.608437	1.64355	0.000281239	0.000562478	0	5.81681
0.608076	1.64453	0.000280828	0.000561656	0	4.33313
0.607715	1.64551	0.000280418	0.000560835	0	3.7625
0.607355	1.64648	0.000280008	0.000560016	0	4.69139
0.606995	1.64746	0.0002796	0.000559199	0	3.4053
0.606635	1.64844	0.000279192	0.000558383	0	4.40158
0.606276	1.64941	0.000278785	0.00055757	0	5.84688
0.605917	1.65039	0.000278379	0.000556757	0	5.41998
0.605559	1.65137	0.000277973	0.000555947	0	1.05207
0.605201	1.65234	0.000277569	0.000555138	0	1.65335
0.604843	1.65332	0.000277165	0.00055433	0	0.449941
0.604486	1.6543	0.000276762	0.000553524	0	6.14918
0.60413	1.65527	0.00027636	0.00055272	0	1.48525
0.603774	1.65625	0.000275959	0.000551918	0	4.15066
0.603418	1.65723	0.000275558	0.000551117	0	0.563166
0.603062	1.6582	0.000275159	0.000550317	0	1.32431
0.602707	1.65918	0.00027476	0.00054952	0	3.15934
0.602353	1.66016	0.000274362	0.000548724	0	0.659443
0.601999	1.66113	0.000273964	0.000547929	0	2.44336
0.601645	1.66211	0.000273568	0.000547136	0	3.38028
0.601292	1.66309	0.000273172	0.000546345	0	2.13128
0.600939	1.66406	0.000272777	0.000545555	0	3.49282
0.600587	1.66504	0.000272383	0.000544767	0	3.37261
0.600234	1.66602	0.00027199	0.00054398	0	2.45428
0.599883	1.66699	0.000271597	0.000543195	0	4.37479
0.599532	1.66797	0.000271206	0.000542411	0	4.26303
0.599181	1.66895	0.000270815	0.00054163	0	4.31845
0.59883	1.66992	0.000270425	0.000540849	0	3.52795
0.59848	1.6709	0.000270035	0.00054007	0	2.24988
0.598131	1.67188	0.000269647	0.000539293	0	3.8523
0.597782	1.67285	0.000269259	0.000538517	0	5.8794
0.597433	1.67383	0.000268872	0.000537743	0	3.75036
0.597085	1.6748	0.000268485	0.00053697	0	6.15495
0.596737	1.67578	0.0002681	0.000536199	0	2.77093
0.596389	1.67676	0.000267715	0.00053543	0	4.64712
0.596042	1.67773	0.000267331	0.000534662	0	0.236272
0.595695	1.67871	0.000266948	0.000533895	0	4.80492
0.595349	1.67969	0.000266565	0.00053313	0	3.25646
0.595003	1.68066	0.000266183	0.000532367	0	0.0334048
0.594657	1.68164	0.000265802	0.000531605	0	1.7417
0.594312	1.68262	0.000265422	0.000530844	0	3.36045
0.593968	1.68359	0.000265043	0.000530085	0	4.82525
0.593623	1.68457	0.000264664	0.000529328	0	0.333591
0.593279	1.68555	0.000264286	0.000528572	0	3.4498
0.592936	1.68652	0.000263909	0.000527817	0	5.0328
0.592593	1.6875	0.000263532	0.000527064	0	4.08145
0.59225	1.68848	0.000263156	0.000526313	0	5.85245
0.591908	1.68945	0.000262781	0.000525563	0	0.469552
0.591566	1.69043	0.000262407	0.000524814	0	1.73923
0.591224	1.69141	0.000262034	0.000524067	0	5.77574
0.590883	1.69238	0.000261661	0.000523321	0	4.80667
0.590542	1.69336	0.000261289	0.000522577	0	3.76828
0.590202	1.69434	0.000260917	0.000521835	0	5.23369
0.589862	1.69531	0.000260547	0.000521093	0	5.63001
0.589522	1.69629	0.000260177	0.000520354	0	6.11178
0.589183	1.69727	0.000259808	0.000519615	0	6.27389
0.588844	1.69824	0.000259439	0.000518878	0	0.877443
0.588506	1.69922	0.000259071	0.000518143	0	0.443229
0.588168	1.7002	0.000258705	0.000517409	0	0.461605
0.58783	1.70117	0.000258338	0.000516676	0	0.092638
0.587493	1.70215	0.000257973	0.000515945	0	6.10613
0.587156	1.70313	0.000257608	0.000515216	0	0.595438
0.586819	1.7041	0.000257244	0.000514487	0	5.28879
0.586483	1.70508	0.00025688	0.000513761	0	4.30507
0.586148	1.70605	0.000256518	0.000513035	0	3.06341
0.585812	1.70703	0.000256156	0.000512311	0	2.17835
0.585477	1.70801	0.000255794	0.000511589	0	2.22203
0.585143	1.70898	0.000255434	0.000510867	0	1.59492
0.584809	1.70996	0.000255074	0.000510148	0	5.72409
0.584475	1.71094	0.000254715	0.000509429	0	4.55935
0.584141	1.71191	0.000254356	0.000508712	0	0.162897
0.583808	1.71289	0.000253998	0.000507997	0	2.89982
0.583476	1.71387	0.000253641	0.000507283	0	1.76747
0.583144	1.71484	0.000253285	0.00050657	0	0.182
0.582812	1.71582	0.000252929	0.000505859	0	5.55862
0.58248	1.7168	0.000252574	0.000505149	0	4.84437
0.582149	1.71777	0.00025222	0.00050444	0	2.07179
0.581818	1.71875	0.000251866	0.000503733	0	5.00493
0.581488	1.71973	0.000251513	0.000503027	0	2.03976
0.581158	1.7207	0.000251161	0.000502322	0	1.93448
0.580828	1.72168	0.00025081	0.000501619	0	5.83148
0.580499	1.72266	0.000250459	0.000500917	0	6.13815
0.58017	1.72363	0.000250108	0.000500217	0	3.28959
0.579841	1.72461	0.000249759	0.000499518	0	5.98119
0.579513	1.72559	0.00024941	0.00049882	0	5.57945
0.579186	1.72656	0.000249062	0.000498124	0	3.25489
0.578858	1.72754	0.000248714	0.000497429	0	2.34205
0.578531	1.72852	0.000248367	0.000496735	0	4.46329
0.578204	1.72949	0.000248021	0.000496043	0	2.86289
0.577878	1.73047	0.000247676	0.000495352	0	3.80266
0.577552	1.73145	0.000247331	0.000494662	0	6.22291
0.577227	1.73242	0.000246987	0.000493974	0	4.86266
0.576901	1.7334	0.000246643	0.000493287	0	2.10032
0.576577	1.73438	0.0002463	0.000492601	0	0.559192
0.576252	1.73535	0.000245958	0.000491917	0	1.1618
0.575928	1.73633	0.000245617	0.000491233	0	3.31031
0.575604	1.7373	0.000245276	0.000490552	0	2.62073
0.575281	1.73828	0.000244936	0.000489871	0	5.03069
0.574958	1.73926	0.000244596	0.000489192	0	5.86348
0.574635	1.74023	0.000244257	0.000488514	0	1.11756
0.574313	1.74121	0.000243919	0.000487838	0	5.40396
0.573991	1.74219	0.000243581	0.000487163	0	6.01549
0.573669	1.74316	0.000243244	0.000486489	0	6.02853
0.573348	1.74414	0.000242908	0.000485816	0	0.237898
0.573027	1.74512	0.000242572	0.000485145	0	0.361808
0.572707	1.74609	0.000242237	0.000484475	0	0.0364261
0.572387	1.74707	0.000241903	0.000483806	0	1.96463
0.572067	1.74805	0.000241569	0.000483138	0	0.349963
0.571748	1.74902	0.000241236	0.000482472	0	1.84639
0.571429	1.75	0.000240903	0.000481807	0	2.23692
0.57111	1.75098	0.000240572	0.000481143	0	5.99213
0.570792	1.75195	0.00024024	0.000480481	0	2.99677
0.570474	1.75293	0.00023991	0.00047982	0	1.74822
0.570156	1.75391	0.00023958	0.00047916	0	3.16047
0.569839	1.75488	0.000239251	0.000478501	0	4.04234
0.569522	1.75586	0.000238922	0.000477844	0	0.698977
0.569205	1.75684	0.000238594	0.000477188	0	4.76304
0.568889	1.75781	0.000238266	0.000476533	0	5.35293
0.568573	1.75879	0.00023794	0.000475879	0	5.30458
0.568257	1.75977	0.000237613	0.000475227	0	5.59522
0.567942	1.76074	0.000237288	0.000474575	0	2.39919
0.567627	1.76172	0.000236963	0.000473926	0	2.78851
0.567313	1.7627	0.000236638	0.000473277	0	0.638255
0.566999	1.76367	0.000236315	0.000472629	0	1.41879
0.566685	1.76465	0.000235992	0.000471983	0	6.10299
0.566372	1.76563	0.000235669	0.000471338	0	1.78835
0.566059	1.7666	0.000235347	0.000470694	0	5.70134
0.565746	1.76758	0.000235026	0.000470052	0	5.59551
0.565433	1.76855	0.000234705	0.00046941	0	5.79627
0.565121	1.76953	0.000234385	0.00046877	0	0.981117
0.56481	1.77051	0.000234066	0.000468131	0	5.52746
0.564498	1.77148	0.000233747	0.000467493	0	3.97094
0.564187	1.77246	0.000233428	0.000466857	0	1.32342
0.563877	1.77344	0.000233111	0.000466222	0	2.16843
0.563566	1.77441	0.000232794	0.000465587	0	1.0048
0.563256	1.77539	0.000232477	0.000464955	0	2.79192
0.562947	1.77637	0.000232161	0.000464323	0	0.526374
0.562637	1.77734	0.000231846	0.000463692	0	1.03873
0.562328	1.77832	0.000231531	0.000463063	0	1.23902
0.56202	1.7793	0.000231217	0.000462435	0	4.34185
0.561711	1.78027	0.000230904	0.000461808	0	3.60531
0.561404	1.78125	0.000230591	0.000461182	0	5.48725
0.561096	1.78223	0.000230279	0.000460557	0	1.53708
0.560789	1.7832	0.000229967	0.000459934	0	3.95594
0.560482	1.78418	0.000229656	0.000459311	0	0.216338
0.560175	1.78516	0.000229345	0.00045869	0	3.24337
0.559869	1.78613	0.000229035	0.00045807	0	5.42381
0.559563	1.78711	0.000228726	0.000457451	0	6.18345
0.559257	1.78809	0.000228417	0.000456834	0	0.0620337
0.558952	1.78906	0.000228109	0.000456217	0	1.58865
0.558647	1.79004	0.000227801	0.000455602	0	1.40649
0.558342	1.79102	0.000227494	0.000454988	0	0.298688
0.558038	1.79199	0.000227187	0.000454375	0	0.0639154
0.557734	1.79297	0.000226881	0.000453763	0	3.07999
0.557431	1.79395	0.000226576	0.000453152	0	0.285773
0.557127	1.79492	0.000226271	0.000452542	0	1.74879
0.556824	1.7959	0.000225967	0.000451934	0	4.02108
0.556522	1.79688	0.000225663	0.000451327	0	1.8516
0.556219	1.79785	0.00022536	0.00045072	0	1.69429
0.555917	1.79883	0.000225058	0.000450115	0	3.71051
0.555616	1.7998	0.000224756	0.000449511	0	2.39097
0.555315	1.80078	0.000224454	0.000448908	0	4.41408
0.555014	1.80176	0.000224153	0.000448307	0	3.11724
0.554713	1.80273	0.000223853	0.000447706	0	3.97857
0.554413	1.80371	0.000223553	0.000447107	0	2.22044
0.554113	1.80469	0.000223254	0.000446508	0	1.80355
0.553813	1.80566	0.000222955	0.000445911	0	0.836965
0.553514	1.80664	0.000222657	0.000445315	0	5.88785
0.553214	1.80762	0.00022236	0.00044472	0	5.05693
0.552916	1.80859	0.000222063	0.000444126	0	5.89381
0.552617	1.80957	0.000221766	0.000443533	0	1.16478
0.552319	1.81055	0.000221471	0.000442941	0	5.86319
0.552022	1.81152	0.000221175	0.000442351	0	5.87951
0.551724	1.8125	0.000220881	0.000441761	0	1.78156
0.551427	1.81348	0.000220586	0.000441173	0	1.72558
0.55113	1.81445	0.000220293	0.000440585	0	3.46475
0.550834	1.81543	0.000219999	0.000439999	0	1.16421
0.550538	1.81641	0.000219707	0.000439414	0	2.7778
0.550242	1.81738	0.000219415	0.000438829	0	1.16439
0.549946	1.81836	0.000219123	0.000438246	0	5.95254
0.549651	1.81934	0.000218832	0.000437664	0	3.10279
0.549356	1.82031	0.000218542	0.000437084	0	6.05647
0.549062	1.82129	0.000218252	0.000436504	0	4.05229
0.548767	1.82227	0.000217962	0.000435925	0	3.04305
0.548473	1.82324	0.000217674	0.000435347	0	6.08021
0.54818	1.82422	0.000217385	0.000434771	0	0.899688
0.547887	1.8252	0.000217097	0.000434195	0	3.97305
0.547594	1.82617	0.00021681	0.00043362	0	4.15877
0.547301	1.82715	0.000216523	0.000433047	0	2.7259
0.547009	1.82813	0.000216237	0.000432474	0	0.372952
0.546716	1.8291	0.000215952	0.000431903	0	3.09587
0.546425	1.83008	0.000215666	0.000431333	0	2.92252
0.546133	1.83105	0.000215382	0.000430763	0	5.06894
0.545842	1.83203	0.000215098	0.000430195	0	1.61265
0.545551	1.83301	0.000214814	0.000429628	0	2.45943
0.545261	1.83398	0.000214531	0.000429062	0	1.50905
0.544971	1.83496	0.000214248	0.000428497	0	4.31305
0.544681	1.83594	0.000213966	0.000427933	0	6.21962
0.544391	1.83691	0.000213685	0.00042737	0	1.11482
0.544102	1.83789	0.000213404	0.000426807	0	5.1613
0.543813	1.83887	0.000213123	0.000426246	0	1.45134
0.543524	1.83984	0.000212843	0.000425686	0	0.364273
0.543236	1.84082	0.000212564	0.000425127	0	0.87221
0.542948	1.8418	0.000212285	0.00042457	0	5.87574
0.54266	1.84277	0.000212006	0.000424013	0	5.58287
0.542373	1.84375	0.000211728	0.000423457	0	1.81748
0.542086	1.84473	0.000211451	0.000422902	0	5.95498
0.541799	1.8457	0.000211174	0.000422348	0	5.34027
0.541512	1.84668	0.000210897	0.000421795	0	2.73102
0.541226	1.84766	0.000210622	0.000421243	0	2.94084
0.54094	1.84863	0.000210346	0.000420692	0	3.95748
0.540655	1.84961	0.000210071	0.000420142	0	0.992943
