experiment "Irregular waves for ECN campaign SOFTWIND SPAR" with ("nantes_main_posn/default.ttf")
/* Wave data read from .dat files prepared with MatLab routine LHEEA_irrwave_generation_SW_SPAR_additionnal.m */
/* Poly-chromatic wave data*/
wave (or run) 1;
Period	Frequency	Amplitude	Height	Direction	Phase
s	Hz	m	m	deg	rad
3.79259	0.263672	0.00034266	0.00068532	0	2.62023
3.7786	0.264648	0.000360498	0.000720995	0	4.52593
3.76471	0.265625	0.000378861	0.000757722	0	0.000718638
3.75092	0.266602	0.000397746	0.000795492	0	1.89961
3.73723	0.267578	0.000417148	0.000834297	0	0.922094
3.72364	0.268555	0.000437063	0.000874126	0	0.580181
3.71014	0.269531	0.000457484	0.000914968	0	1.17031
3.69675	0.270508	0.000478404	0.000956809	0	2.17122
3.68345	0.271484	0.000499817	0.000999633	0	2.49296
3.67025	0.272461	0.000521713	0.00104343	0	3.38549
3.65714	0.273438	0.000544085	0.00108817	0	2.63388
3.64413	0.274414	0.000566923	0.00113385	0	4.30536
3.63121	0.275391	0.000590218	0.00118044	0	1.28461
3.61837	0.276367	0.000613958	0.00122792	0	5.51737
3.60563	0.277344	0.000638133	0.00127627	0	0.172081
3.59298	0.27832	0.000662732	0.00132546	0	4.21267
3.58042	0.279297	0.000687743	0.00137549	0	2.622
3.56794	0.280273	0.000713153	0.00142631	0	3.51035
3.55556	0.28125	0.000738949	0.0014779	0	0.882077
3.54325	0.282227	0.00076512	0.00153024	0	1.24471
3.53103	0.283203	0.00079165	0.0015833	0	5.03123
3.5189	0.28418	0.000818527	0.00163705	0	6.08377
3.50685	0.285156	0.000845735	0.00169147	0	1.9693
3.49488	0.286133	0.000873262	0.00174652	0	4.34999
3.48299	0.287109	0.000901092	0.00180218	0	5.50652
3.47119	0.288086	0.000929211	0.00185842	0	5.62098
3.45946	0.289063	0.000957603	0.00191521	0	0.534349
3.44781	0.290039	0.000986254	0.00197251	0	0.245388
3.43624	0.291016	0.00101515	0.0020303	0	1.06708
3.42475	0.291992	0.00104427	0.00208854	0	5.51753
3.41333	0.292969	0.0010736	0.00214721	0	0.617931
3.40199	0.293945	0.00110314	0.00220627	0	2.6459
3.39073	0.294922	0.00113285	0.0022657	0	6.0186
3.37954	0.295898	0.00116273	0.00232546	0	3.34998
3.36842	0.296875	0.00119276	0.00238552	0	4.34719
3.35738	0.297852	0.00122293	0.00244585	0	1.98244
3.34641	0.298828	0.00125321	0.00250642	0	4.31341
3.3355	0.299805	0.0012836	0.00256721	0	5.24411
3.32468	0.300781	0.00131409	0.00262817	0	0.114909
3.31392	0.301758	0.00134464	0.00268928	0	4.7133
3.30323	0.302734	0.00137526	0.00275051	0	6.2132
3.2926	0.303711	0.00140592	0.00281184	0	4.70086
3.28205	0.304688	0.00143661	0.00287322	0	1.76208
3.27157	0.305664	0.00146732	0.00293464	0	4.95919
3.26115	0.306641	0.00149803	0.00299606	0	0.648588
3.25079	0.307617	0.00152873	0.00305746	0	2.8142
3.24051	0.308594	0.00155941	0.00311881	0	5.70887
3.23028	0.30957	0.00159004	0.00318009	0	1.84483
3.22013	0.310547	0.00162063	0.00324126	0	1.80815
3.21003	0.311523	0.00165115	0.0033023	0	0.816994
3.2	0.3125	0.00168159	0.00336318	0	0.121686
3.19003	0.313477	0.00171195	0.00342389	0	4.26525
3.18012	0.314453	0.0017422	0.00348439	0	1.3297
3.17028	0.31543	0.00177234	0.00354467	0	1.66848
3.16049	0.316406	0.00180235	0.0036047	0	3.08865
3.15077	0.317383	0.00183223	0.00366445	0	0.335287
3.1411	0.318359	0.00186196	0.00372391	0	3.60729
3.1315	0.319336	0.00189153	0.00378305	0	0.921923
3.12195	0.320313	0.00192093	0.00384186	0	3.70272
3.11246	0.321289	0.00195016	0.00390031	0	4.39671
3.10303	0.322266	0.0019792	0.00395839	0	0.642986
3.09366	0.323242	0.00200804	0.00401607	0	2.60159
3.08434	0.324219	0.00203667	0.00407334	0	4.36304
3.07508	0.325195	0.00206509	0.00413019	0	2.60237
3.06587	0.326172	0.00209329	0.00418658	0	0.313867
3.05672	0.327148	0.00212126	0.00424251	0	3.36714
3.04762	0.328125	0.00214898	0.00429797	0	4.17074
3.03858	0.329102	0.00217646	0.00435293	0	3.23514
3.02959	0.330078	0.00220369	0.00440738	0	5.93506
3.02065	0.331055	0.00223066	0.00446131	0	3.68543
3.01176	0.332031	0.00225736	0.00451471	0	5.67624
3.00293	0.333008	0.00228378	0.00456757	0	0.863779
2.99415	0.333984	0.00230993	0.00461986	0	0.875099
2.98542	0.334961	0.00233579	0.00467158	0	5.07299
2.97674	0.335938	0.00236136	0.00472273	0	2.49868
2.96812	0.336914	0.00238664	0.00477328	0	1.03895
2.95954	0.337891	0.00241162	0.00482323	0	5.82771
2.95101	0.338867	0.00243629	0.00487257	0	2.18508
2.94253	0.339844	0.00246065	0.0049213	0	4.71749
2.9341	0.34082	0.0024847	0.0049694	0	4.56158
2.92571	0.341797	0.00250843	0.00501687	0	5.54998
2.91738	0.342773	0.00253185	0.00506369	0	3.91865
2.90909	0.34375	0.00255494	0.00510987	0	4.71831
2.90085	0.344727	0.0025777	0.0051554	0	2.19219
2.89266	0.345703	0.00260014	0.00520027	0	1.69601
2.88451	0.34668	0.00262224	0.00524448	0	5.62902
2.8764	0.347656	0.00264401	0.00528802	0	2.68978
2.86835	0.348633	0.00266545	0.00533089	0	6.06227
2.86034	0.349609	0.00268654	0.00537309	0	4.16853
2.85237	0.350586	0.0027073	0.0054146	0	3.90623
2.84444	0.351563	0.00272772	0.00545544	0	0.72097
2.83657	0.352539	0.0027478	0.0054956	0	5.96582
2.82873	0.353516	0.00276753	0.00553507	0	2.82688
2.82094	0.354492	0.00278692	0.00557385	0	3.63413
2.81319	0.355469	0.00280597	0.00561195	0	2.5644
2.80548	0.356445	0.00282468	0.00564935	0	1.48928
2.79781	0.357422	0.00284304	0.00568607	0	5.6761
2.79019	0.358398	0.00286105	0.0057221	0	3.60453
2.78261	0.359375	0.00287872	0.00575745	0	0.0180348
2.77507	0.360352	0.00289605	0.0057921	0	3.87764
2.76757	0.361328	0.00291303	0.00582607	0	2.05237
2.76011	0.362305	0.00292968	0.00585935	0	3.3116
2.75269	0.363281	0.00294597	0.00589195	0	5.56654
2.74531	0.364258	0.00296193	0.00592386	0	2.24479
2.73797	0.365234	0.00297755	0.0059551	0	5.70849
2.73067	0.366211	0.00299283	0.00598565	0	3.91669
2.7234	0.367188	0.00300777	0.00601553	0	0.0994078
2.71618	0.368164	0.00302237	0.00604474	0	5.83983
2.70899	0.369141	0.00303664	0.00607327	0	4.34103
2.70185	0.370117	0.00305057	0.00610114	0	6.26636
2.69474	0.371094	0.00306417	0.00612835	0	1.08285
2.68766	0.37207	0.00307745	0.00615489	0	0.861649
2.68063	0.373047	0.00309039	0.00618078	0	5.85967
2.67363	0.374023	0.00310301	0.00620602	0	4.37824
2.66667	0.375	0.0031153	0.0062306	0	0.414691
2.65974	0.375977	0.00312727	0.00625455	0	4.74671
2.65285	0.376953	0.00313893	0.00627785	0	4.73674
2.64599	0.37793	0.00315026	0.00630052	0	5.79953
2.63918	0.378906	0.00316128	0.00632256	0	4.47064
2.63239	0.379883	0.00317199	0.00634397	0	0.780817
2.62564	0.380859	0.00318238	0.00636477	0	0.124911
2.61893	0.381836	0.00319247	0.00638495	0	0.164688
2.61224	0.382813	0.00320226	0.00640452	0	0.177855
2.6056	0.383789	0.00321174	0.00642348	0	1.54699
2.59898	0.384766	0.00322092	0.00644184	0	5.40371
2.59241	0.385742	0.00322981	0.00645962	0	3.38558
2.58586	0.386719	0.0032384	0.0064768	0	3.47348
2.57935	0.387695	0.0032467	0.0064934	0	5.29064
2.57286	0.388672	0.00325471	0.00650943	0	0.780204
2.56642	0.389648	0.00326244	0.00652488	0	1.75416
2.56	0.390625	0.00326988	0.00653977	0	3.68043
2.55362	0.391602	0.00327705	0.0065541	0	6.09215
2.54726	0.392578	0.00328394	0.00656788	0	3.52506
2.54094	0.393555	0.00329055	0.00658111	0	0.117164
2.53465	0.394531	0.0032969	0.0065938	0	5.03052
2.5284	0.395508	0.00330298	0.00660596	0	1.46382
2.52217	0.396484	0.00330879	0.00661759	0	5.07119
2.51597	0.397461	0.00331435	0.00662869	0	2.437
2.5098	0.398438	0.00331964	0.00663928	0	5.42579
2.50367	0.399414	0.00332468	0.00664936	0	4.6943
2.49756	0.400391	0.00332947	0.00665894	0	3.49496
2.49148	0.401367	0.00333401	0.00666802	0	0.857373
2.48544	0.402344	0.00333831	0.00667662	0	0.376474
2.47942	0.40332	0.00334236	0.00668472	0	0.762423
2.47343	0.404297	0.00334618	0.00669235	0	0.279928
2.46747	0.405273	0.00334975	0.00669951	0	0.675406
2.46154	0.40625	0.0033531	0.0067062	0	1.41817
2.45564	0.407227	0.00335622	0.00671243	0	4.47984
2.44976	0.408203	0.00335911	0.00671821	0	3.51681
2.44391	0.40918	0.00336177	0.00672355	0	0.0788916
2.4381	0.410156	0.00336422	0.00672844	0	0.452228
2.4323	0.411133	0.00336645	0.0067329	0	6.07758
2.42654	0.412109	0.00336847	0.00673693	0	3.56948
2.4208	0.413086	0.00337027	0.00674055	0	1.27733
2.41509	0.414063	0.00337187	0.00674374	0	1.58541
2.40941	0.415039	0.00337326	0.00674653	0	4.6736
2.40376	0.416016	0.00337446	0.00674891	0	1.22792
2.39813	0.416992	0.00337545	0.0067509	0	3.65279
2.39252	0.417969	0.00337625	0.0067525	0	6.09482
2.38695	0.418945	0.00337685	0.00675371	0	5.32078
2.3814	0.419922	0.00337727	0.00675454	0	1.50701
2.37587	0.420898	0.0033775	0.006755	0	3.10245
2.37037	0.421875	0.00337755	0.00675509	0	3.8953
2.3649	0.422852	0.00337741	0.00675483	0	5.20864
2.35945	0.423828	0.0033771	0.0067542	0	0.985149
2.35402	0.424805	0.00337662	0.00675323	0	0.116718
2.34862	0.425781	0.00337596	0.00675192	0	0.439962
2.34325	0.426758	0.00337513	0.00675026	0	3.0558
2.3379	0.427734	0.00337414	0.00674828	0	3.80968
2.33257	0.428711	0.00337298	0.00674596	0	3.5742
2.32727	0.429688	0.00337167	0.00674333	0	1.99405
2.322	0.430664	0.00337019	0.00674038	0	6.21166
2.31674	0.431641	0.00336856	0.00673712	0	3.64265
2.31151	0.432617	0.00336678	0.00673356	0	2.3885
2.30631	0.433594	0.00336485	0.0067297	0	3.46171
2.30112	0.43457	0.00336277	0.00672554	0	4.68307
2.29596	0.435547	0.00336055	0.0067211	0	4.20491
2.29083	0.436523	0.00335819	0.00671637	0	1.66454
2.28571	0.4375	0.00335568	0.00671137	0	0.416794
2.28062	0.438477	0.00335304	0.00670609	0	2.32531
2.27556	0.439453	0.00335027	0.00670054	0	3.95663
2.27051	0.44043	0.00334736	0.00669473	0	1.32056
2.26549	0.441406	0.00334433	0.00668866	0	4.7297
2.26049	0.442383	0.00334117	0.00668234	0	0.418061
2.25551	0.443359	0.00333789	0.00667577	0	1.63561
2.25055	0.444336	0.00333448	0.00666896	0	5.05642
2.24561	0.445313	0.00333095	0.00666191	0	1.21538
2.2407	0.446289	0.00332731	0.00665462	0	4.01785
2.23581	0.447266	0.00332355	0.0066471	0	3.2966
2.23094	0.448242	0.00331968	0.00663936	0	5.81074
2.22609	0.449219	0.0033157	0.0066314	0	1.65434
2.22126	0.450195	0.00331161	0.00662323	0	0.414446
2.21645	0.451172	0.00330742	0.00661484	0	4.61856
2.21166	0.452148	0.00330312	0.00660625	0	4.85174
2.2069	0.453125	0.00329872	0.00659745	0	5.70398
2.20215	0.454102	0.00329423	0.00658845	0	5.85575
2.19742	0.455078	0.00328963	0.00657926	0	0.0876603
2.19272	0.456055	0.00328494	0.00656988	0	1.47254
2.18803	0.457031	0.00328016	0.00656031	0	3.87533
2.18337	0.458008	0.00327528	0.00655056	0	5.96285
2.17872	0.458984	0.00327032	0.00654064	0	5.97013
2.1741	0.459961	0.00326527	0.00653054	0	3.49756
2.16949	0.460938	0.00326013	0.00652026	0	5.75292
2.1649	0.461914	0.00325491	0.00650983	0	4.03108
2.16034	0.462891	0.00324961	0.00649923	0	2.45049
2.15579	0.463867	0.00324423	0.00648846	0	3.05357
2.15126	0.464844	0.00323877	0.00647755	0	3.79699
2.14675	0.46582	0.00323324	0.00646648	0	3.45291
2.14226	0.466797	0.00322763	0.00645527	0	5.81937
2.13779	0.467773	0.00322195	0.00644391	0	5.77257
2.13333	0.46875	0.0032162	0.00643241	0	2.48108
2.1289	0.469727	0.00321038	0.00642077	0	6.05236
2.12448	0.470703	0.0032045	0.00640899	0	1.093
2.12008	0.47168	0.00319854	0.00639709	0	0.793752
2.1157	0.472656	0.00319253	0.00638505	0	0.848727
2.11134	0.473633	0.00318645	0.0063729	0	3.17717
2.107	0.474609	0.00318031	0.00636062	0	0.135244
2.10267	0.475586	0.00317411	0.00634822	0	5.95627
2.09836	0.476563	0.00316785	0.00633571	0	5.19692
2.09407	0.477539	0.00316154	0.00632308	0	0.094367
2.0898	0.478516	0.00315517	0.00631035	0	1.10707
2.08554	0.479492	0.00314875	0.00629751	0	2.08642
2.0813	0.480469	0.00314228	0.00628456	0	0.823077
2.07708	0.481445	0.00313576	0.00627152	0	5.08618
2.07287	0.482422	0.00312919	0.00625837	0	2.16604
2.06869	0.483398	0.00312257	0.00624514	0	5.90687
2.06452	0.484375	0.0031159	0.0062318	0	3.6569
2.06036	0.485352	0.00310919	0.00621838	0	5.52186
2.05622	0.486328	0.00310244	0.00620488	0	5.30762
2.0521	0.487305	0.00309564	0.00619128	0	5.68875
2.048	0.488281	0.00308881	0.00617761	0	2.88951
2.04391	0.489258	0.00308193	0.00616386	0	3.4328
2.03984	0.490234	0.00307501	0.00615003	0	5.01777
2.03579	0.491211	0.00306806	0.00613612	0	1.79522
2.03175	0.492188	0.00306107	0.00612214	0	3.08035
2.02772	0.493164	0.00305405	0.0061081	0	3.76432
2.02372	0.494141	0.00304699	0.00609398	0	0.0975984
2.01972	0.495117	0.0030399	0.0060798	0	3.72895
2.01575	0.496094	0.00303278	0.00606556	0	2.72487
2.01179	0.49707	0.00302563	0.00605125	0	5.0728
2.00784	0.498047	0.00301844	0.00603689	0	1.98074
2.00391	0.499023	0.00301123	0.00602247	0	5.61019
2	0.5	0.003004	0.00600799	0	3.63078
1.9961	0.500977	0.00299673	0.00599347	0	1.15617
1.99222	0.501953	0.00298944	0.00597889	0	4.95071
1.98835	0.50293	0.00298213	0.00596426	0	3.84551
1.9845	0.503906	0.00297479	0.00594959	0	0.338722
1.98066	0.504883	0.00296744	0.00593487	0	2.64015
1.97683	0.505859	0.00296006	0.00592011	0	4.26672
1.97303	0.506836	0.00295265	0.00590531	0	5.77175
1.96923	0.507813	0.00294523	0.00589047	0	0.002526
1.96545	0.508789	0.00293779	0.00587559	0	6.13716
1.96169	0.509766	0.00293034	0.00586067	0	2.36612
1.95793	0.510742	0.00292286	0.00584573	0	6.11846
1.9542	0.511719	0.00291537	0.00583075	0	3.79954
1.95048	0.512695	0.00290787	0.00581573	0	5.20779
1.94677	0.513672	0.00290035	0.00580069	0	3.61102
1.94307	0.514648	0.00289281	0.00578563	0	3.94632
1.93939	0.515625	0.00288527	0.00577053	0	1.79433
1.93573	0.516602	0.00287771	0.00575541	0	3.68718
1.93208	0.517578	0.00287014	0.00574027	0	4.71253
1.92844	0.518555	0.00286256	0.00572511	0	5.39294
1.92481	0.519531	0.00285496	0.00570993	0	4.74432
1.9212	0.520508	0.00284736	0.00569473	0	4.38602
1.9176	0.521484	0.00283975	0.00567951	0	5.43168
1.91402	0.522461	0.00283214	0.00566427	0	2.02746
1.91045	0.523438	0.00282451	0.00564903	0	4.21469
1.90689	0.524414	0.00281688	0.00563376	0	2.83292
1.90335	0.525391	0.00280925	0.00561849	0	2.40082
1.89981	0.526367	0.0028016	0.00560321	0	2.5812
1.8963	0.527344	0.00279396	0.00558791	0	2.52257
1.89279	0.52832	0.00278631	0.00557261	0	1.99418
1.8893	0.529297	0.00277865	0.0055573	0	3.90763
1.88582	0.530273	0.002771	0.00554199	0	2.70332
1.88235	0.53125	0.00276334	0.00552667	0	6.11858
1.8789	0.532227	0.00275567	0.00551135	0	4.25875
1.87546	0.533203	0.00274801	0.00549603	0	1.24765
1.87203	0.53418	0.00274035	0.0054807	0	2.68104
1.86861	0.535156	0.00273269	0.00546537	0	2.15731
1.86521	0.536133	0.00272502	0.00545005	0	5.01171
1.86182	0.537109	0.00271736	0.00543473	0	5.52919
1.85844	0.538086	0.0027097	0.0054194	0	5.67901
1.85507	0.539063	0.00270204	0.00540409	0	4.16399
1.85172	0.540039	0.00269439	0.00538878	0	1.69777
1.84838	0.541016	0.00268673	0.00537347	0	1.58567
1.84505	0.541992	0.00267909	0.00535817	0	5.37148
1.84173	0.542969	0.00267144	0.00534288	0	3.31573
1.83842	0.543945	0.0026638	0.00532759	0	5.04013
1.83513	0.544922	0.00265616	0.00531232	0	3.59705
1.83184	0.545898	0.00264853	0.00529706	0	4.60647
1.82857	0.546875	0.0026409	0.0052818	0	3.26105
1.82531	0.547852	0.00263328	0.00526656	0	4.84361
1.82206	0.548828	0.00262567	0.00525133	0	3.57424
1.81883	0.549805	0.00261806	0.00523612	0	2.92614
1.8156	0.550781	0.00261046	0.00522091	0	2.15318
1.81239	0.551758	0.00260286	0.00520573	0	0.428572
1.80919	0.552734	0.00259528	0.00519055	0	2.37457
1.806	0.553711	0.0025877	0.0051754	0	0.500305
1.80282	0.554688	0.00258013	0.00516026	0	6.17522
1.79965	0.555664	0.00257257	0.00514514	0	1.14111
1.79649	0.556641	0.00256502	0.00513004	0	5.10106
1.79335	0.557617	0.00255748	0.00511495	0	5.49755
1.79021	0.558594	0.00254995	0.00509989	0	4.32543
1.78709	0.55957	0.00254242	0.00508485	0	3.57824
1.78397	0.560547	0.00253491	0.00506982	0	1.01141
1.78087	0.561523	0.00252741	0.00505482	0	2.93349
1.77778	0.5625	0.00251992	0.00503984	0	2.16878
1.7747	0.563477	0.00251244	0.00502488	0	1.41397
1.77163	0.564453	0.00250497	0.00500995	0	3.72286
1.76857	0.56543	0.00249752	0.00499504	0	1.96205
1.76552	0.566406	0.00249008	0.00498015	0	5.75732
1.76248	0.567383	0.00248264	0.00496529	0	5.71541
1.75945	0.568359	0.00247523	0.00495045	0	1.61552
1.75643	0.569336	0.00246782	0.00493564	0	0.696751
1.75342	0.570313	0.00246043	0.00492086	0	1.21242
1.75043	0.571289	0.00245305	0.0049061	0	3.13898
1.74744	0.572266	0.00244568	0.00489137	0	4.57784
1.74446	0.573242	0.00243833	0.00487666	0	1.30812
1.7415	0.574219	0.00243099	0.00486198	0	1.55844
1.73854	0.575195	0.00242367	0.00484734	0	5.35121
1.73559	0.576172	0.00241636	0.00483272	0	2.61285
1.73266	0.577148	0.00240906	0.00481813	0	3.87475
1.72973	0.578125	0.00240178	0.00480357	0	1.46817
1.72681	0.579102	0.00239452	0.00478903	0	0.640679
1.72391	0.580078	0.00238727	0.00477453	0	3.24123
1.72101	0.581055	0.00238003	0.00476006	0	2.99797
1.71812	0.582031	0.00237281	0.00474562	0	0.959264
1.71524	0.583008	0.00236561	0.00473122	0	3.90692
1.71237	0.583984	0.00235842	0.00471684	0	3.41812
1.70952	0.584961	0.00235125	0.00470249	0	4.11007
1.70667	0.585938	0.00234409	0.00468818	0	0.908206
1.70383	0.586914	0.00233695	0.0046739	0	4.72199
1.701	0.587891	0.00232983	0.00465965	0	1.39518
1.69818	0.588867	0.00232272	0.00464544	0	3.26318
1.69536	0.589844	0.00231563	0.00463126	0	4.93416
1.69256	0.59082	0.00230856	0.00461711	0	0.140306
1.68977	0.591797	0.0023015	0.004603	0	2.03803
1.68699	0.592773	0.00229446	0.00458892	0	5.48473
1.68421	0.59375	0.00228744	0.00457487	0	5.30747
1.68144	0.594727	0.00228043	0.00456086	0	3.38312
1.67869	0.595703	0.00227344	0.00454689	0	5.44506
1.67594	0.59668	0.00226647	0.00453295	0	5.96781
1.6732	0.597656	0.00225952	0.00451904	0	5.19247
1.67047	0.598633	0.00225259	0.00450517	0	5.36657
1.66775	0.599609	0.00224567	0.00449134	0	0.620423
1.66504	0.600586	0.00223877	0.00447754	0	4.09227
1.66234	0.601563	0.00223189	0.00446378	0	4.42033
1.65964	0.602539	0.00222503	0.00445005	0	3.83426
1.65696	0.603516	0.00221818	0.00443637	0	5.02413
1.65428	0.604492	0.00221136	0.00442271	0	0.217217
1.65161	0.605469	0.00220455	0.0044091	0	4.83955
1.64895	0.606445	0.00219776	0.00439552	0	4.59759
1.6463	0.607422	0.00219099	0.00438198	0	1.63173
1.64366	0.608398	0.00218424	0.00436847	0	1.61521
1.64103	0.609375	0.0021775	0.004355	0	3.97288
1.6384	0.610352	0.00217079	0.00434157	0	2.16957
1.63578	0.611328	0.00216409	0.00432818	0	5.00511
1.63317	0.612305	0.00215741	0.00431483	0	2.80322
1.63057	0.613281	0.00215075	0.00430151	0	4.91816
1.62798	0.614258	0.00214411	0.00428823	0	6.22332
1.6254	0.615234	0.00213749	0.00427499	0	1.88652
1.62282	0.616211	0.00213089	0.00426179	0	0.898532
1.62025	0.617188	0.00212431	0.00424862	0	5.66309
1.61769	0.618164	0.00211775	0.00423549	0	3.40272
1.61514	0.619141	0.0021112	0.00422241	0	6.12447
1.6126	0.620117	0.00210468	0.00420936	0	3.9999
1.61006	0.621094	0.00209817	0.00419635	0	6.24494
1.60754	0.62207	0.00209169	0.00418337	0	3.43106
1.60502	0.623047	0.00208522	0.00417044	0	3.30763
1.6025	0.624023	0.00207877	0.00415754	0	0.850919
1.6	0.625	0.00207234	0.00414469	0	2.23496
1.5975	0.625977	0.00206594	0.00413187	0	0.164736
1.59502	0.626953	0.00205955	0.00411909	0	1.00779
1.59253	0.62793	0.00205318	0.00410635	0	4.68498
1.59006	0.628906	0.00204683	0.00409365	0	0.191007
1.5876	0.629883	0.0020405	0.00408099	0	2.30306
1.58514	0.630859	0.00203418	0.00406837	0	5.41828
1.58269	0.631836	0.00202789	0.00405579	0	4.35222
1.58025	0.632813	0.00202162	0.00404324	0	4.34132
1.57781	0.633789	0.00201537	0.00403074	0	1.18524
1.57538	0.634766	0.00200914	0.00401827	0	2.77657
1.57296	0.635742	0.00200292	0.00400584	0	3.65416
1.57055	0.636719	0.00199673	0.00399346	0	6.21879
1.56815	0.637695	0.00199055	0.00398111	0	1.28118
1.56575	0.638672	0.0019844	0.0039688	0	1.55655
1.56336	0.639648	0.00197826	0.00395653	0	1.64728
1.56098	0.640625	0.00197215	0.0039443	0	4.71347
1.5586	0.641602	0.00196605	0.00393211	0	2.87126
1.55623	0.642578	0.00195998	0.00391995	0	0.357698
1.55387	0.643555	0.00195392	0.00390784	0	3.1951
1.55152	0.644531	0.00194788	0.00389577	0	1.33178
1.54917	0.645508	0.00194187	0.00388373	0	5.01778
1.54683	0.646484	0.00193587	0.00387174	0	1.86819
1.54449	0.647461	0.00192989	0.00385978	0	0.173454
1.54217	0.648438	0.00192393	0.00384786	0	3.72865
1.53985	0.649414	0.00191799	0.00383599	0	5.30201
1.53754	0.650391	0.00191207	0.00382415	0	2.39399
1.53523	0.651367	0.00190617	0.00381235	0	4.7115
1.53293	0.652344	0.00190029	0.00380059	0	3.2116
1.53064	0.65332	0.00189443	0.00378886	0	3.3989
1.52836	0.654297	0.00188859	0.00377718	0	6.0283
1.52608	0.655273	0.00188277	0.00376554	0	5.05144
1.52381	0.65625	0.00187697	0.00375393	0	0.203092
1.52155	0.657227	0.00187118	0.00374237	0	4.45721
1.51929	0.658203	0.00186542	0.00373084	0	2.92169
1.51704	0.65918	0.00185967	0.00371935	0	5.95363
1.51479	0.660156	0.00185395	0.0037079	0	1.3913
1.51256	0.661133	0.00184824	0.00369649	0	1.67806
1.51032	0.662109	0.00184256	0.00368512	0	0.511916
1.5081	0.663086	0.00183689	0.00367378	0	2.69309
1.50588	0.664063	0.00183124	0.00366249	0	0.684985
1.50367	0.665039	0.00182561	0.00365123	0	3.9822
1.50147	0.666016	0.00182	0.00364001	0	5.04517
1.49927	0.666992	0.00181441	0.00362883	0	4.37813
1.49708	0.667969	0.00180884	0.00361769	0	4.81425
1.49489	0.668945	0.00180329	0.00360658	0	2.1517
1.49271	0.669922	0.00179776	0.00359552	0	5.31464
1.49054	0.670898	0.00179224	0.00358449	0	2.69403
1.48837	0.671875	0.00178675	0.0035735	0	5.17741
1.48621	0.672852	0.00178127	0.00356254	0	3.93639
1.48406	0.673828	0.00177582	0.00355163	0	0.901154
1.48191	0.674805	0.00177038	0.00354075	0	0.492519
1.47977	0.675781	0.00176496	0.00352991	0	0.115187
1.47763	0.676758	0.00175956	0.00351911	0	0.419246
1.4755	0.677734	0.00175417	0.00350835	0	2.88137
1.47338	0.678711	0.00174881	0.00349762	0	0.712148
1.47126	0.679688	0.00174347	0.00348693	0	0.174568
1.46915	0.680664	0.00173814	0.00347628	0	4.74293
1.46705	0.681641	0.00173283	0.00346567	0	2.48092
1.46495	0.682617	0.00172755	0.00345509	0	4.69315
1.46286	0.683594	0.00172228	0.00344455	0	2.84254
1.46077	0.68457	0.00171702	0.00343405	0	2.82798
1.45869	0.685547	0.00171179	0.00342358	0	3.00382
1.45661	0.686523	0.00170658	0.00341315	0	2.97825
1.45455	0.6875	0.00170138	0.00340276	0	5.04642
1.45248	0.688477	0.0016962	0.00339241	0	2.52831
1.45042	0.689453	0.00169104	0.00338209	0	5.68431
1.44837	0.69043	0.0016859	0.0033718	0	0.232861
1.44633	0.691406	0.00168078	0.00336156	0	4.8624
1.44429	0.692383	0.00167567	0.00335135	0	0.789428
1.44225	0.693359	0.00167059	0.00334117	0	3.88624
1.44023	0.694336	0.00166552	0.00333103	0	0.0651206
1.4382	0.695313	0.00166047	0.00332093	0	3.3843
1.43619	0.696289	0.00165543	0.00331087	0	0.0189624
1.43417	0.697266	0.00165042	0.00330084	0	5.97653
1.43217	0.698242	0.00164542	0.00329084	0	5.68881
1.43017	0.699219	0.00164044	0.00328088	0	5.00121
1.42817	0.700195	0.00163548	0.00327096	0	5.75084
1.42618	0.701172	0.00163054	0.00326107	0	0.914569
1.4242	0.702148	0.00162561	0.00325122	0	0.991047
1.42222	0.703125	0.0016207	0.0032414	0	1.17892
1.42025	0.704102	0.00161581	0.00323162	0	3.91126
1.41828	0.705078	0.00161094	0.00322187	0	5.69137
1.41632	0.706055	0.00160608	0.00321216	0	6.22007
1.41436	0.707031	0.00160124	0.00320249	0	4.46811
1.41241	0.708008	0.00159642	0.00319284	0	4.59804
1.41047	0.708984	0.00159162	0.00318324	0	5.71326
1.40853	0.709961	0.00158683	0.00317366	0	2.51876
1.40659	0.710938	0.00158206	0.00316412	0	1.56986
1.40466	0.711914	0.00157731	0.00315462	0	1.08969
1.40274	0.712891	0.00157257	0.00314515	0	0.750571
1.40082	0.713867	0.00156786	0.00313571	0	5.10578
1.39891	0.714844	0.00156316	0.00312631	0	0.922324
1.397	0.71582	0.00155847	0.00311694	0	1.66063
1.3951	0.716797	0.0015538	0.00310761	0	5.14649
1.3932	0.717773	0.00154915	0.00309831	0	1.95148
1.3913	0.71875	0.00154452	0.00308904	0	6.17271
1.38942	0.719727	0.0015399	0.00307981	0	1.67534
1.38753	0.720703	0.0015353	0.00307061	0	3.35304
1.38566	0.72168	0.00153072	0.00306144	0	1.97585
1.38378	0.722656	0.00152615	0.00305231	0	5.72255
1.38192	0.723633	0.0015216	0.00304321	0	2.30314
1.38005	0.724609	0.00151707	0.00303414	0	2.72434
1.3782	0.725586	0.00151255	0.00302511	0	3.21883
1.37634	0.726563	0.00150805	0.0030161	0	5.8992
1.3745	0.727539	0.00150357	0.00300714	0	0.194458
1.37265	0.728516	0.0014991	0.0029982	0	4.50428
1.37082	0.729492	0.00149465	0.00298929	0	5.59844
1.36898	0.730469	0.00149021	0.00298042	0	0.171451
1.36716	0.731445	0.00148579	0.00297158	0	3.28014
1.36533	0.732422	0.00148139	0.00296278	0	2.04825
1.36352	0.733398	0.001477	0.002954	0	5.40033
1.3617	0.734375	0.00147263	0.00294526	0	3.50926
1.35989	0.735352	0.00146827	0.00293655	0	4.33683
1.35809	0.736328	0.00146393	0.00292787	0	2.84536
1.35629	0.737305	0.00145961	0.00291922	0	3.94778
1.3545	0.738281	0.0014553	0.0029106	0	1.82273
1.35271	0.739258	0.00145101	0.00290202	0	0.0587388
1.35092	0.740234	0.00144673	0.00289346	0	3.62386
1.34914	0.741211	0.00144247	0.00288494	0	1.95686
1.34737	0.742188	0.00143822	0.00287645	0	3.25009
1.3456	0.743164	0.00143399	0.00286799	0	5.75795
1.34383	0.744141	0.00142978	0.00285956	0	2.67962
1.34207	0.745117	0.00142558	0.00285116	0	1.55444
1.34031	0.746094	0.00142139	0.00284279	0	2.33291
1.33856	0.74707	0.00141722	0.00283445	0	5.85506
1.33681	0.748047	0.00141307	0.00282614	0	5.88652
1.33507	0.749023	0.00140893	0.00281786	0	5.30508
1.33333	0.75	0.00140481	0.00280962	0	5.78183
1.3316	0.750977	0.0014007	0.0028014	0	1.43194
1.32987	0.751953	0.00139661	0.00279321	0	0.549667
1.32815	0.75293	0.00139253	0.00278505	0	1.42823
1.32642	0.753906	0.00138846	0.00277693	0	1.97529
1.32471	0.754883	0.00138441	0.00276883	0	1.09809
1.323	0.755859	0.00138038	0.00276076	0	3.81449
1.32129	0.756836	0.00137636	0.00275272	0	2.59864
1.31959	0.757813	0.00137236	0.00274471	0	5.12929
1.31789	0.758789	0.00136837	0.00273673	0	1.16321
1.3162	0.759766	0.00136439	0.00272878	0	4.41002
1.31451	0.760742	0.00136043	0.00272086	0	1.5102
1.31282	0.761719	0.00135648	0.00271296	0	3.60792
1.31114	0.762695	0.00135255	0.0027051	0	2.19275
1.30946	0.763672	0.00134863	0.00269726	0	0.357918
1.30779	0.764648	0.00134473	0.00268946	0	1.43768
1.30612	0.765625	0.00134084	0.00268168	0	4.17268
1.30446	0.766602	0.00133696	0.00267393	0	3.12431
1.3028	0.767578	0.0013331	0.0026662	0	3.26107
1.30114	0.768555	0.00132925	0.00265851	0	1.0978
1.29949	0.769531	0.00132542	0.00265084	0	3.58591
1.29785	0.770508	0.0013216	0.00264321	0	6.26279
1.2962	0.771484	0.0013178	0.00263559	0	5.13233
1.29456	0.772461	0.00131401	0.00262801	0	3.73455
1.29293	0.773438	0.00131023	0.00262046	0	6.13232
1.2913	0.774414	0.00130647	0.00261293	0	5.66468
1.28967	0.775391	0.00130272	0.00260543	0	3.74232
1.28805	0.776367	0.00129898	0.00259796	0	0.203741
1.28643	0.777344	0.00129526	0.00259051	0	0.587962
1.28482	0.77832	0.00129155	0.00258309	0	0.410743
1.28321	0.779297	0.00128785	0.0025757	0	2.83832
1.2816	0.780273	0.00128417	0.00256834	0	2.35893
1.28	0.78125	0.0012805	0.002561	0	6.12831
1.2784	0.782227	0.00127685	0.00255369	0	1.05547
1.27681	0.783203	0.0012732	0.00254641	0	6.1122
1.27522	0.78418	0.00126957	0.00253915	0	4.82219
1.27363	0.785156	0.00126596	0.00253192	0	5.17884
1.27205	0.786133	0.00126236	0.00252471	0	3.97484
1.27047	0.787109	0.00125877	0.00251753	0	4.20177
1.2689	0.788086	0.00125519	0.00251038	0	2.99634
1.26733	0.789063	0.00125163	0.00250325	0	0.0825382
1.26576	0.790039	0.00124808	0.00249615	0	2.218
1.2642	0.791016	0.00124454	0.00248908	0	3.09178
1.26264	0.791992	0.00124101	0.00248203	0	4.5873
1.26108	0.792969	0.0012375	0.002475	0	2.94448
1.25953	0.793945	0.001234	0.00246801	0	2.87396
1.25799	0.794922	0.00123052	0.00246103	0	0.864961
1.25644	0.795898	0.00122704	0.00245409	0	0.0684159
1.2549	0.796875	0.00122358	0.00244716	0	4.7644
1.25337	0.797852	0.00122013	0.00244027	0	2.01032
1.25183	0.798828	0.0012167	0.00243339	0	6.18506
1.25031	0.799805	0.00121327	0.00242655	0	1.38377
1.24878	0.800781	0.00120986	0.00241972	0	2.12817
1.24726	0.801758	0.00120646	0.00241293	0	3.29174
1.24574	0.802734	0.00120308	0.00240615	0	4.74312
1.24423	0.803711	0.0011997	0.0023994	0	2.9145
1.24272	0.804688	0.00119634	0.00239268	0	0.784283
1.24121	0.805664	0.00119299	0.00238598	0	1.9635
1.23971	0.806641	0.00118965	0.0023793	0	3.16999
1.23821	0.807617	0.00118633	0.00237265	0	4.23392
1.23671	0.808594	0.00118301	0.00236602	0	4.83899
1.23522	0.80957	0.00117971	0.00235942	0	0.818924
1.23373	0.810547	0.00117642	0.00235284	0	0.14398
1.23225	0.811523	0.00117314	0.00234629	0	3.26149
1.23077	0.8125	0.00116988	0.00233975	0	5.08931
1.22929	0.813477	0.00116662	0.00233324	0	0.0791918
1.22782	0.814453	0.00116338	0.00232676	0	4.22525
1.22635	0.81543	0.00116015	0.0023203	0	4.31534
1.22488	0.816406	0.00115693	0.00231386	0	2.8227
1.22342	0.817383	0.00115372	0.00230744	0	5.74779
1.22196	0.818359	0.00115052	0.00230105	0	4.04864
1.2205	0.819336	0.00114734	0.00229468	0	0.0329229
1.21905	0.820313	0.00114417	0.00228833	0	3.04375
1.2176	0.821289	0.001141	0.00228201	0	5.39925
1.21615	0.822266	0.00113785	0.00227571	0	5.21755
1.21471	0.823242	0.00113472	0.00226943	0	4.07876
1.21327	0.824219	0.00113159	0.00226317	0	4.23297
1.21183	0.825195	0.00112847	0.00225694	0	3.63482
1.2104	0.826172	0.00112537	0.00225073	0	1.72235
1.20897	0.827148	0.00112227	0.00224454	0	3.52191
1.20755	0.828125	0.00111919	0.00223837	0	4.2206
1.20612	0.829102	0.00111612	0.00223223	0	2.21438
1.20471	0.830078	0.00111305	0.00222611	0	5.37733
1.20329	0.831055	0.00111	0.00222001	0	1.22546
1.20188	0.832031	0.00110696	0.00221393	0	4.69556
1.20047	0.833008	0.00110394	0.00220787	0	1.81963
1.19906	0.833984	0.00110092	0.00220184	0	4.86192
1.19766	0.834961	0.00109791	0.00219582	0	2.68755
1.19626	0.835938	0.00109491	0.00218983	0	5.07492
1.19487	0.836914	0.00109193	0.00218386	0	2.22133
1.19347	0.837891	0.00108895	0.00217791	0	1.34267
1.19208	0.838867	0.00108599	0.00217198	0	4.82099
1.1907	0.839844	0.00108304	0.00216607	0	1.93925
1.18931	0.84082	0.00108009	0.00216019	0	4.60711
1.18794	0.841797	0.00107716	0.00215432	0	4.67766
1.18656	0.842773	0.00107424	0.00214848	0	1.39108
1.18519	0.84375	0.00107133	0.00214265	0	1.34531
1.18382	0.844727	0.00106843	0.00213685	0	1.25003
1.18245	0.845703	0.00106553	0.00213107	0	0.895469
1.18108	0.84668	0.00106265	0.00212531	0	2.36928
1.17972	0.847656	0.00105978	0.00211957	0	0.167308
1.17837	0.848633	0.00105692	0.00211385	0	0.696933
1.17701	0.849609	0.00105407	0.00210815	0	4.23841
1.17566	0.850586	0.00105123	0.00210246	0	5.02514
1.17431	0.851563	0.0010484	0.0020968	0	0.505982
1.17297	0.852539	0.00104558	0.00209116	0	1.45583
1.17162	0.853516	0.00104277	0.00208554	0	1.30455
1.17029	0.854492	0.00103997	0.00207994	0	5.76378
1.16895	0.855469	0.00103718	0.00207436	0	4.46932
1.16762	0.856445	0.0010344	0.0020688	0	3.48016
1.16629	0.857422	0.00103163	0.00206326	0	1.91334
1.16496	0.858398	0.00102887	0.00205774	0	5.24554
1.16364	0.859375	0.00102612	0.00205224	0	2.73511
1.16232	0.860352	0.00102338	0.00204675	0	5.80225
1.161	0.861328	0.00102065	0.00204129	0	4.43625
1.15968	0.862305	0.00101792	0.00203585	0	3.00356
1.15837	0.863281	0.00101521	0.00203042	0	0.793001
1.15706	0.864258	0.00101251	0.00202502	0	6.13266
1.15576	0.865234	0.00100981	0.00201963	0	1.00426
1.15445	0.866211	0.00100713	0.00201426	0	1.27299
1.15315	0.867188	0.00100446	0.00200891	0	2.70919
1.15186	0.868164	0.00100179	0.00200358	0	2.53968
1.15056	0.869141	0.000999135	0.00199827	0	0.922067
1.14927	0.870117	0.000996489	0.00199298	0	4.58245
1.14798	0.871094	0.000993852	0.0019877	0	1.18592
1.1467	0.87207	0.000991224	0.00198245	0	4.04572
1.14541	0.873047	0.000988605	0.00197721	0	4.73944
1.14413	0.874023	0.000985996	0.00197199	0	1.32407
1.14286	0.875	0.000983395	0.00196679	0	3.77591
1.14158	0.875977	0.000980804	0.00196161	0	4.70566
1.14031	0.876953	0.000978221	0.00195644	0	4.01005
1.13904	0.87793	0.000975648	0.0019513	0	3.75186
1.13778	0.878906	0.000973084	0.00194617	0	1.85657
1.13651	0.879883	0.000970528	0.00194106	0	4.59682
1.13525	0.880859	0.000967982	0.00193596	0	5.93955
1.134	0.881836	0.000965444	0.00193089	0	2.67388
1.13274	0.882813	0.000962916	0.00192583	0	4.91459
1.13149	0.883789	0.000960396	0.00192079	0	0.352745
1.13024	0.884766	0.000957884	0.00191577	0	5.24817
1.129	0.885742	0.000955382	0.00191076	0	1.20794
1.12775	0.886719	0.000952888	0.00190578	0	2.48247
1.12651	0.887695	0.000950403	0.00190081	0	1.88546
1.12527	0.888672	0.000947926	0.00189585	0	0.503306
1.12404	0.889648	0.000945458	0.00189092	0	5.68396
1.12281	0.890625	0.000942999	0.001886	0	2.32575
1.12158	0.891602	0.000940548	0.0018811	0	3.33447
1.12035	0.892578	0.000938106	0.00187621	0	3.10462
1.11913	0.893555	0.000935672	0.00187134	0	0.830393
1.1179	0.894531	0.000933246	0.00186649	0	1.29719
1.11668	0.895508	0.000930829	0.00186166	0	0.478708
1.11547	0.896484	0.00092842	0.00185684	0	3.19137
1.11425	0.897461	0.00092602	0.00185204	0	1.64336
1.11304	0.898438	0.000923628	0.00184726	0	2.24348
1.11183	0.899414	0.000921244	0.00184249	0	0.678994
1.11063	0.900391	0.000918868	0.00183774	0	4.94833
1.10943	0.901367	0.0009165	0.001833	0	0.669686
1.10823	0.902344	0.000914141	0.00182828	0	6.19339
1.10703	0.90332	0.000911789	0.00182358	0	1.11314
1.10583	0.904297	0.000909446	0.00181889	0	3.59653
1.10464	0.905273	0.000907111	0.00181422	0	0.281772
1.10345	0.90625	0.000904784	0.00180957	0	4.9456
1.10226	0.907227	0.000902464	0.00180493	0	1.19133
1.10108	0.908203	0.000900153	0.00180031	0	3.31692
1.09989	0.90918	0.00089785	0.0017957	0	4.65004
1.09871	0.910156	0.000895554	0.00179111	0	0.942047
1.09753	0.911133	0.000893266	0.00178653	0	3.46258
1.09636	0.912109	0.000890986	0.00178197	0	1.36105
1.09519	0.913086	0.000888714	0.00177743	0	4.77017
1.09402	0.914063	0.00088645	0.0017729	0	4.54221
1.09285	0.915039	0.000884193	0.00176839	0	1.10929
1.09168	0.916016	0.000881945	0.00176389	0	5.4159
1.09052	0.916992	0.000879703	0.00175941	0	0.124251
1.08936	0.917969	0.00087747	0.00175494	0	5.40503
1.0882	0.918945	0.000875244	0.00175049	0	3.5117
1.08705	0.919922	0.000873025	0.00174605	0	2.53351
1.0859	0.920898	0.000870814	0.00174163	0	4.76735
1.08475	0.921875	0.000868611	0.00173722	0	4.5046
1.0836	0.922852	0.000866415	0.00173283	0	6.20355
1.08245	0.923828	0.000864226	0.00172845	0	1.74726
1.08131	0.924805	0.000862045	0.00172409	0	0.0238363
1.08017	0.925781	0.000859872	0.00171974	0	5.86788
1.07903	0.926758	0.000857705	0.00171541	0	5.39033
1.07789	0.927734	0.000855546	0.00171109	0	4.57951
1.07676	0.928711	0.000853394	0.00170679	0	3.24645
1.07563	0.929688	0.00085125	0.0017025	0	4.44194
1.0745	0.930664	0.000849113	0.00169823	0	4.90421
1.07338	0.931641	0.000846983	0.00169397	0	2.35542
1.07225	0.932617	0.00084486	0.00168972	0	4.84008
1.07113	0.933594	0.000842744	0.00168549	0	4.71631
1.07001	0.93457	0.000840635	0.00168127	0	3.85292
1.06889	0.935547	0.000838534	0.00167707	0	2.525
1.06778	0.936523	0.00083644	0.00167288	0	4.38132
1.06667	0.9375	0.000834352	0.0016687	0	0.0195587
1.06556	0.938477	0.000832272	0.00166454	0	4.86882
1.06445	0.939453	0.000830198	0.0016604	0	5.63235
1.06334	0.94043	0.000828132	0.00165626	0	1.50366
1.06224	0.941406	0.000826072	0.00165214	0	0.758803
1.06114	0.942383	0.00082402	0.00164804	0	1.38409
1.06004	0.943359	0.000821974	0.00164395	0	1.89813
1.05895	0.944336	0.000819935	0.00163987	0	5.54823
1.05785	0.945313	0.000817903	0.00163581	0	3.41282
1.05676	0.946289	0.000815877	0.00163175	0	1.80146
1.05567	0.947266	0.000813859	0.00162772	0	0.869308
1.05458	0.948242	0.000811847	0.00162369	0	1.82303
1.0535	0.949219	0.000809842	0.00161968	0	3.85707
1.05242	0.950195	0.000807843	0.00161569	0	2.03662
1.05133	0.951172	0.000805851	0.0016117	0	2.87368
1.05026	0.952148	0.000803866	0.00160773	0	2.79047
1.04918	0.953125	0.000801887	0.00160377	0	5.20333
1.04811	0.954102	0.000799915	0.00159983	0	2.67882
1.04703	0.955078	0.00079795	0.0015959	0	2.17209
1.04597	0.956055	0.000795991	0.00159198	0	4.24097
1.0449	0.957031	0.000794038	0.00158808	0	1.39161
1.04383	0.958008	0.000792092	0.00158418	0	2.93579
1.04277	0.958984	0.000790153	0.00158031	0	1.97773
1.04171	0.959961	0.000788219	0.00157644	0	3.93865
1.04065	0.960938	0.000786293	0.00157259	0	5.51262
1.03959	0.961914	0.000784372	0.00156874	0	2.81291
1.03854	0.962891	0.000782458	0.00156492	0	4.92889
1.03749	0.963867	0.00078055	0.0015611	0	2.8712
1.03644	0.964844	0.000778649	0.0015573	0	4.12321
1.03539	0.96582	0.000776753	0.00155351	0	0.828381
1.03434	0.966797	0.000774864	0.00154973	0	2.7205
1.0333	0.967773	0.000772981	0.00154596	0	5.71338
1.03226	0.96875	0.000771105	0.00154221	0	3.80434
1.03122	0.969727	0.000769234	0.00153847	0	4.81779
1.03018	0.970703	0.00076737	0.00153474	0	3.17113
1.02915	0.97168	0.000765512	0.00153102	0	3.12938
1.02811	0.972656	0.000763659	0.00152732	0	5.2961
1.02708	0.973633	0.000761813	0.00152363	0	0.426044
1.02605	0.974609	0.000759973	0.00151995	0	3.60198
1.02503	0.975586	0.000758139	0.00151628	0	5.92355
1.024	0.976563	0.000756311	0.00151262	0	3.25381
1.02298	0.977539	0.000754489	0.00150898	0	1.22186
1.02196	0.978516	0.000752673	0.00150535	0	5.32776
1.02094	0.979492	0.000750863	0.00150173	0	1.5811
1.01992	0.980469	0.000749058	0.00149812	0	4.40279
1.01891	0.981445	0.00074726	0.00149452	0	3.39456
1.01789	0.982422	0.000745467	0.00149093	0	5.96171
1.01688	0.983398	0.000743681	0.00148736	0	3.92282
1.01587	0.984375	0.0007419	0.0014838	0	5.26517
1.01487	0.985352	0.000740124	0.00148025	0	0.0498437
1.01386	0.986328	0.000738355	0.00147671	0	6.21621
1.01286	0.987305	0.000736591	0.00147318	0	0.488295
1.01186	0.988281	0.000734833	0.00146967	0	2.024
1.01086	0.989258	0.000733081	0.00146616	0	5.94485
1.00986	0.990234	0.000731334	0.00146267	0	0.056166
1.00887	0.991211	0.000729593	0.00145919	0	5.16937
1.00787	0.992188	0.000727858	0.00145572	0	5.41115
1.00688	0.993164	0.000726128	0.00145226	0	2.76354
1.00589	0.994141	0.000724404	0.00144881	0	1.60689
1.00491	0.995117	0.000722685	0.00144537	0	5.04345
1.00392	0.996094	0.000720972	0.00144194	0	3.0025
1.00294	0.99707	0.000719264	0.00143853	0	0.844074
1.00196	0.998047	0.000717562	0.00143512	0	5.82985
1.00098	0.999023	0.000715866	0.00143173	0	5.62955
1	1	0.000714174	0.00142835	0	3.08847
0.999024	1.00098	0.000712489	0.00142498	0	5.38282
0.998051	1.00195	0.000710808	0.00142162	0	2.63
0.997079	1.00293	0.000709133	0.00141827	0	4.29434
0.996109	1.00391	0.000707464	0.00141493	0	2.50065
0.995141	1.00488	0.000705799	0.0014116	0	3.17767
0.994175	1.00586	0.00070414	0.00140828	0	1.19099
0.99321	1.00684	0.000702487	0.00140497	0	6.0632
0.992248	1.00781	0.000700838	0.00140168	0	1.84861
0.991288	1.00879	0.000699195	0.00139839	0	0.650056
0.990329	1.00977	0.000697557	0.00139511	0	0.90676
0.989372	1.01074	0.000695925	0.00139185	0	0.0885445
0.988417	1.01172	0.000694297	0.00138859	0	4.49842
0.987464	1.0127	0.000692675	0.00138535	0	3.54685
0.986513	1.01367	0.000691058	0.00138212	0	4.99248
0.985563	1.01465	0.000689446	0.00137889	0	3.18608
0.984615	1.01563	0.000687839	0.00137568	0	4.97516
0.98367	1.0166	0.000686237	0.00137247	0	4.37162
0.982726	1.01758	0.00068464	0.00136928	0	4.88737
0.981783	1.01855	0.000683049	0.0013661	0	2.55401
0.980843	1.01953	0.000681462	0.00136292	0	4.07006
0.979904	1.02051	0.00067988	0.00135976	0	1.12968
0.978967	1.02148	0.000678304	0.00135661	0	2.02205
0.978032	1.02246	0.000676732	0.00135346	0	1.08451
0.977099	1.02344	0.000675166	0.00135033	0	2.56754
0.976168	1.02441	0.000673604	0.00134721	0	1.51688
0.975238	1.02539	0.000672047	0.00134409	0	2.55677
0.97431	1.02637	0.000670495	0.00134099	0	6.1275
0.973384	1.02734	0.000668948	0.0013379	0	2.01263
0.97246	1.02832	0.000667406	0.00133481	0	6.17317
0.971537	1.0293	0.000665869	0.00133174	0	3.99803
0.970616	1.03027	0.000664336	0.00132867	0	2.35677
0.969697	1.03125	0.000662808	0.00132562	0	5.38773
0.96878	1.03223	0.000661285	0.00132257	0	3.89298
0.967864	1.0332	0.000659767	0.00131953	0	1.58357
0.96695	1.03418	0.000658254	0.00131651	0	4.98166
0.966038	1.03516	0.000656745	0.00131349	0	2.72023
0.965127	1.03613	0.000655241	0.00131048	0	2.24631
0.964218	1.03711	0.000653742	0.00130748	0	2.07519
0.963311	1.03809	0.000652247	0.00130449	0	4.3817
0.962406	1.03906	0.000650758	0.00130152	0	1.68798
0.961502	1.04004	0.000649272	0.00129854	0	5.07856
0.9606	1.04102	0.000647792	0.00129558	0	1.85535
0.9597	1.04199	0.000646316	0.00129263	0	3.41882
0.958801	1.04297	0.000644844	0.00128969	0	3.0657
0.957905	1.04395	0.000643377	0.00128675	0	5.37436
0.957009	1.04492	0.000641915	0.00128383	0	5.5819
0.956116	1.0459	0.000640457	0.00128091	0	1.15852
0.955224	1.04688	0.000639004	0.00127801	0	3.67785
0.954334	1.04785	0.000637555	0.00127511	0	5.64359
0.953445	1.04883	0.000636111	0.00127222	0	2.80304
0.952558	1.0498	0.000634671	0.00126934	0	5.79227
0.951673	1.05078	0.000633236	0.00126647	0	1.75295
0.950789	1.05176	0.000631805	0.00126361	0	3.8254
0.949907	1.05273	0.000630378	0.00126076	0	4.28798
0.949027	1.05371	0.000628956	0.00125791	0	1.43386
0.948148	1.05469	0.000627539	0.00125508	0	0.0865038
0.947271	1.05566	0.000626125	0.00125225	0	2.61835
0.946396	1.05664	0.000624716	0.00124943	0	5.89666
0.945522	1.05762	0.000623312	0.00124662	0	2.15531
0.944649	1.05859	0.000621911	0.00124382	0	4.89928
0.943779	1.05957	0.000620515	0.00124103	0	1.0979
0.94291	1.06055	0.000619123	0.00123825	0	2.14855
0.942042	1.06152	0.000617736	0.00123547	0	0.908534
0.941176	1.0625	0.000616353	0.00123271	0	4.5036
0.940312	1.06348	0.000614974	0.00122995	0	4.39388
0.93945	1.06445	0.000613599	0.0012272	0	4.32596
0.938588	1.06543	0.000612228	0.00122446	0	1.59213
0.937729	1.06641	0.000610862	0.00122172	0	4.35023
0.936871	1.06738	0.0006095	0.001219	0	1.42815
0.936015	1.06836	0.000608142	0.00121628	0	2.66815
0.93516	1.06934	0.000606788	0.00121358	0	2.33686
0.934307	1.07031	0.000605438	0.00121088	0	2.23247
0.933455	1.07129	0.000604092	0.00120818	0	0.362256
0.932605	1.07227	0.00060275	0.0012055	0	3.96875
0.931756	1.07324	0.000601413	0.00120283	0	4.4442
0.930909	1.07422	0.000600079	0.00120016	0	3.85529
0.930064	1.0752	0.00059875	0.0011975	0	4.07347
0.92922	1.07617	0.000597425	0.00119485	0	1.06777
0.928377	1.07715	0.000596103	0.00119221	0	0.939002
0.927536	1.07813	0.000594786	0.00118957	0	3.23066
0.926697	1.0791	0.000593472	0.00118694	0	5.49988
0.925859	1.08008	0.000592163	0.00118433	0	1.15581
0.925023	1.08105	0.000590858	0.00118172	0	2.9081
0.924188	1.08203	0.000589556	0.00117911	0	2.69506
0.923354	1.08301	0.000588258	0.00117652	0	3.12456
0.922523	1.08398	0.000586965	0.00117393	0	1.0148
0.921692	1.08496	0.000585675	0.00117135	0	2.15162
0.920863	1.08594	0.000584389	0.00116878	0	1.64544
0.920036	1.08691	0.000583107	0.00116621	0	5.30632
0.91921	1.08789	0.000581829	0.00116366	0	5.02864
0.918386	1.08887	0.000580555	0.00116111	0	2.68065
0.917563	1.08984	0.000579284	0.00115857	0	3.81399
0.916741	1.09082	0.000578017	0.00115603	0	0.913987
0.915921	1.0918	0.000576754	0.00115351	0	3.20199
0.915103	1.09277	0.000575495	0.00115099	0	1.86577
0.914286	1.09375	0.00057424	0.00114848	0	5.40135
0.91347	1.09473	0.000572988	0.00114598	0	4.21978
0.912656	1.0957	0.00057174	0.00114348	0	3.98023
0.911843	1.09668	0.000570496	0.00114099	0	0.783836
0.911032	1.09766	0.000569256	0.00113851	0	2.95679
0.910222	1.09863	0.000568019	0.00113604	0	6.19882
0.909414	1.09961	0.000566786	0.00113357	0	5.95834
0.908607	1.10059	0.000565557	0.00113111	0	4.05319
0.907801	1.10156	0.000564331	0.00112866	0	0.953315
0.906997	1.10254	0.000563109	0.00112622	0	4.01575
0.906195	1.10352	0.000561891	0.00112378	0	3.55416
0.905393	1.10449	0.000560676	0.00112135	0	2.94471
0.904594	1.10547	0.000559465	0.00111893	0	2.68944
0.903795	1.10645	0.000558257	0.00111651	0	3.76532
0.902998	1.10742	0.000557053	0.00111411	0	5.34052
0.902203	1.1084	0.000555852	0.0011117	0	4.71943
0.901408	1.10938	0.000554655	0.00110931	0	3.64023
0.900616	1.11035	0.000553462	0.00110692	0	5.81009
0.899824	1.11133	0.000552272	0.00110454	0	0.406773
0.899034	1.1123	0.000551086	0.00110217	0	6.22881
0.898246	1.11328	0.000549903	0.00109981	0	0.332975
0.897458	1.11426	0.000548724	0.00109745	0	1.25347
0.896673	1.11523	0.000547548	0.0010951	0	2.65623
0.895888	1.11621	0.000546375	0.00109275	0	0.675498
0.895105	1.11719	0.000545206	0.00109041	0	3.91864
0.894323	1.11816	0.000544041	0.00108808	0	0.301546
0.893543	1.11914	0.000542879	0.00108576	0	1.78834
0.892764	1.12012	0.00054172	0.00108344	0	0.383505
0.891986	1.12109	0.000540564	0.00108113	0	4.42034
0.89121	1.12207	0.000539413	0.00107883	0	4.20003
0.890435	1.12305	0.000538264	0.00107653	0	2.37869
0.889661	1.12402	0.000537119	0.00107424	0	1.18246
0.888889	1.125	0.000535977	0.00107195	0	4.69357
0.888118	1.12598	0.000534838	0.00106968	0	2.13867
0.887348	1.12695	0.000533703	0.00106741	0	4.99702
0.88658	1.12793	0.000532571	0.00106514	0	3.06557
0.885813	1.12891	0.000531443	0.00106289	0	3.30288
0.885048	1.12988	0.000530317	0.00106063	0	0.179013
0.884283	1.13086	0.000529195	0.00105839	0	4.04783
0.88352	1.13184	0.000528077	0.00105615	0	2.20324
0.882759	1.13281	0.000526961	0.00105392	0	1.44014
0.881998	1.13379	0.000525849	0.0010517	0	2.72617
0.881239	1.13477	0.00052474	0.00104948	0	2.40311
0.880482	1.13574	0.000523634	0.00104727	0	2.95177
0.879725	1.13672	0.000522531	0.00104506	0	6.15428
0.87897	1.1377	0.000521432	0.00104286	0	2.28945
0.878216	1.13867	0.000520336	0.00104067	0	4.86576
0.877464	1.13965	0.000519242	0.00103848	0	3.47314
0.876712	1.14063	0.000518153	0.00103631	0	5.58658
0.875962	1.1416	0.000517066	0.00103413	0	2.23023
0.875214	1.14258	0.000515982	0.00103196	0	1.54264
0.874466	1.14355	0.000514902	0.0010298	0	5.7241
0.87372	1.14453	0.000513824	0.00102765	0	0.273534
0.872975	1.14551	0.00051275	0.0010255	0	5.97376
0.872232	1.14648	0.000511679	0.00102336	0	3.49601
0.871489	1.14746	0.000510611	0.00102122	0	2.36476
0.870748	1.14844	0.000509545	0.00101909	0	6.2521
0.870008	1.14941	0.000508483	0.00101697	0	0.366703
0.86927	1.15039	0.000507424	0.00101485	0	3.24656
0.868533	1.15137	0.000506369	0.00101274	0	0.195389
0.867797	1.15234	0.000505316	0.00101063	0	3.5888
0.867062	1.15332	0.000504266	0.00100853	0	1.13392
0.866328	1.1543	0.000503219	0.00100644	0	3.96443
0.865596	1.15527	0.000502175	0.00100435	0	6.16333
0.864865	1.15625	0.000501134	0.00100227	0	5.49717
0.864135	1.15723	0.000500096	0.00100019	0	2.83897
0.863406	1.1582	0.000499061	0.000998122	0	4.45139
0.862679	1.15918	0.000498029	0.000996058	0	4.88498
0.861953	1.16016	0.000497	0.000994	0	3.10919
0.861228	1.16113	0.000495974	0.000991948	0	3.32087
0.860504	1.16211	0.000494951	0.000989901	0	0.947406
0.859782	1.16309	0.00049393	0.000987861	0	2.32101
0.85906	1.16406	0.000492913	0.000985826	0	0.893602
0.85834	1.16504	0.000491898	0.000983797	0	4.56721
0.857621	1.16602	0.000490887	0.000981773	0	2.99716
0.856904	1.16699	0.000489878	0.000979756	0	2.82039
0.856187	1.16797	0.000488872	0.000977744	0	5.56689
0.855472	1.16895	0.000487869	0.000975737	0	3.31513
0.854758	1.16992	0.000486868	0.000973737	0	2.57039
0.854045	1.1709	0.000485871	0.000971742	0	1.6895
0.853333	1.17188	0.000484876	0.000969753	0	0.452465
0.852623	1.17285	0.000483885	0.000967769	0	2.62723
0.851913	1.17383	0.000482895	0.000965791	0	0.161814
0.851205	1.1748	0.000481909	0.000963818	0	1.82937
0.850498	1.17578	0.000480926	0.000961851	0	3.16364
0.849793	1.17676	0.000479945	0.00095989	0	6.06914
0.849088	1.17773	0.000478967	0.000957934	0	0.687273
0.848384	1.17871	0.000477992	0.000955984	0	4.22884
0.847682	1.17969	0.000477019	0.000954039	0	3.14117
0.846981	1.18066	0.00047605	0.000952099	0	4.88265
0.846281	1.18164	0.000475083	0.000950165	0	0.902309
0.845582	1.18262	0.000474118	0.000948237	0	0.522778
0.844884	1.18359	0.000473157	0.000946314	0	2.50836
0.844188	1.18457	0.000472198	0.000944396	0	5.00746
0.843493	1.18555	0.000471242	0.000942483	0	1.20433
0.842798	1.18652	0.000470288	0.000940576	0	4.82409
0.842105	1.1875	0.000469337	0.000938674	0	1.824
0.841413	1.18848	0.000468389	0.000936778	0	1.36277
0.840722	1.18945	0.000467443	0.000934886	0	0.105027
0.840033	1.19043	0.0004665	0.000933	0	2.50485
0.839344	1.19141	0.00046556	0.00093112	0	2.39441
0.838657	1.19238	0.000464622	0.000929244	0	4.14279
0.837971	1.19336	0.000463687	0.000927374	0	0.445593
0.837285	1.19434	0.000462754	0.000925509	0	0.958839
0.836601	1.19531	0.000461824	0.000923649	0	0.104149
0.835918	1.19629	0.000460897	0.000921794	0	0.715004
0.835237	1.19727	0.000459972	0.000919945	0	4.09531
0.834556	1.19824	0.00045905	0.0009181	0	2.52997
0.833876	1.19922	0.00045813	0.000916261	0	2.01707
0.833198	1.2002	0.000457213	0.000914426	0	3.50546
0.83252	1.20117	0.000456299	0.000912597	0	6.2421
0.831844	1.20215	0.000455386	0.000910773	0	5.24323
0.831169	1.20313	0.000454477	0.000908954	0	4.39586
0.830495	1.2041	0.00045357	0.00090714	0	5.76959
0.829822	1.20508	0.000452665	0.000905331	0	0.249623
0.82915	1.20605	0.000451763	0.000903526	0	0.441918
0.828479	1.20703	0.000450864	0.000901727	0	2.97827
0.827809	1.20801	0.000449966	0.000899933	0	2.19388
0.827141	1.20898	0.000449072	0.000898144	0	5.88893
0.826473	1.20996	0.00044818	0.000896359	0	3.07603
0.825806	1.21094	0.00044729	0.00089458	0	3.39072
0.825141	1.21191	0.000446403	0.000892805	0	5.62509
0.824477	1.21289	0.000445518	0.000891035	0	2.80629
0.823813	1.21387	0.000444635	0.00088927	0	5.51057
0.823151	1.21484	0.000443755	0.00088751	0	1.5933
0.82249	1.21582	0.000442877	0.000885755	0	1.7204
0.82183	1.2168	0.000442002	0.000884004	0	2.06316
0.821171	1.21777	0.000441129	0.000882259	0	3.44045
0.820513	1.21875	0.000440259	0.000880518	0	1.38311
0.819856	1.21973	0.000439391	0.000878781	0	4.21871
0.8192	1.2207	0.000438525	0.00087705	0	0.897197
0.818545	1.22168	0.000437662	0.000875323	0	0.591249
0.817891	1.22266	0.000436801	0.000873601	0	5.46758
0.817239	1.22363	0.000435942	0.000871884	0	1.48829
0.816587	1.22461	0.000435085	0.000870171	0	2.42533
0.815936	1.22559	0.000434231	0.000868463	0	3.5911
0.815287	1.22656	0.00043338	0.000866759	0	3.30371
0.814638	1.22754	0.00043253	0.000865061	0	0.477672
0.81399	1.22852	0.000431683	0.000863366	0	5.4923
0.813344	1.22949	0.000430838	0.000861677	0	5.97616
0.812698	1.23047	0.000429996	0.000859992	0	5.10513
0.812054	1.23145	0.000429156	0.000858311	0	1.78318
0.81141	1.23242	0.000428318	0.000856635	0	3.31656
0.810768	1.2334	0.000427482	0.000854964	0	2.13262
0.810127	1.23438	0.000426648	0.000853297	0	3.48508
0.809486	1.23535	0.000425817	0.000851634	0	6.12236
0.808847	1.23633	0.000424988	0.000849976	0	1.95849
0.808208	1.2373	0.000424161	0.000848323	0	4.20217
0.807571	1.23828	0.000423337	0.000846674	0	2.04811
0.806935	1.23926	0.000422514	0.000845029	0	4.86618
0.806299	1.24023	0.000421694	0.000843389	0	2.04712
0.805665	1.24121	0.000420876	0.000841753	0	5.59095
0.805031	1.24219	0.000420061	0.000840121	0	4.72312
0.804399	1.24316	0.000419247	0.000838494	0	4.79176
0.803768	1.24414	0.000418436	0.000836872	0	2.94982
0.803137	1.24512	0.000417627	0.000835253	0	1.32427
0.802508	1.24609	0.00041682	0.000833639	0	0.260596
0.801879	1.24707	0.000416015	0.000832029	0	2.02211
0.801252	1.24805	0.000415212	0.000830424	0	0.233186
0.800625	1.24902	0.000414411	0.000828823	0	4.35962
0.8	1.25	0.000413613	0.000827226	0	4.21193
0.799375	1.25098	0.000412817	0.000825633	0	2.70473
0.798752	1.25195	0.000412022	0.000824045	0	4.82416
0.798129	1.25293	0.00041123	0.000822461	0	3.36784
0.797508	1.25391	0.00041044	0.000820881	0	0.250447
0.796887	1.25488	0.000409652	0.000819305	0	0.84693
0.796267	1.25586	0.000408867	0.000817733	0	1.21527
0.795649	1.25684	0.000408083	0.000816166	0	2.10904
0.795031	1.25781	0.000407301	0.000814603	0	0.328692
0.794414	1.25879	0.000406522	0.000813044	0	3.80206
0.793798	1.25977	0.000405744	0.000811489	0	3.21737
0.793184	1.26074	0.000404969	0.000809938	0	3.87962
0.79257	1.26172	0.000404196	0.000808391	0	2.71657
0.791957	1.2627	0.000403424	0.000806848	0	5.32626
0.791345	1.26367	0.000402655	0.00080531	0	2.85294
0.790734	1.26465	0.000401888	0.000803775	0	0.0967832
0.790123	1.26563	0.000401122	0.000802245	0	5.48565
0.789514	1.2666	0.000400359	0.000800718	0	4.12304
0.788906	1.26758	0.000399598	0.000799196	0	5.17108
0.788299	1.26855	0.000398839	0.000797677	0	5.98018
0.787692	1.26953	0.000398081	0.000796163	0	0.319892
0.787087	1.27051	0.000397326	0.000794652	0	1.477
0.786482	1.27148	0.000396573	0.000793146	0	0.397999
0.785879	1.27246	0.000395822	0.000791643	0	2.64935
0.785276	1.27344	0.000395072	0.000790145	0	5.4276
0.784674	1.27441	0.000394325	0.00078865	0	0.512859
0.784074	1.27539	0.00039358	0.000787159	0	2.97265
0.783474	1.27637	0.000392836	0.000785673	0	0.788811
0.782875	1.27734	0.000392095	0.00078419	0	4.85618
0.782277	1.27832	0.000391355	0.00078271	0	5.28681
0.781679	1.2793	0.000390618	0.000781235	0	0.272005
0.781083	1.28027	0.000389882	0.000779764	0	3.0564
0.780488	1.28125	0.000389148	0.000778296	0	1.50426
0.779893	1.28223	0.000388416	0.000776833	0	5.98457
0.7793	1.2832	0.000387686	0.000775373	0	5.93065
0.778707	1.28418	0.000386958	0.000773916	0	3.85746
0.778116	1.28516	0.000386232	0.000772464	0	6.1166
0.777525	1.28613	0.000385508	0.000771016	0	2.16683
0.776935	1.28711	0.000384785	0.000769571	0	5.64136
0.776346	1.28809	0.000384065	0.00076813	0	2.73064
0.775758	1.28906	0.000383346	0.000766692	0	1.48167
0.77517	1.29004	0.000382629	0.000765259	0	5.9114
0.774584	1.29102	0.000381914	0.000763829	0	4.29907
0.773998	1.29199	0.000381201	0.000762403	0	0.407852
0.773414	1.29297	0.00038049	0.00076098	0	5.46904
0.77283	1.29395	0.000379781	0.000759561	0	4.4069
0.772247	1.29492	0.000379073	0.000758146	0	3.80087
0.771665	1.2959	0.000378367	0.000756735	0	4.60165
0.771084	1.29688	0.000377663	0.000755327	0	1.5924
0.770504	1.29785	0.000376961	0.000753923	0	3.77298
0.769925	1.29883	0.000376261	0.000752522	0	5.1184
0.769346	1.2998	0.000375563	0.000751125	0	0.340006
0.768769	1.30078	0.000374866	0.000749732	0	0.820023
0.768192	1.30176	0.000374171	0.000748342	0	5.29324
0.767616	1.30273	0.000373478	0.000746956	0	3.88518
0.767041	1.30371	0.000372786	0.000745573	0	3.33818
0.766467	1.30469	0.000372097	0.000744194	0	1.56006
0.765894	1.30566	0.000371409	0.000742818	0	1.85403
0.765321	1.30664	0.000370723	0.000741446	0	5.48325
0.76475	1.30762	0.000370039	0.000740077	0	2.64941
0.764179	1.30859	0.000369356	0.000738712	0	0.404827
0.763609	1.30957	0.000368675	0.000737351	0	5.63592
0.76304	1.31055	0.000367996	0.000735993	0	1.27788
0.762472	1.31152	0.000367319	0.000734638	0	5.19134
0.761905	1.3125	0.000366643	0.000733287	0	5.54033
0.761338	1.31348	0.00036597	0.000731939	0	3.05835
0.760773	1.31445	0.000365297	0.000730595	0	3.76026
0.760208	1.31543	0.000364627	0.000729254	0	3.31292
0.759644	1.31641	0.000363958	0.000727916	0	3.92587
0.759081	1.31738	0.000363291	0.000726582	0	5.37239
0.758519	1.31836	0.000362626	0.000725252	0	1.77273
0.757957	1.31934	0.000361962	0.000723924	0	5.5528
0.757396	1.32031	0.0003613	0.0007226	0	3.5669
0.756837	1.32129	0.00036064	0.00072128	0	0.723214
0.756278	1.32227	0.000359981	0.000719962	0	1.42629
0.75572	1.32324	0.000359324	0.000718649	0	3.74467
0.755162	1.32422	0.000358669	0.000717338	0	1.50449
0.754606	1.3252	0.000358015	0.000716031	0	0.825709
0.75405	1.32617	0.000357363	0.000714727	0	1.01692
0.753495	1.32715	0.000356713	0.000713426	0	5.30849
0.752941	1.32813	0.000356064	0.000712129	0	3.78363
0.752388	1.3291	0.000355417	0.000710834	0	6.05427
0.751836	1.33008	0.000354772	0.000709544	0	2.17197
0.751284	1.33105	0.000354128	0.000708256	0	3.74242
0.750733	1.33203	0.000353486	0.000706972	0	3.76354
0.750183	1.33301	0.000352845	0.00070569	0	3.86858
0.749634	1.33398	0.000352206	0.000704413	0	0.371821
0.749086	1.33496	0.000351569	0.000703138	0	4.71438
0.748538	1.33594	0.000350933	0.000701866	0	5.95778
0.747991	1.33691	0.000350299	0.000700598	0	3.35949
0.747445	1.33789	0.000349666	0.000699333	0	1.20987
0.7469	1.33887	0.000349035	0.000698071	0	4.73077
0.746356	1.33984	0.000348406	0.000696812	0	0.0459864
0.745812	1.34082	0.000347778	0.000695556	0	2.06249
0.745269	1.3418	0.000347152	0.000694304	0	5.76549
0.744727	1.34277	0.000346527	0.000693054	0	3.69682
0.744186	1.34375	0.000345904	0.000691808	0	5.37332
0.743646	1.34473	0.000345282	0.000690565	0	3.79927
0.743106	1.3457	0.000344662	0.000689325	0	5.16841
0.742567	1.34668	0.000344044	0.000688088	0	5.52596
0.742029	1.34766	0.000343427	0.000686854	0	2.01682
0.741492	1.34863	0.000342812	0.000685623	0	0.772548
0.740955	1.34961	0.000342198	0.000684395	0	4.53208
0.740419	1.35059	0.000341585	0.000683171	0	2.76678
0.739884	1.35156	0.000340974	0.000681949	0	0.796304
0.73935	1.35254	0.000340365	0.00068073	0	3.70597
0.738817	1.35352	0.000339757	0.000679515	0	0.226624
0.738284	1.35449	0.000339151	0.000678302	0	1.25778
0.737752	1.35547	0.000338546	0.000677092	0	4.95304
0.737221	1.35645	0.000337943	0.000675886	0	0.0760062
