270 , 0.2637 , 0.0003202 , 0 , 2.62 ,
271 , 0.2646 , 0.0003369 , 0 , -1.76 ,
272 , 0.2656 , 0.0003541 , 0 , 0.000719 ,
273 , 0.2666 , 0.0003717 , 0 , 1.9 ,
274 , 0.2676 , 0.0003899 , 0 , 0.922 ,
275 , 0.2686 , 0.0004085 , 0 , 0.58 ,
276 , 0.2695 , 0.0004276 , 0 , 1.17 ,
277 , 0.2705 , 0.0004471 , 0 , 2.17 ,
278 , 0.2715 , 0.0004671 , 0 , 2.49 ,
279 , 0.2725 , 0.0004876 , 0 , -2.9 ,
280 , 0.2734 , 0.0005085 , 0 , 2.63 ,
281 , 0.2744 , 0.0005298 , 0 , -1.98 ,
282 , 0.2754 , 0.0005516 , 0 , 1.28 ,
283 , 0.2764 , 0.0005738 , 0 , -0.766 ,
284 , 0.2773 , 0.0005964 , 0 , 0.172 ,
285 , 0.2783 , 0.0006194 , 0 , -2.07 ,
286 , 0.2793 , 0.0006428 , 0 , 2.62 ,
287 , 0.2803 , 0.0006665 , 0 , -2.77 ,
288 , 0.2813 , 0.0006906 , 0 , 0.882 ,
289 , 0.2822 , 0.0007151 , 0 , 1.24 ,
290 , 0.2832 , 0.0007399 , 0 , -1.25 ,
291 , 0.2842 , 0.000765 , 0 , -0.199 ,
292 , 0.2852 , 0.0007904 , 0 , 1.97 ,
293 , 0.2861 , 0.0008161 , 0 , -1.93 ,
294 , 0.2871 , 0.0008421 , 0 , -0.777 ,
295 , 0.2881 , 0.0008684 , 0 , -0.662 ,
296 , 0.2891 , 0.000895 , 0 , 0.534 ,
297 , 0.29 , 0.0009217 , 0 , 0.245 ,
298 , 0.291 , 0.0009487 , 0 , 1.07 ,
299 , 0.292 , 0.000976 , 0 , -0.766 ,
300 , 0.293 , 0.001003 , 0 , 0.618 ,
301 , 0.2939 , 0.001031 , 0 , 2.65 ,
302 , 0.2949 , 0.001059 , 0 , -0.265 ,
303 , 0.2959 , 0.001087 , 0 , -2.93 ,
304 , 0.2969 , 0.001115 , 0 , -1.94 ,
305 , 0.2979 , 0.001143 , 0 , 1.98 ,
306 , 0.2988 , 0.001171 , 0 , -1.97 ,
307 , 0.2998 , 0.0012 , 0 , -1.04 ,
308 , 0.3008 , 0.001228 , 0 , 0.115 ,
309 , 0.3018 , 0.001257 , 0 , -1.57 ,
310 , 0.3027 , 0.001285 , 0 , -0.07 ,
311 , 0.3037 , 0.001314 , 0 , -1.58 ,
312 , 0.3047 , 0.001343 , 0 , 1.76 ,
313 , 0.3057 , 0.001371 , 0 , -1.32 ,
314 , 0.3066 , 0.0014 , 0 , 0.649 ,
315 , 0.3076 , 0.001429 , 0 , 2.81 ,
316 , 0.3086 , 0.001457 , 0 , -0.574 ,
317 , 0.3096 , 0.001486 , 0 , 1.84 ,
318 , 0.3105 , 0.001515 , 0 , 1.81 ,
319 , 0.3115 , 0.001543 , 0 , 0.817 ,
320 , 0.3125 , 0.001572 , 0 , 0.122 ,
321 , 0.3135 , 0.0016 , 0 , -2.02 ,
322 , 0.3145 , 0.001628 , 0 , 1.33 ,
323 , 0.3154 , 0.001656 , 0 , 1.67 ,
324 , 0.3164 , 0.001684 , 0 , 3.09 ,
325 , 0.3174 , 0.001712 , 0 , 0.335 ,
326 , 0.3184 , 0.00174 , 0 , -2.68 ,
327 , 0.3193 , 0.001768 , 0 , 0.922 ,
328 , 0.3203 , 0.001795 , 0 , -2.58 ,
329 , 0.3213 , 0.001823 , 0 , -1.89 ,
330 , 0.3223 , 0.00185 , 0 , 0.643 ,
331 , 0.3232 , 0.001877 , 0 , 2.6 ,
332 , 0.3242 , 0.001903 , 0 , -1.92 ,
333 , 0.3252 , 0.00193 , 0 , 2.6 ,
334 , 0.3262 , 0.001956 , 0 , 0.314 ,
335 , 0.3271 , 0.001982 , 0 , -2.92 ,
336 , 0.3281 , 0.002008 , 0 , -2.11 ,
337 , 0.3291 , 0.002034 , 0 , -3.05 ,
338 , 0.3301 , 0.00206 , 0 , -0.348 ,
339 , 0.3311 , 0.002085 , 0 , -2.6 ,
340 , 0.332 , 0.00211 , 0 , -0.607 ,
341 , 0.333 , 0.002134 , 0 , 0.864 ,
342 , 0.334 , 0.002159 , 0 , 0.875 ,
343 , 0.335 , 0.002183 , 0 , -1.21 ,
344 , 0.3359 , 0.002207 , 0 , 2.5 ,
345 , 0.3369 , 0.002231 , 0 , 1.04 ,
346 , 0.3379 , 0.002254 , 0 , -0.455 ,
347 , 0.3389 , 0.002277 , 0 , 2.19 ,
348 , 0.3398 , 0.0023 , 0 , -1.57 ,
349 , 0.3408 , 0.002322 , 0 , -1.72 ,
350 , 0.3418 , 0.002344 , 0 , -0.733 ,
351 , 0.3428 , 0.002366 , 0 , -2.36 ,
352 , 0.3438 , 0.002388 , 0 , -1.56 ,
353 , 0.3447 , 0.002409 , 0 , 2.19 ,
354 , 0.3457 , 0.00243 , 0 , 1.7 ,
355 , 0.3467 , 0.002451 , 0 , -0.654 ,
356 , 0.3477 , 0.002471 , 0 , 2.69 ,
357 , 0.3486 , 0.002491 , 0 , -0.221 ,
358 , 0.3496 , 0.002511 , 0 , -2.11 ,
359 , 0.3506 , 0.00253 , 0 , -2.38 ,
360 , 0.3516 , 0.002549 , 0 , 0.721 ,
361 , 0.3525 , 0.002568 , 0 , -0.317 ,
362 , 0.3535 , 0.002586 , 0 , 2.83 ,
363 , 0.3545 , 0.002605 , 0 , -2.65 ,
364 , 0.3555 , 0.002622 , 0 , 2.56 ,
365 , 0.3564 , 0.00264 , 0 , 1.49 ,
366 , 0.3574 , 0.002657 , 0 , -0.607 ,
367 , 0.3584 , 0.002674 , 0 , -2.68 ,
368 , 0.3594 , 0.00269 , 0 , 0.018 ,
369 , 0.3604 , 0.002707 , 0 , -2.41 ,
370 , 0.3613 , 0.002722 , 0 , 2.05 ,
371 , 0.3623 , 0.002738 , 0 , -2.97 ,
372 , 0.3633 , 0.002753 , 0 , -0.717 ,
373 , 0.3643 , 0.002768 , 0 , 2.24 ,
374 , 0.3652 , 0.002783 , 0 , -0.575 ,
375 , 0.3662 , 0.002797 , 0 , -2.37 ,
376 , 0.3672 , 0.002811 , 0 , 0.0994 ,
377 , 0.3682 , 0.002825 , 0 , -0.443 ,
378 , 0.3691 , 0.002838 , 0 , -1.94 ,
379 , 0.3701 , 0.002851 , 0 , -0.0168 ,
380 , 0.3711 , 0.002864 , 0 , 1.08 ,
381 , 0.3721 , 0.002876 , 0 , 0.862 ,
382 , 0.373 , 0.002888 , 0 , -0.424 ,
383 , 0.374 , 0.0029 , 0 , -1.9 ,
384 , 0.375 , 0.002911 , 0 , 0.415 ,
385 , 0.376 , 0.002923 , 0 , -1.54 ,
386 , 0.377 , 0.002934 , 0 , -1.55 ,
387 , 0.3779 , 0.002944 , 0 , -0.484 ,
388 , 0.3789 , 0.002954 , 0 , -1.81 ,
389 , 0.3799 , 0.002964 , 0 , 0.781 ,
390 , 0.3809 , 0.002974 , 0 , 0.125 ,
391 , 0.3818 , 0.002984 , 0 , 0.165 ,
392 , 0.3828 , 0.002993 , 0 , 0.178 ,
393 , 0.3838 , 0.003002 , 0 , 1.55 ,
394 , 0.3848 , 0.00301 , 0 , -0.879 ,
395 , 0.3857 , 0.003019 , 0 , -2.9 ,
396 , 0.3867 , 0.003027 , 0 , -2.81 ,
397 , 0.3877 , 0.003034 , 0 , -0.993 ,
398 , 0.3887 , 0.003042 , 0 , 0.78 ,
399 , 0.3896 , 0.003049 , 0 , 1.75 ,
400 , 0.3906 , 0.003056 , 0 , -2.6 ,
401 , 0.3916 , 0.003063 , 0 , -0.191 ,
402 , 0.3926 , 0.003069 , 0 , -2.76 ,
403 , 0.3936 , 0.003075 , 0 , 0.117 ,
404 , 0.3945 , 0.003081 , 0 , -1.25 ,
405 , 0.3955 , 0.003087 , 0 , 1.46 ,
406 , 0.3965 , 0.003092 , 0 , -1.21 ,
407 , 0.3975 , 0.003098 , 0 , 2.44 ,
408 , 0.3984 , 0.003102 , 0 , -0.857 ,
409 , 0.3994 , 0.003107 , 0 , -1.59 ,
410 , 0.4004 , 0.003112 , 0 , -2.79 ,
411 , 0.4014 , 0.003116 , 0 , 0.857 ,
412 , 0.4023 , 0.00312 , 0 , 0.376 ,
413 , 0.4033 , 0.003124 , 0 , 0.762 ,
414 , 0.4043 , 0.003127 , 0 , 0.28 ,
415 , 0.4053 , 0.003131 , 0 , 0.675 ,
416 , 0.4063 , 0.003134 , 0 , 1.42 ,
417 , 0.4072 , 0.003137 , 0 , -1.8 ,
418 , 0.4082 , 0.003139 , 0 , -2.77 ,
419 , 0.4092 , 0.003142 , 0 , 0.0789 ,
420 , 0.4102 , 0.003144 , 0 , 0.452 ,
421 , 0.4111 , 0.003146 , 0 , -0.206 ,
422 , 0.4121 , 0.003148 , 0 , -2.71 ,
423 , 0.4131 , 0.00315 , 0 , 1.28 ,
424 , 0.4141 , 0.003151 , 0 , 1.59 ,
425 , 0.415 , 0.003153 , 0 , -1.61 ,
426 , 0.416 , 0.003154 , 0 , 1.23 ,
427 , 0.417 , 0.003155 , 0 , -2.63 ,
428 , 0.418 , 0.003155 , 0 , -0.188 ,
429 , 0.4189 , 0.003156 , 0 , -0.962 ,
430 , 0.4199 , 0.003156 , 0 , 1.51 ,
431 , 0.4209 , 0.003157 , 0 , 3.1 ,
432 , 0.4219 , 0.003157 , 0 , -2.39 ,
433 , 0.4229 , 0.003156 , 0 , -1.07 ,
434 , 0.4238 , 0.003156 , 0 , 0.985 ,
435 , 0.4248 , 0.003156 , 0 , 0.117 ,
436 , 0.4258 , 0.003155 , 0 , 0.44 ,
437 , 0.4268 , 0.003154 , 0 , 3.06 ,
438 , 0.4277 , 0.003153 , 0 , -2.47 ,
439 , 0.4287 , 0.003152 , 0 , -2.71 ,
440 , 0.4297 , 0.003151 , 0 , 1.99 ,
441 , 0.4307 , 0.00315 , 0 , -0.0715 ,
442 , 0.4316 , 0.003148 , 0 , -2.64 ,
443 , 0.4326 , 0.003147 , 0 , 2.39 ,
444 , 0.4336 , 0.003145 , 0 , -2.82 ,
445 , 0.4346 , 0.003143 , 0 , -1.6 ,
446 , 0.4355 , 0.003141 , 0 , -2.08 ,
447 , 0.4365 , 0.003138 , 0 , 1.66 ,
448 , 0.4375 , 0.003136 , 0 , 0.417 ,
449 , 0.4385 , 0.003134 , 0 , 2.33 ,
450 , 0.4395 , 0.003131 , 0 , -2.33 ,
451 , 0.4404 , 0.003128 , 0 , 1.32 ,
452 , 0.4414 , 0.003126 , 0 , -1.55 ,
453 , 0.4424 , 0.003123 , 0 , 0.418 ,
454 , 0.4434 , 0.00312 , 0 , 1.64 ,
455 , 0.4443 , 0.003116 , 0 , -1.23 ,
456 , 0.4453 , 0.003113 , 0 , 1.22 ,
457 , 0.4463 , 0.00311 , 0 , -2.27 ,
458 , 0.4473 , 0.003106 , 0 , -2.99 ,
459 , 0.4482 , 0.003103 , 0 , -0.472 ,
460 , 0.4492 , 0.003099 , 0 , 1.65 ,
461 , 0.4502 , 0.003095 , 0 , 0.414 ,
462 , 0.4512 , 0.003091 , 0 , -1.66 ,
463 , 0.4521 , 0.003087 , 0 , -1.43 ,
464 , 0.4531 , 0.003083 , 0 , -0.579 ,
465 , 0.4541 , 0.003079 , 0 , -0.427 ,
466 , 0.4551 , 0.003074 , 0 , 0.0877 ,
467 , 0.4561 , 0.00307 , 0 , 1.47 ,
468 , 0.457 , 0.003066 , 0 , -2.41 ,
469 , 0.458 , 0.003061 , 0 , -0.32 ,
470 , 0.459 , 0.003056 , 0 , -0.313 ,
471 , 0.46 , 0.003052 , 0 , -2.79 ,
472 , 0.4609 , 0.003047 , 0 , -0.53 ,
473 , 0.4619 , 0.003042 , 0 , -2.25 ,
474 , 0.4629 , 0.003037 , 0 , 2.45 ,
475 , 0.4639 , 0.003032 , 0 , 3.05 ,
476 , 0.4648 , 0.003027 , 0 , -2.49 ,
477 , 0.4658 , 0.003022 , 0 , -2.83 ,
478 , 0.4668 , 0.003016 , 0 , -0.464 ,
479 , 0.4678 , 0.003011 , 0 , -0.511 ,
480 , 0.4688 , 0.003006 , 0 , 2.48 ,
481 , 0.4697 , 0.003 , 0 , -0.231 ,
482 , 0.4707 , 0.002995 , 0 , 1.09 ,
483 , 0.4717 , 0.002989 , 0 , 0.794 ,
484 , 0.4727 , 0.002984 , 0 , 0.849 ,
485 , 0.4736 , 0.002978 , 0 , -3.11 ,
486 , 0.4746 , 0.002972 , 0 , 0.135 ,
487 , 0.4756 , 0.002966 , 0 , -0.327 ,
488 , 0.4766 , 0.002961 , 0 , -1.09 ,
489 , 0.4775 , 0.002955 , 0 , 0.0944 ,
490 , 0.4785 , 0.002949 , 0 , 1.11 ,
491 , 0.4795 , 0.002943 , 0 , 2.09 ,
492 , 0.4805 , 0.002937 , 0 , 0.823 ,
493 , 0.4814 , 0.002931 , 0 , -1.2 ,
494 , 0.4824 , 0.002924 , 0 , 2.17 ,
495 , 0.4834 , 0.002918 , 0 , -0.376 ,
496 , 0.4844 , 0.002912 , 0 , -2.63 ,
497 , 0.4854 , 0.002906 , 0 , -0.761 ,
498 , 0.4863 , 0.002899 , 0 , -0.976 ,
499 , 0.4873 , 0.002893 , 0 , -0.594 ,
500 , 0.4883 , 0.002887 , 0 , 2.89 ,
501 , 0.4893 , 0.00288 , 0 , -2.85 ,
502 , 0.4902 , 0.002874 , 0 , -1.27 ,
503 , 0.4912 , 0.002867 , 0 , 1.8 ,
504 , 0.4922 , 0.002861 , 0 , 3.08 ,
505 , 0.4932 , 0.002854 , 0 , -2.52 ,
506 , 0.4941 , 0.002848 , 0 , 0.0976 ,
507 , 0.4951 , 0.002841 , 0 , -2.55 ,
508 , 0.4961 , 0.002834 , 0 , 2.72 ,
509 , 0.4971 , 0.002828 , 0 , -1.21 ,
510 , 0.498 , 0.002821 , 0 , 1.98 ,
511 , 0.499 , 0.002814 , 0 , -0.673 ,
512 , 0.5 , 0.002807 , 0 , -2.65 ,
513 , 0.501 , 0.002801 , 0 , 1.16 ,
514 , 0.502 , 0.002794 , 0 , -1.33 ,
515 , 0.5029 , 0.002787 , 0 , -2.44 ,
516 , 0.5039 , 0.00278 , 0 , 0.339 ,
517 , 0.5049 , 0.002773 , 0 , 2.64 ,
518 , 0.5059 , 0.002766 , 0 , -2.02 ,
519 , 0.5068 , 0.002759 , 0 , -0.511 ,
520 , 0.5078 , 0.002753 , 0 , 0.00253 ,
521 , 0.5088 , 0.002746 , 0 , -0.146 ,
522 , 0.5098 , 0.002739 , 0 , 2.37 ,
523 , 0.5107 , 0.002732 , 0 , -0.165 ,
524 , 0.5117 , 0.002725 , 0 , -2.48 ,
525 , 0.5127 , 0.002718 , 0 , -1.08 ,
526 , 0.5137 , 0.002711 , 0 , -2.67 ,
527 , 0.5146 , 0.002704 , 0 , -2.34 ,
528 , 0.5156 , 0.002697 , 0 , 1.79 ,
529 , 0.5166 , 0.002689 , 0 , -2.6 ,
530 , 0.5176 , 0.002682 , 0 , -1.57 ,
531 , 0.5186 , 0.002675 , 0 , -0.89 ,
532 , 0.5195 , 0.002668 , 0 , -1.54 ,
533 , 0.5205 , 0.002661 , 0 , -1.9 ,
534 , 0.5215 , 0.002654 , 0 , -0.852 ,
535 , 0.5225 , 0.002647 , 0 , 2.03 ,
536 , 0.5234 , 0.00264 , 0 , -2.07 ,
537 , 0.5244 , 0.002633 , 0 , 2.83 ,
538 , 0.5254 , 0.002625 , 0 , 2.4 ,
539 , 0.5264 , 0.002618 , 0 , 2.58 ,
540 , 0.5273 , 0.002611 , 0 , 2.52 ,
541 , 0.5283 , 0.002604 , 0 , 1.99 ,
542 , 0.5293 , 0.002597 , 0 , -2.38 ,
543 , 0.5303 , 0.00259 , 0 , 2.7 ,
544 , 0.5313 , 0.002583 , 0 , -0.165 ,
545 , 0.5322 , 0.002575 , 0 , -2.02 ,
546 , 0.5332 , 0.002568 , 0 , 1.25 ,
547 , 0.5342 , 0.002561 , 0 , 2.68 ,
548 , 0.5352 , 0.002554 , 0 , 2.16 ,
549 , 0.5361 , 0.002547 , 0 , -1.27 ,
550 , 0.5371 , 0.00254 , 0 , -0.754 ,
551 , 0.5381 , 0.002532 , 0 , -0.604 ,
552 , 0.5391 , 0.002525 , 0 , -2.12 ,
553 , 0.54 , 0.002518 , 0 , 1.7 ,
554 , 0.541 , 0.002511 , 0 , 1.59 ,
555 , 0.542 , 0.002504 , 0 , -0.912 ,
556 , 0.543 , 0.002497 , 0 , -2.97 ,
557 , 0.5439 , 0.00249 , 0 , -1.24 ,
558 , 0.5449 , 0.002482 , 0 , -2.69 ,
559 , 0.5459 , 0.002475 , 0 , -1.68 ,
560 , 0.5469 , 0.002468 , 0 , -3.02 ,
561 , 0.5479 , 0.002461 , 0 , -1.44 ,
562 , 0.5488 , 0.002454 , 0 , -2.71 ,
563 , 0.5498 , 0.002447 , 0 , 2.93 ,
564 , 0.5508 , 0.00244 , 0 , 2.15 ,
565 , 0.5518 , 0.002433 , 0 , 0.429 ,
566 , 0.5527 , 0.002425 , 0 , 2.37 ,
567 , 0.5537 , 0.002418 , 0 , 0.5 ,
568 , 0.5547 , 0.002411 , 0 , -0.108 ,
569 , 0.5557 , 0.002404 , 0 , 1.14 ,
570 , 0.5566 , 0.002397 , 0 , -1.18 ,
571 , 0.5576 , 0.00239 , 0 , -0.786 ,
572 , 0.5586 , 0.002383 , 0 , -1.96 ,
573 , 0.5596 , 0.002376 , 0 , -2.7 ,
574 , 0.5605 , 0.002369 , 0 , 1.01 ,
575 , 0.5615 , 0.002362 , 0 , 2.93 ,
576 , 0.5625 , 0.002355 , 0 , 2.17 ,
577 , 0.5635 , 0.002348 , 0 , 1.41 ,
578 , 0.5645 , 0.002341 , 0 , -2.56 ,
579 , 0.5654 , 0.002334 , 0 , 1.96 ,
580 , 0.5664 , 0.002327 , 0 , -0.526 ,
581 , 0.5674 , 0.00232 , 0 , -0.568 ,
582 , 0.5684 , 0.002313 , 0 , 1.62 ,
583 , 0.5693 , 0.002306 , 0 , 0.697 ,
584 , 0.5703 , 0.002299 , 0 , 1.21 ,
585 , 0.5713 , 0.002293 , 0 , 3.14 ,
586 , 0.5723 , 0.002286 , 0 , -1.71 ,
587 , 0.5732 , 0.002279 , 0 , 1.31 ,
588 , 0.5742 , 0.002272 , 0 , 1.56 ,
589 , 0.5752 , 0.002265 , 0 , -0.932 ,
590 , 0.5762 , 0.002258 , 0 , 2.61 ,
591 , 0.5771 , 0.002251 , 0 , -2.41 ,
592 , 0.5781 , 0.002245 , 0 , 1.47 ,
593 , 0.5791 , 0.002238 , 0 , 0.641 ,
594 , 0.5801 , 0.002231 , 0 , -3.04 ,
595 , 0.5811 , 0.002224 , 0 , 3 ,
596 , 0.582 , 0.002218 , 0 , 0.959 ,
597 , 0.583 , 0.002211 , 0 , -2.38 ,
598 , 0.584 , 0.002204 , 0 , -2.87 ,
599 , 0.585 , 0.002197 , 0 , -2.17 ,
600 , 0.5859 , 0.002191 , 0 , 0.908 ,
601 , 0.5869 , 0.002184 , 0 , -1.56 ,
602 , 0.5879 , 0.002177 , 0 , 1.4 ,
603 , 0.5889 , 0.002171 , 0 , -3.02 ,
604 , 0.5898 , 0.002164 , 0 , -1.35 ,
605 , 0.5908 , 0.002158 , 0 , 0.14 ,
606 , 0.5918 , 0.002151 , 0 , 2.04 ,
607 , 0.5928 , 0.002144 , 0 , -0.798 ,
608 , 0.5938 , 0.002138 , 0 , -0.976 ,
609 , 0.5947 , 0.002131 , 0 , -2.9 ,
610 , 0.5957 , 0.002125 , 0 , -0.838 ,
611 , 0.5967 , 0.002118 , 0 , -0.315 ,
612 , 0.5977 , 0.002112 , 0 , -1.09 ,
613 , 0.5986 , 0.002105 , 0 , -0.917 ,
614 , 0.5996 , 0.002099 , 0 , 0.62 ,
615 , 0.6006 , 0.002092 , 0 , -2.19 ,
616 , 0.6016 , 0.002086 , 0 , -1.86 ,
617 , 0.6025 , 0.002079 , 0 , -2.45 ,
618 , 0.6035 , 0.002073 , 0 , -1.26 ,
619 , 0.6045 , 0.002067 , 0 , 0.217 ,
620 , 0.6055 , 0.00206 , 0 , -1.44 ,
621 , 0.6064 , 0.002054 , 0 , -1.69 ,
622 , 0.6074 , 0.002048 , 0 , 1.63 ,
623 , 0.6084 , 0.002041 , 0 , 1.62 ,
624 , 0.6094 , 0.002035 , 0 , -2.31 ,
625 , 0.6104 , 0.002029 , 0 , 2.17 ,
626 , 0.6113 , 0.002023 , 0 , -1.28 ,
627 , 0.6123 , 0.002016 , 0 , 2.8 ,
628 , 0.6133 , 0.00201 , 0 , -1.37 ,
629 , 0.6143 , 0.002004 , 0 , -0.0599 ,
630 , 0.6152 , 0.001998 , 0 , 1.89 ,
631 , 0.6162 , 0.001991 , 0 , 0.899 ,
632 , 0.6172 , 0.001985 , 0 , -0.62 ,
633 , 0.6182 , 0.001979 , 0 , -2.88 ,
634 , 0.6191 , 0.001973 , 0 , -0.159 ,
635 , 0.6201 , 0.001967 , 0 , -2.28 ,
636 , 0.6211 , 0.001961 , 0 , -0.0382 ,
637 , 0.6221 , 0.001955 , 0 , -2.85 ,
638 , 0.623 , 0.001949 , 0 , -2.98 ,
639 , 0.624 , 0.001943 , 0 , 0.851 ,
640 , 0.625 , 0.001937 , 0 , 2.23 ,
641 , 0.626 , 0.001931 , 0 , 0.165 ,
642 , 0.627 , 0.001925 , 0 , 1.01 ,
643 , 0.6279 , 0.001919 , 0 , -1.6 ,
644 , 0.6289 , 0.001913 , 0 , 0.191 ,
645 , 0.6299 , 0.001907 , 0 , 2.3 ,
646 , 0.6309 , 0.001901 , 0 , -0.865 ,
647 , 0.6318 , 0.001895 , 0 , -1.93 ,
648 , 0.6328 , 0.001889 , 0 , -1.94 ,
649 , 0.6338 , 0.001884 , 0 , 1.19 ,
650 , 0.6348 , 0.001878 , 0 , 2.78 ,
651 , 0.6357 , 0.001872 , 0 , -2.63 ,
652 , 0.6367 , 0.001866 , 0 , -0.0644 ,
653 , 0.6377 , 0.00186 , 0 , 1.28 ,
654 , 0.6387 , 0.001855 , 0 , 1.56 ,
655 , 0.6396 , 0.001849 , 0 , 1.65 ,
656 , 0.6406 , 0.001843 , 0 , -1.57 ,
657 , 0.6416 , 0.001837 , 0 , 2.87 ,
658 , 0.6426 , 0.001832 , 0 , 0.358 ,
659 , 0.6436 , 0.001826 , 0 , -3.09 ,
660 , 0.6445 , 0.00182 , 0 , 1.33 ,
661 , 0.6455 , 0.001815 , 0 , -1.27 ,
662 , 0.6465 , 0.001809 , 0 , 1.87 ,
663 , 0.6475 , 0.001804 , 0 , 0.173 ,
664 , 0.6484 , 0.001798 , 0 , -2.55 ,
665 , 0.6494 , 0.001793 , 0 , -0.981 ,
666 , 0.6504 , 0.001787 , 0 , 2.39 ,
667 , 0.6514 , 0.001781 , 0 , -1.57 ,
668 , 0.6523 , 0.001776 , 0 , -3.07 ,
669 , 0.6533 , 0.00177 , 0 , -2.88 ,
670 , 0.6543 , 0.001765 , 0 , -0.255 ,
671 , 0.6553 , 0.00176 , 0 , -1.23 ,
672 , 0.6563 , 0.001754 , 0 , 0.203 ,
673 , 0.6572 , 0.001749 , 0 , -1.83 ,
674 , 0.6582 , 0.001743 , 0 , 2.92 ,
675 , 0.6592 , 0.001738 , 0 , -0.33 ,
676 , 0.6602 , 0.001733 , 0 , 1.39 ,
677 , 0.6611 , 0.001727 , 0 , 1.68 ,
678 , 0.6621 , 0.001722 , 0 , 0.512 ,
679 , 0.6631 , 0.001717 , 0 , 2.69 ,
680 , 0.6641 , 0.001711 , 0 , 0.685 ,
681 , 0.665 , 0.001706 , 0 , -2.3 ,
682 , 0.666 , 0.001701 , 0 , -1.24 ,
683 , 0.667 , 0.001696 , 0 , -1.91 ,
684 , 0.668 , 0.001691 , 0 , -1.47 ,
685 , 0.6689 , 0.001685 , 0 , 2.15 ,
686 , 0.6699 , 0.00168 , 0 , -0.969 ,
687 , 0.6709 , 0.001675 , 0 , 2.69 ,
688 , 0.6719 , 0.00167 , 0 , -1.11 ,
689 , 0.6729 , 0.001665 , 0 , -2.35 ,
690 , 0.6738 , 0.00166 , 0 , 0.901 ,
691 , 0.6748 , 0.001655 , 0 , 0.493 ,
692 , 0.6758 , 0.001649 , 0 , 0.115 ,
693 , 0.6768 , 0.001644 , 0 , 0.419 ,
694 , 0.6777 , 0.001639 , 0 , 2.88 ,
695 , 0.6787 , 0.001634 , 0 , 0.712 ,
696 , 0.6797 , 0.001629 , 0 , 0.175 ,
697 , 0.6807 , 0.001624 , 0 , -1.54 ,
698 , 0.6816 , 0.001619 , 0 , 2.48 ,
699 , 0.6826 , 0.001615 , 0 , -1.59 ,
700 , 0.6836 , 0.00161 , 0 , 2.84 ,
701 , 0.6846 , 0.001605 , 0 , 2.83 ,
702 , 0.6855 , 0.0016 , 0 , 3 ,
703 , 0.6865 , 0.001595 , 0 , 2.98 ,
704 , 0.6875 , 0.00159 , 0 , -1.24 ,
705 , 0.6885 , 0.001585 , 0 , 2.53 ,
706 , 0.6895 , 0.00158 , 0 , -0.599 ,
707 , 0.6904 , 0.001576 , 0 , 0.233 ,
708 , 0.6914 , 0.001571 , 0 , -1.42 ,
709 , 0.6924 , 0.001566 , 0 , 0.789 ,
710 , 0.6934 , 0.001561 , 0 , -2.4 ,
711 , 0.6943 , 0.001557 , 0 , 0.0651 ,
712 , 0.6953 , 0.001552 , 0 , -2.9 ,
713 , 0.6963 , 0.001547 , 0 , 0.019 ,
714 , 0.6973 , 0.001542 , 0 , -0.307 ,
715 , 0.6982 , 0.001538 , 0 , -0.594 ,
716 , 0.6992 , 0.001533 , 0 , -1.28 ,
717 , 0.7002 , 0.001528 , 0 , -0.532 ,
718 , 0.7012 , 0.001524 , 0 , 0.915 ,
719 , 0.7021 , 0.001519 , 0 , 0.991 ,
720 , 0.7031 , 0.001515 , 0 , 1.18 ,
721 , 0.7041 , 0.00151 , 0 , -2.37 ,
722 , 0.7051 , 0.001506 , 0 , -0.592 ,
723 , 0.7061 , 0.001501 , 0 , -0.0631 ,
724 , 0.707 , 0.001496 , 0 , -1.82 ,
725 , 0.708 , 0.001492 , 0 , -1.69 ,
726 , 0.709 , 0.001487 , 0 , -0.57 ,
727 , 0.71 , 0.001483 , 0 , 2.52 ,
728 , 0.7109 , 0.001479 , 0 , 1.57 ,
729 , 0.7119 , 0.001474 , 0 , 1.09 ,
730 , 0.7129 , 0.00147 , 0 , 0.751 ,
731 , 0.7139 , 0.001465 , 0 , -1.18 ,
732 , 0.7148 , 0.001461 , 0 , 0.922 ,
733 , 0.7158 , 0.001457 , 0 , 1.66 ,
734 , 0.7168 , 0.001452 , 0 , -1.14 ,
735 , 0.7178 , 0.001448 , 0 , 1.95 ,
736 , 0.7188 , 0.001443 , 0 , -0.11 ,
737 , 0.7197 , 0.001439 , 0 , 1.68 ,
738 , 0.7207 , 0.001435 , 0 , -2.93 ,
739 , 0.7217 , 0.001431 , 0 , 1.98 ,
740 , 0.7227 , 0.001426 , 0 , -0.561 ,
741 , 0.7236 , 0.001422 , 0 , 2.3 ,
742 , 0.7246 , 0.001418 , 0 , 2.72 ,
743 , 0.7256 , 0.001414 , 0 , -3.06 ,
744 , 0.7266 , 0.001409 , 0 , -0.384 ,
745 , 0.7275 , 0.001405 , 0 , 0.194 ,
746 , 0.7285 , 0.001401 , 0 , -1.78 ,
747 , 0.7295 , 0.001397 , 0 , -0.685 ,
748 , 0.7305 , 0.001393 , 0 , 0.171 ,
749 , 0.7314 , 0.001389 , 0 , -3 ,
750 , 0.7324 , 0.001384 , 0 , 2.05 ,
751 , 0.7334 , 0.00138 , 0 , -0.883 ,
752 , 0.7344 , 0.001376 , 0 , -2.77 ,
753 , 0.7354 , 0.001372 , 0 , -1.95 ,
754 , 0.7363 , 0.001368 , 0 , 2.85 ,
755 , 0.7373 , 0.001364 , 0 , -2.34 ,
756 , 0.7383 , 0.00136 , 0 , 1.82 ,
757 , 0.7393 , 0.001356 , 0 , 0.0587 ,
758 , 0.7402 , 0.001352 , 0 , -2.66 ,
759 , 0.7412 , 0.001348 , 0 , 1.96 ,
760 , 0.7422 , 0.001344 , 0 , -3.03 ,
761 , 0.7432 , 0.00134 , 0 , -0.525 ,
762 , 0.7441 , 0.001336 , 0 , 2.68 ,
763 , 0.7451 , 0.001332 , 0 , 1.55 ,
764 , 0.7461 , 0.001328 , 0 , 2.33 ,
765 , 0.7471 , 0.001325 , 0 , -0.428 ,
766 , 0.748 , 0.001321 , 0 , -0.397 ,
767 , 0.749 , 0.001317 , 0 , -0.978 ,
768 , 0.75 , 0.001313 , 0 , -0.501 ,
769 , 0.751 , 0.001309 , 0 , 1.43 ,
770 , 0.752 , 0.001305 , 0 , 0.55 ,
771 , 0.7529 , 0.001301 , 0 , 1.43 ,
772 , 0.7539 , 0.001298 , 0 , 1.98 ,
773 , 0.7549 , 0.001294 , 0 , 1.1 ,
774 , 0.7559 , 0.00129 , 0 , -2.47 ,
775 , 0.7568 , 0.001286 , 0 , 2.6 ,
776 , 0.7578 , 0.001283 , 0 , -1.15 ,
777 , 0.7588 , 0.001279 , 0 , 1.16 ,
778 , 0.7598 , 0.001275 , 0 , -1.87 ,
779 , 0.7607 , 0.001271 , 0 , 1.51 ,
780 , 0.7617 , 0.001268 , 0 , -2.68 ,
781 , 0.7627 , 0.001264 , 0 , 2.19 ,
782 , 0.7637 , 0.00126 , 0 , 0.358 ,
783 , 0.7646 , 0.001257 , 0 , 1.44 ,
784 , 0.7656 , 0.001253 , 0 , -2.11 ,
785 , 0.7666 , 0.001249 , 0 , 3.12 ,
786 , 0.7676 , 0.001246 , 0 , -3.02 ,
787 , 0.7686 , 0.001242 , 0 , 1.1 ,
788 , 0.7695 , 0.001239 , 0 , -2.7 ,
789 , 0.7705 , 0.001235 , 0 , -0.0204 ,
790 , 0.7715 , 0.001232 , 0 , -1.15 ,
791 , 0.7725 , 0.001228 , 0 , -2.55 ,
792 , 0.7734 , 0.001225 , 0 , -0.151 ,
793 , 0.7744 , 0.001221 , 0 , -0.619 ,
794 , 0.7754 , 0.001217 , 0 , -2.54 ,
795 , 0.7764 , 0.001214 , 0 , 0.204 ,
796 , 0.7773 , 0.001211 , 0 , 0.588 ,
797 , 0.7783 , 0.001207 , 0 , 0.411 ,
798 , 0.7793 , 0.001204 , 0 , 2.84 ,
799 , 0.7803 , 0.0012 , 0 , 2.36 ,
800 , 0.7813 , 0.001197 , 0 , -0.155 ,
801 , 0.7822 , 0.001193 , 0 , 1.06 ,
802 , 0.7832 , 0.00119 , 0 , -0.171 ,
803 , 0.7842 , 0.001187 , 0 , -1.46 ,
804 , 0.7852 , 0.001183 , 0 , -1.1 ,
805 , 0.7861 , 0.00118 , 0 , -2.31 ,
806 , 0.7871 , 0.001176 , 0 , -2.08 ,
807 , 0.7881 , 0.001173 , 0 , 3 ,
808 , 0.7891 , 0.00117 , 0 , 0.0825 ,
809 , 0.79 , 0.001166 , 0 , 2.22 ,
810 , 0.791 , 0.001163 , 0 , 3.09 ,
811 , 0.792 , 0.00116 , 0 , -1.7 ,
812 , 0.793 , 0.001157 , 0 , 2.94 ,
813 , 0.7939 , 0.001153 , 0 , 2.87 ,
814 , 0.7949 , 0.00115 , 0 , 0.865 ,
815 , 0.7959 , 0.001147 , 0 , 0.0684 ,
816 , 0.7969 , 0.001144 , 0 , -1.52 ,
817 , 0.7979 , 0.00114 , 0 , 2.01 ,
818 , 0.7988 , 0.001137 , 0 , -0.0981 ,
819 , 0.7998 , 0.001134 , 0 , 1.38 ,
820 , 0.8008 , 0.001131 , 0 , 2.13 ,
821 , 0.8018 , 0.001128 , 0 , -2.99 ,
822 , 0.8027 , 0.001124 , 0 , -1.54 ,
823 , 0.8037 , 0.001121 , 0 , 2.91 ,
824 , 0.8047 , 0.001118 , 0 , 0.784 ,
825 , 0.8057 , 0.001115 , 0 , 1.96 ,
826 , 0.8066 , 0.001112 , 0 , -3.11 ,
827 , 0.8076 , 0.001109 , 0 , -2.05 ,
828 , 0.8086 , 0.001106 , 0 , -1.44 ,
829 , 0.8096 , 0.001103 , 0 , 0.819 ,
830 , 0.8105 , 0.001099 , 0 , 0.144 ,
831 , 0.8115 , 0.001096 , 0 , -3.02 ,
832 , 0.8125 , 0.001093 , 0 , -1.19 ,
833 , 0.8135 , 0.00109 , 0 , 0.0792 ,
834 , 0.8145 , 0.001087 , 0 , -2.06 ,
835 , 0.8154 , 0.001084 , 0 , -1.97 ,
836 , 0.8164 , 0.001081 , 0 , 2.82 ,
837 , 0.8174 , 0.001078 , 0 , -0.535 ,
838 , 0.8184 , 0.001075 , 0 , -2.23 ,
839 , 0.8193 , 0.001072 , 0 , 0.0329 ,
840 , 0.8203 , 0.001069 , 0 , 3.04 ,
841 , 0.8213 , 0.001066 , 0 , -0.884 ,
842 , 0.8223 , 0.001063 , 0 , -1.07 ,
843 , 0.8232 , 0.00106 , 0 , -2.2 ,
844 , 0.8242 , 0.001058 , 0 , -2.05 ,
845 , 0.8252 , 0.001055 , 0 , -2.65 ,
846 , 0.8262 , 0.001052 , 0 , 1.72 ,
847 , 0.8271 , 0.001049 , 0 , -2.76 ,
848 , 0.8281 , 0.001046 , 0 , -2.06 ,
849 , 0.8291 , 0.001043 , 0 , 2.21 ,
850 , 0.8301 , 0.00104 , 0 , -0.906 ,
851 , 0.8311 , 0.001037 , 0 , 1.23 ,
852 , 0.832 , 0.001035 , 0 , -1.59 ,
853 , 0.833 , 0.001032 , 0 , 1.82 ,
854 , 0.834 , 0.001029 , 0 , -1.42 ,
855 , 0.835 , 0.001026 , 0 , 2.69 ,
856 , 0.8359 , 0.001023 , 0 , -1.21 ,
857 , 0.8369 , 0.00102 , 0 , 2.22 ,
858 , 0.8379 , 0.001018 , 0 , 1.34 ,
859 , 0.8389 , 0.001015 , 0 , -1.46 ,
860 , 0.8398 , 0.001012 , 0 , 1.94 ,
861 , 0.8408 , 0.001009 , 0 , -1.68 ,
862 , 0.8418 , 0.001007 , 0 , -1.61 ,
863 , 0.8428 , 0.001004 , 0 , 1.39 ,
864 , 0.8438 , 0.001001 , 0 , 1.35 ,
865 , 0.8447 , 0.0009985 , 0 , 1.25 ,
866 , 0.8457 , 0.0009958 , 0 , 0.895 ,
867 , 0.8467 , 0.0009931 , 0 , 2.37 ,
868 , 0.8477 , 0.0009905 , 0 , 0.167 ,
869 , 0.8486 , 0.0009878 , 0 , 0.697 ,
870 , 0.8496 , 0.0009851 , 0 , -2.04 ,
871 , 0.8506 , 0.0009825 , 0 , -1.26 ,
872 , 0.8516 , 0.0009798 , 0 , 0.506 ,
873 , 0.8525 , 0.0009772 , 0 , 1.46 ,
874 , 0.8535 , 0.0009746 , 0 , 1.3 ,
875 , 0.8545 , 0.0009719 , 0 , -0.519 ,
876 , 0.8555 , 0.0009693 , 0 , -1.81 ,
877 , 0.8564 , 0.0009667 , 0 , -2.8 ,
878 , 0.8574 , 0.0009641 , 0 , 1.91 ,
879 , 0.8584 , 0.0009616 , 0 , -1.04 ,
880 , 0.8594 , 0.000959 , 0 , 2.74 ,
881 , 0.8604 , 0.0009564 , 0 , -0.481 ,
882 , 0.8613 , 0.0009539 , 0 , -1.85 ,
883 , 0.8623 , 0.0009513 , 0 , 3 ,
884 , 0.8633 , 0.0009488 , 0 , 0.793 ,
885 , 0.8643 , 0.0009463 , 0 , -0.151 ,
886 , 0.8652 , 0.0009438 , 0 , 1 ,
887 , 0.8662 , 0.0009412 , 0 , 1.27 ,
888 , 0.8672 , 0.0009387 , 0 , 2.71 ,
889 , 0.8682 , 0.0009363 , 0 , 2.54 ,
890 , 0.8691 , 0.0009338 , 0 , 0.922 ,
891 , 0.8701 , 0.0009313 , 0 , -1.7 ,
892 , 0.8711 , 0.0009288 , 0 , 1.19 ,
893 , 0.8721 , 0.0009264 , 0 , -2.24 ,
894 , 0.873 , 0.0009239 , 0 , -1.54 ,
895 , 0.874 , 0.0009215 , 0 , 1.32 ,
896 , 0.875 , 0.0009191 , 0 , -2.51 ,
897 , 0.876 , 0.0009166 , 0 , -1.58 ,
898 , 0.877 , 0.0009142 , 0 , -2.27 ,
899 , 0.8779 , 0.0009118 , 0 , -2.53 ,
900 , 0.8789 , 0.0009094 , 0 , 1.86 ,
901 , 0.8799 , 0.000907 , 0 , -1.69 ,
902 , 0.8809 , 0.0009047 , 0 , -0.344 ,
903 , 0.8818 , 0.0009023 , 0 , 2.67 ,
904 , 0.8828 , 0.0008999 , 0 , -1.37 ,
905 , 0.8838 , 0.0008976 , 0 , 0.353 ,
906 , 0.8848 , 0.0008952 , 0 , -1.04 ,
907 , 0.8857 , 0.0008929 , 0 , 1.21 ,
908 , 0.8867 , 0.0008905 , 0 , 2.48 ,
909 , 0.8877 , 0.0008882 , 0 , 1.89 ,
910 , 0.8887 , 0.0008859 , 0 , 0.503 ,
911 , 0.8896 , 0.0008836 , 0 , -0.599 ,
912 , 0.8906 , 0.0008813 , 0 , 2.33 ,
913 , 0.8916 , 0.000879 , 0 , -2.95 ,
914 , 0.8926 , 0.0008767 , 0 , 3.1 ,
915 , 0.8936 , 0.0008745 , 0 , 0.83 ,
916 , 0.8945 , 0.0008722 , 0 , 1.3 ,
917 , 0.8955 , 0.0008699 , 0 , 0.479 ,
918 , 0.8965 , 0.0008677 , 0 , -3.09 ,
919 , 0.8975 , 0.0008654 , 0 , 1.64 ,
920 , 0.8984 , 0.0008632 , 0 , 2.24 ,
921 , 0.8994 , 0.000861 , 0 , 0.679 ,
922 , 0.9004 , 0.0008588 , 0 , -1.33 ,
923 , 0.9014 , 0.0008565 , 0 , 0.67 ,
924 , 0.9023 , 0.0008543 , 0 , -0.0898 ,
925 , 0.9033 , 0.0008521 , 0 , 1.11 ,
926 , 0.9043 , 0.0008499 , 0 , -2.69 ,
927 , 0.9053 , 0.0008478 , 0 , 0.282 ,
928 , 0.9063 , 0.0008456 , 0 , -1.34 ,
929 , 0.9072 , 0.0008434 , 0 , 1.19 ,
930 , 0.9082 , 0.0008413 , 0 , -2.97 ,
931 , 0.9092 , 0.0008391 , 0 , -1.63 ,
932 , 0.9102 , 0.000837 , 0 , 0.942 ,
933 , 0.9111 , 0.0008348 , 0 , -2.82 ,
934 , 0.9121 , 0.0008327 , 0 , 1.36 ,
935 , 0.9131 , 0.0008306 , 0 , -1.51 ,
936 , 0.9141 , 0.0008285 , 0 , -1.74 ,
937 , 0.915 , 0.0008263 , 0 , 1.11 ,
938 , 0.916 , 0.0008242 , 0 , -0.867 ,
939 , 0.917 , 0.0008222 , 0 , 0.124 ,
940 , 0.918 , 0.0008201 , 0 , -0.878 ,
941 , 0.9189 , 0.000818 , 0 , -2.77 ,
942 , 0.9199 , 0.0008159 , 0 , 2.53 ,
943 , 0.9209 , 0.0008138 , 0 , -1.52 ,
944 , 0.9219 , 0.0008118 , 0 , -1.78 ,
945 , 0.9229 , 0.0008097 , 0 , -0.0796 ,
946 , 0.9238 , 0.0008077 , 0 , 1.75 ,
947 , 0.9248 , 0.0008056 , 0 , 0.0238 ,
948 , 0.9258 , 0.0008036 , 0 , -0.415 ,
949 , 0.9268 , 0.0008016 , 0 , -0.893 ,
950 , 0.9277 , 0.0007996 , 0 , -1.7 ,
951 , 0.9287 , 0.0007976 , 0 , -3.04 ,
952 , 0.9297 , 0.0007956 , 0 , -1.84 ,
953 , 0.9307 , 0.0007936 , 0 , -1.38 ,
954 , 0.9316 , 0.0007916 , 0 , 2.36 ,
955 , 0.9326 , 0.0007896 , 0 , -1.44 ,
956 , 0.9336 , 0.0007876 , 0 , -1.57 ,
957 , 0.9346 , 0.0007856 , 0 , -2.43 ,
958 , 0.9355 , 0.0007837 , 0 , 2.52 ,
959 , 0.9365 , 0.0007817 , 0 , -1.9 ,
960 , 0.9375 , 0.0007798 , 0 , 0.0196 ,
961 , 0.9385 , 0.0007778 , 0 , -1.41 ,
962 , 0.9395 , 0.0007759 , 0 , -0.651 ,
963 , 0.9404 , 0.000774 , 0 , 1.5 ,
964 , 0.9414 , 0.000772 , 0 , 0.759 ,
965 , 0.9424 , 0.0007701 , 0 , 1.38 ,
966 , 0.9434 , 0.0007682 , 0 , 1.9 ,
967 , 0.9443 , 0.0007663 , 0 , -0.735 ,
968 , 0.9453 , 0.0007644 , 0 , -2.87 ,
969 , 0.9463 , 0.0007625 , 0 , 1.8 ,
970 , 0.9473 , 0.0007606 , 0 , 0.869 ,
971 , 0.9482 , 0.0007587 , 0 , 1.82 ,
972 , 0.9492 , 0.0007569 , 0 , -2.43 ,
973 , 0.9502 , 0.000755 , 0 , 2.04 ,
974 , 0.9512 , 0.0007531 , 0 , 2.87 ,
975 , 0.9521 , 0.0007513 , 0 , 2.79 ,
976 , 0.9531 , 0.0007494 , 0 , -1.08 ,
977 , 0.9541 , 0.0007476 , 0 , 2.68 ,
978 , 0.9551 , 0.0007457 , 0 , 2.17 ,
979 , 0.9561 , 0.0007439 , 0 , -2.04 ,
980 , 0.957 , 0.0007421 , 0 , 1.39 ,
981 , 0.958 , 0.0007403 , 0 , 2.94 ,
982 , 0.959 , 0.0007385 , 0 , 1.98 ,
983 , 0.96 , 0.0007367 , 0 , -2.34 ,
984 , 0.9609 , 0.0007349 , 0 , -0.771 ,
985 , 0.9619 , 0.0007331 , 0 , 2.81 ,
986 , 0.9629 , 0.0007313 , 0 , -1.35 ,
987 , 0.9639 , 0.0007295 , 0 , 2.87 ,
988 , 0.9648 , 0.0007277 , 0 , -2.16 ,
989 , 0.9658 , 0.0007259 , 0 , 0.828 ,
990 , 0.9668 , 0.0007242 , 0 , 2.72 ,
991 , 0.9678 , 0.0007224 , 0 , -0.57 ,
992 , 0.9688 , 0.0007207 , 0 , -2.48 ,
993 , 0.9697 , 0.0007189 , 0 , -1.47 ,
994 , 0.9707 , 0.0007172 , 0 , -3.11 ,
995 , 0.9717 , 0.0007154 , 0 , 3.13 ,
996 , 0.9727 , 0.0007137 , 0 , -0.987 ,
997 , 0.9736 , 0.000712 , 0 , 0.426 ,
998 , 0.9746 , 0.0007103 , 0 , -2.68 ,
999 , 0.9756 , 0.0007085 , 0 , -0.36 ,
1000 , 0.9766 , 0.0007068 , 0 , -3.03 ,
1001 , 0.9775 , 0.0007051 , 0 , 1.22 ,
1002 , 0.9785 , 0.0007034 , 0 , -0.955 ,
1003 , 0.9795 , 0.0007017 , 0 , 1.58 ,
1004 , 0.9805 , 0.0007001 , 0 , -1.88 ,
1005 , 0.9814 , 0.0006984 , 0 , -2.89 ,
1006 , 0.9824 , 0.0006967 , 0 , -0.321 ,
1007 , 0.9834 , 0.000695 , 0 , -2.36 ,
1008 , 0.9844 , 0.0006934 , 0 , -1.02 ,
1009 , 0.9854 , 0.0006917 , 0 , 0.0498 ,
1010 , 0.9863 , 0.0006901 , 0 , -0.067 ,
1011 , 0.9873 , 0.0006884 , 0 , 0.488 ,
1012 , 0.9883 , 0.0006868 , 0 , 2.02 ,
1013 , 0.9893 , 0.0006851 , 0 , -0.338 ,
1014 , 0.9902 , 0.0006835 , 0 , 0.0562 ,
1015 , 0.9912 , 0.0006819 , 0 , -1.11 ,
1016 , 0.9922 , 0.0006802 , 0 , -0.872 ,
1017 , 0.9932 , 0.0006786 , 0 , 2.76 ,
1018 , 0.9941 , 0.000677 , 0 , 1.61 ,
1019 , 0.9951 , 0.0006754 , 0 , -1.24 ,
1020 , 0.9961 , 0.0006738 , 0 , 3 ,
1021 , 0.9971 , 0.0006722 , 0 , 0.844 ,
1022 , 0.998 , 0.0006706 , 0 , -0.453 ,
1023 , 0.999 , 0.000669 , 0 , -0.654 ,
1024 , 1 , 0.0006675 , 0 , 3.09 ,
1025 , 1.001 , 0.0006659 , 0 , -0.9 ,
1026 , 1.002 , 0.0006643 , 0 , 2.63 ,
1027 , 1.003 , 0.0006627 , 0 , -1.99 ,
1028 , 1.004 , 0.0006612 , 0 , 2.5 ,
1029 , 1.005 , 0.0006596 , 0 , -3.11 ,
1030 , 1.006 , 0.0006581 , 0 , 1.19 ,
1031 , 1.007 , 0.0006565 , 0 , -0.22 ,
1032 , 1.008 , 0.000655 , 0 , 1.85 ,
1033 , 1.009 , 0.0006535 , 0 , 0.65 ,
1034 , 1.01 , 0.0006519 , 0 , 0.907 ,
1035 , 1.011 , 0.0006504 , 0 , 0.0885 ,
1036 , 1.012 , 0.0006489 , 0 , -1.78 ,
1037 , 1.013 , 0.0006474 , 0 , -2.74 ,
1038 , 1.014 , 0.0006458 , 0 , -1.29 ,
1039 , 1.015 , 0.0006443 , 0 , -3.1 ,
1040 , 1.016 , 0.0006428 , 0 , -1.31 ,
1041 , 1.017 , 0.0006413 , 0 , -1.91 ,
1042 , 1.018 , 0.0006399 , 0 , -1.4 ,
1043 , 1.019 , 0.0006384 , 0 , 2.55 ,
1044 , 1.02 , 0.0006369 , 0 , -2.21 ,
1045 , 1.021 , 0.0006354 , 0 , 1.13 ,
1046 , 1.021 , 0.0006339 , 0 , 2.02 ,
1047 , 1.022 , 0.0006325 , 0 , 1.08 ,
1048 , 1.023 , 0.000631 , 0 , 2.57 ,
1049 , 1.024 , 0.0006295 , 0 , 1.52 ,
1050 , 1.025 , 0.0006281 , 0 , 2.56 ,
1051 , 1.026 , 0.0006266 , 0 , -0.156 ,
1052 , 1.027 , 0.0006252 , 0 , 2.01 ,
1053 , 1.028 , 0.0006237 , 0 , -0.11 ,
1054 , 1.029 , 0.0006223 , 0 , -2.29 ,
1055 , 1.03 , 0.0006209 , 0 , 2.36 ,
1056 , 1.031 , 0.0006194 , 0 , -0.895 ,
1057 , 1.032 , 0.000618 , 0 , -2.39 ,
1058 , 1.033 , 0.0006166 , 0 , 1.58 ,
1059 , 1.034 , 0.0006152 , 0 , -1.3 ,
1060 , 1.035 , 0.0006138 , 0 , 2.72 ,
1061 , 1.036 , 0.0006124 , 0 , 2.25 ,
1062 , 1.037 , 0.000611 , 0 , 2.08 ,
1063 , 1.038 , 0.0006096 , 0 , -1.9 ,
1064 , 1.039 , 0.0006082 , 0 , 1.69 ,
1065 , 1.04 , 0.0006068 , 0 , -1.2 ,
1066 , 1.041 , 0.0006054 , 0 , 1.86 ,
1067 , 1.042 , 0.000604 , 0 , -2.86 ,
1068 , 1.043 , 0.0006027 , 0 , 3.07 ,
1069 , 1.044 , 0.0006013 , 0 , -0.909 ,
1070 , 1.045 , 0.0005999 , 0 , -0.701 ,
1071 , 1.046 , 0.0005986 , 0 , 1.16 ,
1072 , 1.047 , 0.0005972 , 0 , -2.61 ,
1073 , 1.048 , 0.0005958 , 0 , -0.64 ,
1074 , 1.049 , 0.0005945 , 0 , 2.8 ,
1075 , 1.05 , 0.0005932 , 0 , -0.491 ,
1076 , 1.051 , 0.0005918 , 0 , 1.75 ,
1077 , 1.052 , 0.0005905 , 0 , -2.46 ,
1078 , 1.053 , 0.0005891 , 0 , -2 ,
1079 , 1.054 , 0.0005878 , 0 , 1.43 ,
1080 , 1.055 , 0.0005865 , 0 , 0.0865 ,
1081 , 1.056 , 0.0005852 , 0 , 2.62 ,
1082 , 1.057 , 0.0005838 , 0 , -0.387 ,
1083 , 1.058 , 0.0005825 , 0 , 2.16 ,
1084 , 1.059 , 0.0005812 , 0 , -1.38 ,
1085 , 1.06 , 0.0005799 , 0 , 1.1 ,
1086 , 1.061 , 0.0005786 , 0 , 2.15 ,
1087 , 1.062 , 0.0005773 , 0 , 0.909 ,
1088 , 1.063 , 0.000576 , 0 , -1.78 ,
1089 , 1.063 , 0.0005747 , 0 , -1.89 ,
1090 , 1.064 , 0.0005735 , 0 , -1.96 ,
1091 , 1.065 , 0.0005722 , 0 , 1.59 ,
1092 , 1.066 , 0.0005709 , 0 , -1.93 ,
1093 , 1.067 , 0.0005696 , 0 , 1.43 ,
1094 , 1.068 , 0.0005684 , 0 , 2.67 ,
1095 , 1.069 , 0.0005671 , 0 , 2.34 ,
1096 , 1.07 , 0.0005658 , 0 , 2.23 ,
1097 , 1.071 , 0.0005646 , 0 , 0.362 ,
1098 , 1.072 , 0.0005633 , 0 , -2.31 ,
1099 , 1.073 , 0.0005621 , 0 , -1.84 ,
1100 , 1.074 , 0.0005608 , 0 , -2.43 ,
1101 , 1.075 , 0.0005596 , 0 , -2.21 ,
1102 , 1.076 , 0.0005583 , 0 , 1.07 ,
1103 , 1.077 , 0.0005571 , 0 , 0.939 ,
1104 , 1.078 , 0.0005559 , 0 , -3.05 ,
1105 , 1.079 , 0.0005546 , 0 , -0.783 ,
1106 , 1.08 , 0.0005534 , 0 , 1.16 ,
1107 , 1.081 , 0.0005522 , 0 , 2.91 ,
1108 , 1.082 , 0.000551 , 0 , 2.7 ,
1109 , 1.083 , 0.0005498 , 0 , 3.12 ,
1110 , 1.084 , 0.0005486 , 0 , 1.01 ,
1111 , 1.085 , 0.0005474 , 0 , 2.15 ,
1112 , 1.086 , 0.0005462 , 0 , 1.65 ,
1113 , 1.087 , 0.000545 , 0 , -0.977 ,
1114 , 1.088 , 0.0005438 , 0 , -1.25 ,
1115 , 1.089 , 0.0005426 , 0 , 2.68 ,
1116 , 1.09 , 0.0005414 , 0 , -2.47 ,
1117 , 1.091 , 0.0005402 , 0 , 0.914 ,
1118 , 1.092 , 0.000539 , 0 , -3.08 ,
1119 , 1.093 , 0.0005378 , 0 , 1.87 ,
1120 , 1.094 , 0.0005367 , 0 , -0.882 ,
1121 , 1.095 , 0.0005355 , 0 , -2.06 ,
1122 , 1.096 , 0.0005343 , 0 , -2.3 ,
1123 , 1.097 , 0.0005332 , 0 , 0.784 ,
1124 , 1.098 , 0.000532 , 0 , 2.96 ,
1125 , 1.099 , 0.0005309 , 0 , -0.0844 ,
1126 , 1.1 , 0.0005297 , 0 , -0.325 ,
1127 , 1.101 , 0.0005286 , 0 , -2.23 ,
1128 , 1.102 , 0.0005274 , 0 , 0.953 ,
1129 , 1.103 , 0.0005263 , 0 , -2.27 ,
1130 , 1.104 , 0.0005251 , 0 , -2.73 ,
1131 , 1.104 , 0.000524 , 0 , 2.94 ,
1132 , 1.105 , 0.0005229 , 0 , 2.69 ,
1133 , 1.106 , 0.0005217 , 0 , -2.52 ,
1134 , 1.107 , 0.0005206 , 0 , -0.943 ,
1135 , 1.108 , 0.0005195 , 0 , -1.56 ,
1136 , 1.109 , 0.0005184 , 0 , -2.64 ,
1137 , 1.11 , 0.0005173 , 0 , -0.473 ,
1138 , 1.111 , 0.0005161 , 0 , 0.407 ,
1139 , 1.112 , 0.000515 , 0 , -0.0544 ,
1140 , 1.113 , 0.0005139 , 0 , 0.333 ,
1141 , 1.114 , 0.0005128 , 0 , 1.25 ,
1142 , 1.115 , 0.0005117 , 0 , 2.66 ,
1143 , 1.116 , 0.0005106 , 0 , 0.675 ,
1144 , 1.117 , 0.0005095 , 0 , -2.36 ,
1145 , 1.118 , 0.0005084 , 0 , 0.302 ,
1146 , 1.119 , 0.0005074 , 0 , 1.79 ,
1147 , 1.12 , 0.0005063 , 0 , 0.384 ,
1148 , 1.121 , 0.0005052 , 0 , -1.86 ,
1149 , 1.122 , 0.0005041 , 0 , -2.08 ,
1150 , 1.123 , 0.0005031 , 0 , 2.38 ,
1151 , 1.124 , 0.000502 , 0 , 1.18 ,
1152 , 1.125 , 0.0005009 , 0 , -1.59 ,
1153 , 1.126 , 0.0004998 , 0 , 2.14 ,
1154 , 1.127 , 0.0004988 , 0 , -1.29 ,
1155 , 1.128 , 0.0004977 , 0 , 3.07 ,
1156 , 1.129 , 0.0004967 , 0 , -2.98 ,
1157 , 1.13 , 0.0004956 , 0 , 0.179 ,
1158 , 1.131 , 0.0004946 , 0 , -2.24 ,
1159 , 1.132 , 0.0004935 , 0 , 2.2 ,
1160 , 1.133 , 0.0004925 , 0 , 1.44 ,
1161 , 1.134 , 0.0004914 , 0 , 2.73 ,
1162 , 1.135 , 0.0004904 , 0 , 2.4 ,
1163 , 1.136 , 0.0004894 , 0 , 2.95 ,
1164 , 1.137 , 0.0004883 , 0 , -0.129 ,
1165 , 1.138 , 0.0004873 , 0 , 2.29 ,
1166 , 1.139 , 0.0004863 , 0 , -1.42 ,
1167 , 1.14 , 0.0004853 , 0 , -2.81 ,
1168 , 1.141 , 0.0004843 , 0 , -0.697 ,
1169 , 1.142 , 0.0004832 , 0 , 2.23 ,
1170 , 1.143 , 0.0004822 , 0 , 1.54 ,
1171 , 1.144 , 0.0004812 , 0 , -0.559 ,
1172 , 1.145 , 0.0004802 , 0 , 0.274 ,
1173 , 1.146 , 0.0004792 , 0 , -0.309 ,
1174 , 1.146 , 0.0004782 , 0 , -2.79 ,
1175 , 1.147 , 0.0004772 , 0 , 2.36 ,
1176 , 1.148 , 0.0004762 , 0 , -0.0311 ,
1177 , 1.149 , 0.0004752 , 0 , 0.367 ,
1178 , 1.15 , 0.0004742 , 0 , -3.04 ,
1179 , 1.151 , 0.0004732 , 0 , 0.195 ,
1180 , 1.152 , 0.0004723 , 0 , -2.69 ,
1181 , 1.153 , 0.0004713 , 0 , 1.13 ,
1182 , 1.154 , 0.0004703 , 0 , -2.32 ,
1183 , 1.155 , 0.0004693 , 0 , -0.12 ,
1184 , 1.156 , 0.0004683 , 0 , -0.786 ,
1185 , 1.157 , 0.0004674 , 0 , 2.84 ,
1186 , 1.158 , 0.0004664 , 0 , -1.83 ,
1187 , 1.159 , 0.0004654 , 0 , -1.4 ,
1188 , 1.16 , 0.0004645 , 0 , 3.11 ,
1189 , 1.161 , 0.0004635 , 0 , -2.96 ,
1190 , 1.162 , 0.0004626 , 0 , 0.947 ,
1191 , 1.163 , 0.0004616 , 0 , 2.32 ,
1192 , 1.164 , 0.0004607 , 0 , 0.894 ,
1193 , 1.165 , 0.0004597 , 0 , -1.72 ,
1194 , 1.166 , 0.0004588 , 0 , 3 ,
1195 , 1.167 , 0.0004578 , 0 , 2.82 ,
1196 , 1.168 , 0.0004569 , 0 , -0.716 ,
1197 , 1.169 , 0.000456 , 0 , -2.97 ,
1198 , 1.17 , 0.000455 , 0 , 2.57 ,
1199 , 1.171 , 0.0004541 , 0 , 1.69 ,
1200 , 1.172 , 0.0004532 , 0 , 0.452 ,
1201 , 1.173 , 0.0004522 , 0 , 2.63 ,
1202 , 1.174 , 0.0004513 , 0 , 0.162 ,
1203 , 1.175 , 0.0004504 , 0 , 1.83 ,
1204 , 1.176 , 0.0004495 , 0 , -3.12 ,
1205 , 1.177 , 0.0004485 , 0 , -0.214 ,
1206 , 1.178 , 0.0004476 , 0 , 0.687 ,
1207 , 1.179 , 0.0004467 , 0 , -2.05 ,
1208 , 1.18 , 0.0004458 , 0 , 3.14 ,
1209 , 1.181 , 0.0004449 , 0 , -1.4 ,
1210 , 1.182 , 0.000444 , 0 , 0.902 ,
1211 , 1.183 , 0.0004431 , 0 , 0.523 ,
1212 , 1.184 , 0.0004422 , 0 , 2.51 ,
1213 , 1.185 , 0.0004413 , 0 , -1.28 ,
1214 , 1.186 , 0.0004404 , 0 , 1.2 ,
1215 , 1.187 , 0.0004395 , 0 , -1.46 ,
1216 , 1.188 , 0.0004386 , 0 , 1.82 ,
1217 , 1.188 , 0.0004377 , 0 , 1.36 ,
1218 , 1.189 , 0.0004369 , 0 , 0.105 ,
1219 , 1.19 , 0.000436 , 0 , 2.5 ,
1220 , 1.191 , 0.0004351 , 0 , 2.39 ,
1221 , 1.192 , 0.0004342 , 0 , -2.14 ,
1222 , 1.193 , 0.0004334 , 0 , 0.446 ,
1223 , 1.194 , 0.0004325 , 0 , 0.959 ,
1224 , 1.195 , 0.0004316 , 0 , 0.104 ,
1225 , 1.196 , 0.0004307 , 0 , 0.715 ,
1226 , 1.197 , 0.0004299 , 0 , -2.19 ,
1227 , 1.198 , 0.000429 , 0 , 2.53 ,
1228 , 1.199 , 0.0004282 , 0 , 2.02 ,
1229 , 1.2 , 0.0004273 , 0 , -2.78 ,
1230 , 1.201 , 0.0004264 , 0 , -0.0411 ,
1231 , 1.202 , 0.0004256 , 0 , -1.04 ,
1232 , 1.203 , 0.0004247 , 0 , -1.89 ,
1233 , 1.204 , 0.0004239 , 0 , -0.514 ,
1234 , 1.205 , 0.0004231 , 0 , 0.25 ,
1235 , 1.206 , 0.0004222 , 0 , 0.442 ,
1236 , 1.207 , 0.0004214 , 0 , 2.98 ,
1237 , 1.208 , 0.0004205 , 0 , 2.19 ,
1238 , 1.209 , 0.0004197 , 0 , -0.394 ,
1239 , 1.21 , 0.0004189 , 0 , 3.08 ,
1240 , 1.211 , 0.000418 , 0 , -2.89 ,
1241 , 1.212 , 0.0004172 , 0 , -0.658 ,
1242 , 1.213 , 0.0004164 , 0 , 2.81 ,
1243 , 1.214 , 0.0004155 , 0 , -0.773 ,
1244 , 1.215 , 0.0004147 , 0 , 1.59 ,
1245 , 1.216 , 0.0004139 , 0 , 1.72 ,
1246 , 1.217 , 0.0004131 , 0 , 2.06 ,
1247 , 1.218 , 0.0004123 , 0 , -2.84 ,
1248 , 1.219 , 0.0004115 , 0 , 1.38 ,
1249 , 1.22 , 0.0004106 , 0 , -2.06 ,
1250 , 1.221 , 0.0004098 , 0 , 0.897 ,
1251 , 1.222 , 0.000409 , 0 , 0.591 ,
1252 , 1.223 , 0.0004082 , 0 , -0.816 ,
1253 , 1.224 , 0.0004074 , 0 , 1.49 ,
1254 , 1.225 , 0.0004066 , 0 , 2.43 ,
1255 , 1.226 , 0.0004058 , 0 , -2.69 ,
1256 , 1.227 , 0.000405 , 0 , -2.98 ,
1257 , 1.228 , 0.0004042 , 0 , 0.478 ,
1258 , 1.229 , 0.0004034 , 0 , -0.791 ,
1259 , 1.229 , 0.0004027 , 0 , -0.307 ,
1260 , 1.23 , 0.0004019 , 0 , -1.18 ,
1261 , 1.231 , 0.0004011 , 0 , 1.78 ,
1262 , 1.232 , 0.0004003 , 0 , -2.97 ,
1263 , 1.233 , 0.0003995 , 0 , 2.13 ,
1264 , 1.234 , 0.0003987 , 0 , -2.8 ,
1265 , 1.235 , 0.000398 , 0 , -0.161 ,
1266 , 1.236 , 0.0003972 , 0 , 1.96 ,
1267 , 1.237 , 0.0003964 , 0 , -2.08 ,
1268 , 1.238 , 0.0003956 , 0 , 2.05 ,
1269 , 1.239 , 0.0003949 , 0 , -1.42 ,
1270 , 1.24 , 0.0003941 , 0 , 2.05 ,
1271 , 1.241 , 0.0003933 , 0 , -0.692 ,
1272 , 1.242 , 0.0003926 , 0 , -1.56 ,
1273 , 1.243 , 0.0003918 , 0 , -1.49 ,
1274 , 1.244 , 0.0003911 , 0 , 2.95 ,
1275 , 1.245 , 0.0003903 , 0 , 1.32 ,
1276 , 1.246 , 0.0003896 , 0 , 0.261 ,
1277 , 1.247 , 0.0003888 , 0 , 2.02 ,
1278 , 1.248 , 0.000388 , 0 , 0.233 ,
1279 , 1.249 , 0.0003873 , 0 , -1.92 ,
1280 , 1.25 , 0.0003866 , 0 , -2.07 ,
1281 , 1.251 , 0.0003858 , 0 , 2.7 ,
1282 , 1.252 , 0.0003851 , 0 , -1.46 ,
1283 , 1.253 , 0.0003843 , 0 , -2.92 ,
1284 , 1.254 , 0.0003836 , 0 , 0.25 ,
1285 , 1.255 , 0.0003829 , 0 , 0.847 ,
1286 , 1.256 , 0.0003821 , 0 , 1.22 ,
1287 , 1.257 , 0.0003814 , 0 , 2.11 ,
1288 , 1.258 , 0.0003807 , 0 , 0.329 ,
1289 , 1.259 , 0.0003799 , 0 , -2.48 ,
1290 , 1.26 , 0.0003792 , 0 , -3.07 ,
1291 , 1.261 , 0.0003785 , 0 , -2.4 ,
1292 , 1.262 , 0.0003778 , 0 , 2.72 ,
1293 , 1.263 , 0.000377 , 0 , -0.957 ,
1294 , 1.264 , 0.0003763 , 0 , 2.85 ,
1295 , 1.265 , 0.0003756 , 0 , 0.0968 ,
1296 , 1.266 , 0.0003749 , 0 , -0.798 ,
1297 , 1.267 , 0.0003742 , 0 , -2.16 ,
1298 , 1.268 , 0.0003735 , 0 , -1.11 ,
1299 , 1.269 , 0.0003727 , 0 , -0.303 ,
1300 , 1.27 , 0.000372 , 0 , 0.32 ,
1301 , 1.271 , 0.0003713 , 0 , 1.48 ,
1302 , 1.271 , 0.0003706 , 0 , 0.398 ,
1303 , 1.272 , 0.0003699 , 0 , 2.65 ,
1304 , 1.273 , 0.0003692 , 0 , -0.856 ,
1305 , 1.274 , 0.0003685 , 0 , 0.513 ,
1306 , 1.275 , 0.0003678 , 0 , 2.97 ,
1307 , 1.276 , 0.0003671 , 0 , 0.789 ,
1308 , 1.277 , 0.0003664 , 0 , -1.43 ,
1309 , 1.278 , 0.0003658 , 0 , -0.996 ,
1310 , 1.279 , 0.0003651 , 0 , 0.272 ,
1311 , 1.28 , 0.0003644 , 0 , 3.06 ,
1312 , 1.281 , 0.0003637 , 0 , 1.5 ,
1313 , 1.282 , 0.000363 , 0 , -0.299 ,
1314 , 1.283 , 0.0003623 , 0 , -0.353 ,
1315 , 1.284 , 0.0003616 , 0 , -2.43 ,
1316 , 1.285 , 0.000361 , 0 , -0.167 ,
1317 , 1.286 , 0.0003603 , 0 , 2.17 ,
1318 , 1.287 , 0.0003596 , 0 , -0.642 ,
1319 , 1.288 , 0.0003589 , 0 , 2.73 ,
1320 , 1.289 , 0.0003583 , 0 , 1.48 ,
1321 , 1.29 , 0.0003576 , 0 , -0.372 ,
1322 , 1.291 , 0.0003569 , 0 , -1.98 ,
1323 , 1.292 , 0.0003563 , 0 , 0.408 ,
1324 , 1.293 , 0.0003556 , 0 , -0.814 ,
1325 , 1.294 , 0.0003549 , 0 , -1.88 ,
1326 , 1.295 , 0.0003543 , 0 , -2.48 ,
1327 , 1.296 , 0.0003536 , 0 , -1.68 ,
1328 , 1.297 , 0.000353 , 0 , 1.59 ,
1329 , 1.298 , 0.0003523 , 0 , -2.51 ,
1330 , 1.299 , 0.0003516 , 0 , -1.16 ,
1331 , 1.3 , 0.000351 , 0 , 0.34 ,
1332 , 1.301 , 0.0003503 , 0 , 0.82 ,
1333 , 1.302 , 0.0003497 , 0 , -0.99 ,
1334 , 1.303 , 0.000349 , 0 , -2.4 ,
1335 , 1.304 , 0.0003484 , 0 , -2.95 ,
1336 , 1.305 , 0.0003478 , 0 , 1.56 ,
1337 , 1.306 , 0.0003471 , 0 , 1.85 ,
1338 , 1.307 , 0.0003465 , 0 , -0.8 ,
1339 , 1.308 , 0.0003458 , 0 , 2.65 ,
1340 , 1.309 , 0.0003452 , 0 , 0.405 ,
1341 , 1.31 , 0.0003446 , 0 , -0.647 ,
1342 , 1.311 , 0.0003439 , 0 , 1.28 ,
1343 , 1.312 , 0.0003433 , 0 , -1.09 ,
1344 , 1.313 , 0.0003427 , 0 , -0.743 ,
1345 , 1.313 , 0.000342 , 0 , 3.06 ,
1346 , 1.314 , 0.0003414 , 0 , -2.52 ,
1347 , 1.315 , 0.0003408 , 0 , -2.97 ,
1348 , 1.316 , 0.0003401 , 0 , -2.36 ,
1349 , 1.317 , 0.0003395 , 0 , -0.911 ,
1350 , 1.318 , 0.0003389 , 0 , 1.77 ,
1351 , 1.319 , 0.0003383 , 0 , -0.73 ,
1352 , 1.32 , 0.0003377 , 0 , -2.72 ,
1353 , 1.321 , 0.000337 , 0 , 0.723 ,
1354 , 1.322 , 0.0003364 , 0 , 1.43 ,
1355 , 1.323 , 0.0003358 , 0 , -2.54 ,
1356 , 1.324 , 0.0003352 , 0 , 1.5 ,
1357 , 1.325 , 0.0003346 , 0 , 0.826 ,
1358 , 1.326 , 0.000334 , 0 , 1.02 ,
1359 , 1.327 , 0.0003334 , 0 , -0.975 ,
1360 , 1.328 , 0.0003328 , 0 , -2.5 ,
1361 , 1.329 , 0.0003322 , 0 , -0.229 ,
1362 , 1.33 , 0.0003316 , 0 , 2.17 ,
1363 , 1.331 , 0.000331 , 0 , -2.54 ,
1364 , 1.332 , 0.0003304 , 0 , -2.52 ,
1365 , 1.333 , 0.0003298 , 0 , -2.41 ,
1366 , 1.334 , 0.0003292 , 0 , 0.372 ,
1367 , 1.335 , 0.0003286 , 0 , -1.57 ,
1368 , 1.336 , 0.000328 , 0 , -0.325 ,
1369 , 1.337 , 0.0003274 , 0 , -2.92 ,
1370 , 1.338 , 0.0003268 , 0 , 1.21 ,
1371 , 1.339 , 0.0003262 , 0 , -1.55 ,
1372 , 1.34 , 0.0003256 , 0 , 0.046 ,
1373 , 1.341 , 0.000325 , 0 , 2.06 ,
1374 , 1.342 , 0.0003244 , 0 , -0.518 ,
1375 , 1.343 , 0.0003239 , 0 , -2.59 ,
1376 , 1.344 , 0.0003233 , 0 , -0.91 ,
1377 , 1.345 , 0.0003227 , 0 , -2.48 ,
1378 , 1.346 , 0.0003221 , 0 , -1.11 ,
1379 , 1.347 , 0.0003215 , 0 , -0.757 ,
1380 , 1.348 , 0.000321 , 0 , 2.02 ,
1381 , 1.349 , 0.0003204 , 0 , 0.773 ,
1382 , 1.35 , 0.0003198 , 0 , -1.75 ,
1383 , 1.351 , 0.0003192 , 0 , 2.77 ,
1384 , 1.352 , 0.0003187 , 0 , 0.796 ,
1385 , 1.353 , 0.0003181 , 0 , -2.58 ,
1386 , 1.354 , 0.0003175 , 0 , 0.227 ,
1387 , 1.354 , 0.000317 , 0 , 1.26 ,
1388 , 1.355 , 0.0003164 , 0 , -1.33 ,
1389 , 1.356 , 0.0003158 , 0 , 0.076 ,
