experiment "Irregular waves for ECN campaign SOFTWIND SPAR" with ("nantes_main_posn/default.ttf")
/* Wave data read from .dat files prepared with MatLab routine LHEEA_irrwave_generation_SW_SPAR_additionnal.m */
/* Poly-chromatic wave data*/
wave (or run) 1;
Period	Frequency	Amplitude	Height	Direction	Phase
s	Hz	m	m	deg	rad
2.78261	0.359375	0.000121959	0.000243918	0	2.62023
2.77507	0.360352	0.000126613	0.000253226	0	4.52593
2.76757	0.361328	0.000131369	0.000262738	0	0.000718638
2.76011	0.362305	0.000136226	0.000272452	0	1.89961
2.75269	0.363281	0.000141184	0.000282367	0	0.922094
2.74531	0.364258	0.000146242	0.000292483	0	0.580181
2.73797	0.365234	0.000151399	0.000302798	0	1.17031
2.73067	0.366211	0.000156655	0.00031331	0	2.17122
2.7234	0.367188	0.000162009	0.000324017	0	2.49296
2.71618	0.368164	0.000167459	0.000334918	0	3.38549
2.70899	0.369141	0.000173006	0.000346011	0	2.63388
2.70185	0.370117	0.000178647	0.000357293	0	4.30536
2.69474	0.371094	0.000184381	0.000368763	0	1.28461
2.68766	0.37207	0.000190209	0.000380417	0	5.51737
2.68063	0.373047	0.000196127	0.000392254	0	0.172081
2.67363	0.374023	0.000202135	0.000404271	0	4.21267
2.66667	0.375	0.000208232	0.000416464	0	2.622
2.65974	0.375977	0.000214416	0.000428831	0	3.51035
2.65285	0.376953	0.000220685	0.000441369	0	0.882077
2.64599	0.37793	0.000227038	0.000454075	0	1.24471
2.63918	0.378906	0.000233473	0.000466946	0	5.03123
2.63239	0.379883	0.000239989	0.000479978	0	6.08377
2.62564	0.380859	0.000246584	0.000493168	0	1.9693
2.61893	0.381836	0.000253256	0.000506512	0	4.34999
2.61224	0.382813	0.000260004	0.000520008	0	5.50652
2.6056	0.383789	0.000266825	0.00053365	0	5.62098
2.59898	0.384766	0.000273718	0.000547436	0	0.534349
2.59241	0.385742	0.000280681	0.000561361	0	0.245388
2.58586	0.386719	0.000287711	0.000575422	0	1.06708
2.57935	0.387695	0.000294808	0.000589615	0	5.51753
2.57286	0.388672	0.000301968	0.000603936	0	0.617931
2.56642	0.389648	0.00030919	0.00061838	0	2.6459
2.56	0.390625	0.000316472	0.000632944	0	6.0186
2.55362	0.391602	0.000323812	0.000647624	0	3.34998
2.54726	0.392578	0.000331207	0.000662414	0	4.34719
2.54094	0.393555	0.000338656	0.000677312	0	1.98244
2.53465	0.394531	0.000346156	0.000692313	0	4.31341
2.5284	0.395508	0.000353706	0.000707412	0	5.24411
2.52217	0.396484	0.000361303	0.000722605	0	0.114909
2.51597	0.397461	0.000368944	0.000737888	0	4.7133
2.5098	0.398438	0.000376629	0.000753257	0	6.2132
2.50367	0.399414	0.000384353	0.000768707	0	4.70086
2.49756	0.400391	0.000392117	0.000784234	0	1.76208
2.49148	0.401367	0.000399916	0.000799833	0	4.95919
2.48544	0.402344	0.00040775	0.0008155	0	0.648588
2.47942	0.40332	0.000415615	0.00083123	0	2.8142
2.47343	0.404297	0.00042351	0.00084702	0	5.70887
2.46747	0.405273	0.000431433	0.000862865	0	1.84483
2.46154	0.40625	0.000439381	0.000878761	0	1.80815
2.45564	0.407227	0.000447351	0.000894703	0	0.816994
2.44976	0.408203	0.000455343	0.000910687	0	0.121686
2.44391	0.40918	0.000463354	0.000926708	0	4.26525
2.4381	0.410156	0.000471382	0.000942763	0	1.3297
2.4323	0.411133	0.000479424	0.000958847	0	1.66848
2.42654	0.412109	0.000487478	0.000974956	0	3.08865
2.4208	0.413086	0.000495543	0.000991086	0	0.335287
2.41509	0.414063	0.000503616	0.00100723	0	3.60729
2.40941	0.415039	0.000511696	0.00102339	0	0.921923
2.40376	0.416016	0.00051978	0.00103956	0	3.70272
2.39813	0.416992	0.000527866	0.00105573	0	4.39671
2.39252	0.417969	0.000535952	0.0010719	0	0.642986
2.38695	0.418945	0.000544037	0.00108807	0	2.60159
2.3814	0.419922	0.000552117	0.00110423	0	4.36304
2.37587	0.420898	0.000560193	0.00112039	0	2.60237
2.37037	0.421875	0.00056826	0.00113652	0	0.313867
2.3649	0.422852	0.000576319	0.00115264	0	3.36714
2.35945	0.423828	0.000584366	0.00116873	0	4.17074
2.35402	0.424805	0.0005924	0.0011848	0	3.23514
2.34862	0.425781	0.00060042	0.00120084	0	5.93506
2.34325	0.426758	0.000608422	0.00121684	0	3.68543
2.3379	0.427734	0.000616407	0.00123281	0	5.67624
2.33257	0.428711	0.000624372	0.00124874	0	0.863779
2.32727	0.429688	0.000632314	0.00126463	0	0.875099
2.322	0.430664	0.000640234	0.00128047	0	5.07299
2.31674	0.431641	0.000648129	0.00129626	0	2.49868
2.31151	0.432617	0.000655997	0.00131199	0	1.03895
2.30631	0.433594	0.000663837	0.00132767	0	5.82771
2.30112	0.43457	0.000671648	0.0013433	0	2.18508
2.29596	0.435547	0.000679427	0.00135885	0	4.71749
2.29083	0.436523	0.000687174	0.00137435	0	4.56158
2.28571	0.4375	0.000694888	0.00138978	0	5.54998
2.28062	0.438477	0.000702566	0.00140513	0	3.91865
2.27556	0.439453	0.000710207	0.00142041	0	4.71831
2.27051	0.44043	0.00071781	0.00143562	0	2.19219
2.26549	0.441406	0.000725374	0.00145075	0	1.69601
2.26049	0.442383	0.000732898	0.0014658	0	5.62902
2.25551	0.443359	0.00074038	0.00148076	0	2.68978
2.25055	0.444336	0.000747819	0.00149564	0	6.06227
2.24561	0.445313	0.000755214	0.00151043	0	4.16853
2.2407	0.446289	0.000762564	0.00152513	0	3.90623
2.23581	0.447266	0.000769867	0.00153973	0	0.72097
2.23094	0.448242	0.000777123	0.00155425	0	5.96582
2.22609	0.449219	0.000784331	0.00156866	0	2.82688
2.22126	0.450195	0.00079149	0.00158298	0	3.63413
2.21645	0.451172	0.000798598	0.0015972	0	2.5644
2.21166	0.452148	0.000805655	0.00161131	0	1.48928
2.2069	0.453125	0.000812659	0.00162532	0	5.6761
2.20215	0.454102	0.000819611	0.00163922	0	3.60453
2.19742	0.455078	0.000826509	0.00165302	0	0.0180348
2.19272	0.456055	0.000833352	0.0016667	0	3.87764
2.18803	0.457031	0.00084014	0.00168028	0	2.05237
2.18337	0.458008	0.000846871	0.00169374	0	3.3116
2.17872	0.458984	0.000853546	0.00170709	0	5.56654
2.1741	0.459961	0.000860163	0.00172033	0	2.24479
2.16949	0.460938	0.000866722	0.00173344	0	5.70849
2.1649	0.461914	0.000873222	0.00174644	0	3.91669
2.16034	0.462891	0.000879662	0.00175932	0	0.0994078
2.15579	0.463867	0.000886043	0.00177209	0	5.83983
2.15126	0.464844	0.000892362	0.00178472	0	4.34103
2.14675	0.46582	0.000898621	0.00179724	0	6.26636
2.14226	0.466797	0.000904818	0.00180964	0	1.08285
2.13779	0.467773	0.000910953	0.00182191	0	0.861649
2.13333	0.46875	0.000917026	0.00183405	0	5.85967
2.1289	0.469727	0.000923035	0.00184607	0	4.37824
2.12448	0.470703	0.000928981	0.00185796	0	0.414691
2.12008	0.47168	0.000934864	0.00186973	0	4.74671
2.1157	0.472656	0.000940682	0.00188136	0	4.73674
2.11134	0.473633	0.000946437	0.00189287	0	5.79953
2.107	0.474609	0.000952126	0.00190425	0	4.47064
2.10267	0.475586	0.000957751	0.0019155	0	0.780817
2.09836	0.476563	0.00096331	0.00192662	0	0.124911
2.09407	0.477539	0.000968805	0.00193761	0	0.164688
2.0898	0.478516	0.000974233	0.00194847	0	0.177855
2.08554	0.479492	0.000979596	0.00195919	0	1.54699
2.0813	0.480469	0.000984893	0.00196979	0	5.40371
2.07708	0.481445	0.000990124	0.00198025	0	3.38558
2.07287	0.482422	0.000995288	0.00199058	0	3.47348
2.06869	0.483398	0.00100039	0.00200077	0	5.29064
2.06452	0.484375	0.00100542	0.00201084	0	0.780204
2.06036	0.485352	0.00101038	0.00202077	0	1.75416
2.05622	0.486328	0.00101528	0.00203057	0	3.68043
2.0521	0.487305	0.00102012	0.00204023	0	6.09215
2.048	0.488281	0.00102488	0.00204977	0	3.52506
2.04391	0.489258	0.00102958	0.00205917	0	0.117164
2.03984	0.490234	0.00103422	0.00206843	0	5.03052
2.03579	0.491211	0.00103878	0.00207757	0	1.46382
2.03175	0.492188	0.00104328	0.00208657	0	5.07119
2.02772	0.493164	0.00104772	0.00209544	0	2.437
2.02372	0.494141	0.00105209	0.00210417	0	5.42579
2.01972	0.495117	0.00105639	0.00211278	0	4.6943
2.01575	0.496094	0.00106062	0.00212125	0	3.49496
2.01179	0.49707	0.0010648	0.00212959	0	0.857373
2.00784	0.498047	0.0010689	0.0021378	0	0.376474
2.00391	0.499023	0.00107294	0.00214588	0	0.762423
2	0.5	0.00107691	0.00215383	0	0.279928
1.9961	0.500977	0.00108082	0.00216164	0	0.675406
1.99222	0.501953	0.00108467	0.00216933	0	1.41817
1.98835	0.50293	0.00108844	0.00217689	0	4.47984
1.9845	0.503906	0.00109216	0.00218432	0	3.51681
1.98066	0.504883	0.00109581	0.00219162	0	0.0788916
1.97683	0.505859	0.0010994	0.00219879	0	0.452228
1.97303	0.506836	0.00110292	0.00220584	0	6.07758
1.96923	0.507813	0.00110638	0.00221275	0	3.56948
1.96545	0.508789	0.00110977	0.00221955	0	1.27733
1.96169	0.509766	0.00111311	0.00222621	0	1.58541
1.95793	0.510742	0.00111638	0.00223275	0	4.6736
1.9542	0.511719	0.00111958	0.00223917	0	1.22792
1.95048	0.512695	0.00112273	0.00224546	0	3.65279
1.94677	0.513672	0.00112581	0.00225163	0	6.09482
1.94307	0.514648	0.00112884	0.00225767	0	5.32078
1.93939	0.515625	0.0011318	0.00226359	0	1.50701
1.93573	0.516602	0.0011347	0.00226939	0	3.10245
1.93208	0.517578	0.00113754	0.00227507	0	3.8953
1.92844	0.518555	0.00114032	0.00228063	0	5.20864
1.92481	0.519531	0.00114304	0.00228607	0	0.985149
1.9212	0.520508	0.0011457	0.0022914	0	0.116718
1.9176	0.521484	0.0011483	0.0022966	0	0.439962
1.91402	0.522461	0.00115084	0.00230169	0	3.0558
1.91045	0.523438	0.00115333	0.00230666	0	3.80968
1.90689	0.524414	0.00115576	0.00231151	0	3.5742
1.90335	0.525391	0.00115813	0.00231625	0	1.99405
1.89981	0.526367	0.00116044	0.00232088	0	6.21166
1.8963	0.527344	0.0011627	0.00232539	0	3.64265
1.89279	0.52832	0.0011649	0.00232979	0	2.3885
1.8893	0.529297	0.00116704	0.00233408	0	3.46171
1.88582	0.530273	0.00116913	0.00233826	0	4.68307
1.88235	0.53125	0.00117116	0.00234232	0	4.20491
1.8789	0.532227	0.00117314	0.00234628	0	1.66454
1.87546	0.533203	0.00117507	0.00235013	0	0.416794
1.87203	0.53418	0.00117694	0.00235388	0	2.32531
1.86861	0.535156	0.00117876	0.00235751	0	3.95663
1.86521	0.536133	0.00118052	0.00236104	0	1.32056
1.86182	0.537109	0.00118223	0.00236447	0	4.7297
1.85844	0.538086	0.00118389	0.00236779	0	0.418061
1.85507	0.539063	0.0011855	0.00237101	0	1.63561
1.85172	0.540039	0.00118706	0.00237412	0	5.05642
1.84838	0.541016	0.00118857	0.00237714	0	1.21538
1.84505	0.541992	0.00119003	0.00238005	0	4.01785
1.84173	0.542969	0.00119143	0.00238287	0	3.2966
1.83842	0.543945	0.00119279	0.00238558	0	5.81074
1.83513	0.544922	0.0011941	0.0023882	0	1.65434
1.83184	0.545898	0.00119536	0.00239072	0	0.414446
1.82857	0.546875	0.00119657	0.00239315	0	4.61856
1.82531	0.547852	0.00119774	0.00239548	0	4.85174
1.82206	0.548828	0.00119886	0.00239771	0	5.70398
1.81883	0.549805	0.00119993	0.00239985	0	5.85575
1.8156	0.550781	0.00120095	0.0024019	0	0.0876603
1.81239	0.551758	0.00120193	0.00240386	0	1.47254
1.80919	0.552734	0.00120286	0.00240573	0	3.87533
1.806	0.553711	0.00120375	0.00240751	0	5.96285
1.80282	0.554688	0.0012046	0.00240919	0	5.97013
1.79965	0.555664	0.0012054	0.00241079	0	3.49756
1.79649	0.556641	0.00120615	0.00241231	0	5.75292
1.79335	0.557617	0.00120687	0.00241374	0	4.03108
1.79021	0.558594	0.00120754	0.00241508	0	2.45049
1.78709	0.55957	0.00120817	0.00241633	0	3.05357
1.78397	0.560547	0.00120875	0.00241751	0	3.79699
1.78087	0.561523	0.0012093	0.0024186	0	3.45291
1.77778	0.5625	0.0012098	0.00241961	0	5.81937
1.7747	0.563477	0.00121027	0.00242054	0	5.77257
1.77163	0.564453	0.00121069	0.00242138	0	2.48108
1.76857	0.56543	0.00121108	0.00242215	0	6.05236
1.76552	0.566406	0.00121142	0.00242284	0	1.093
1.76248	0.567383	0.00121173	0.00242346	0	0.793752
1.75945	0.568359	0.001212	0.00242399	0	0.848727
1.75643	0.569336	0.00121223	0.00242445	0	3.17717
1.75342	0.570313	0.00121242	0.00242484	0	0.135244
1.75043	0.571289	0.00121258	0.00242515	0	5.95627
1.74744	0.572266	0.0012127	0.00242539	0	5.19692
1.74446	0.573242	0.00121278	0.00242556	0	0.094367
1.7415	0.574219	0.00121283	0.00242565	0	1.10707
1.73854	0.575195	0.00121284	0.00242568	0	2.08642
1.73559	0.576172	0.00121282	0.00242563	0	0.823077
1.73266	0.577148	0.00121276	0.00242552	0	5.08618
1.72973	0.578125	0.00121267	0.00242533	0	2.16604
1.72681	0.579102	0.00121254	0.00242508	0	5.90687
1.72391	0.580078	0.00121238	0.00242477	0	3.6569
1.72101	0.581055	0.00121219	0.00242438	0	5.52186
1.71812	0.582031	0.00121197	0.00242394	0	5.30762
1.71524	0.583008	0.00121171	0.00242342	0	5.68875
1.71237	0.583984	0.00121142	0.00242285	0	2.88951
1.70952	0.584961	0.00121111	0.00242221	0	3.4328
1.70667	0.585938	0.00121076	0.00242151	0	5.01777
1.70383	0.586914	0.00121038	0.00242075	0	1.79522
1.701	0.587891	0.00120997	0.00241993	0	3.08035
1.69818	0.588867	0.00120953	0.00241905	0	3.76432
1.69536	0.589844	0.00120906	0.00241811	0	0.0975984
1.69256	0.59082	0.00120856	0.00241712	0	3.72895
1.68977	0.591797	0.00120803	0.00241607	0	2.72487
1.68699	0.592773	0.00120748	0.00241496	0	5.0728
1.68421	0.59375	0.0012069	0.00241379	0	1.98074
1.68144	0.594727	0.00120628	0.00241257	0	5.61019
1.67869	0.595703	0.00120565	0.0024113	0	3.63078
1.67594	0.59668	0.00120498	0.00240997	0	1.15617
1.6732	0.597656	0.00120429	0.00240859	0	4.95071
1.67047	0.598633	0.00120358	0.00240715	0	3.84551
1.66775	0.599609	0.00120284	0.00240567	0	0.338722
1.66504	0.600586	0.00120207	0.00240414	0	2.64015
1.66234	0.601563	0.00120128	0.00240255	0	4.26672
1.65964	0.602539	0.00120046	0.00240092	0	5.77175
1.65696	0.603516	0.00119962	0.00239924	0	0.002526
1.65428	0.604492	0.00119875	0.00239751	0	6.13716
1.65161	0.605469	0.00119786	0.00239573	0	2.36612
1.64895	0.606445	0.00119695	0.00239391	0	6.11846
1.6463	0.607422	0.00119602	0.00239204	0	3.79954
1.64366	0.608398	0.00119506	0.00239012	0	5.20779
1.64103	0.609375	0.00119408	0.00238816	0	3.61102
1.6384	0.610352	0.00119308	0.00238616	0	3.94632
1.63578	0.611328	0.00119206	0.00238412	0	1.79433
1.63317	0.612305	0.00119101	0.00238203	0	3.68718
1.63057	0.613281	0.00118995	0.0023799	0	4.71253
1.62798	0.614258	0.00118886	0.00237773	0	5.39294
1.6254	0.615234	0.00118776	0.00237551	0	4.74432
1.62282	0.616211	0.00118663	0.00237326	0	4.38602
1.62025	0.617188	0.00118549	0.00237097	0	5.43168
1.61769	0.618164	0.00118432	0.00236864	0	2.02746
1.61514	0.619141	0.00118314	0.00236627	0	4.21469
1.6126	0.620117	0.00118193	0.00236387	0	2.83292
1.61006	0.621094	0.00118071	0.00236142	0	2.40082
1.60754	0.62207	0.00117947	0.00235894	0	2.5812
1.60502	0.623047	0.00117821	0.00235643	0	2.52257
1.6025	0.624023	0.00117694	0.00235388	0	1.99418
1.6	0.625	0.00117564	0.00235129	0	3.90763
1.5975	0.625977	0.00117433	0.00234867	0	2.70332
1.59502	0.626953	0.00117301	0.00234602	0	6.11858
1.59253	0.62793	0.00117166	0.00234333	0	4.25875
1.59006	0.628906	0.00117031	0.00234061	0	1.24765
1.5876	0.629883	0.00116893	0.00233786	0	2.68104
1.58514	0.630859	0.00116754	0.00233508	0	2.15731
1.58269	0.631836	0.00116613	0.00233226	0	5.01171
1.58025	0.632813	0.00116471	0.00232942	0	5.52919
1.57781	0.633789	0.00116327	0.00232655	0	5.67901
1.57538	0.634766	0.00116182	0.00232364	0	4.16399
1.57296	0.635742	0.00116036	0.00232071	0	1.69777
1.57055	0.636719	0.00115887	0.00231775	0	1.58567
1.56815	0.637695	0.00115738	0.00231476	0	5.37148
1.56575	0.638672	0.00115587	0.00231175	0	3.31573
1.56336	0.639648	0.00115435	0.0023087	0	5.04013
1.56098	0.640625	0.00115282	0.00230563	0	3.59705
1.5586	0.641602	0.00115127	0.00230254	0	4.60647
1.55623	0.642578	0.00114971	0.00229942	0	3.26105
1.55387	0.643555	0.00114814	0.00229627	0	4.84361
1.55152	0.644531	0.00114655	0.0022931	0	3.57424
1.54917	0.645508	0.00114495	0.00228991	0	2.92614
1.54683	0.646484	0.00114334	0.00228669	0	2.15318
1.54449	0.647461	0.00114172	0.00228345	0	0.428572
1.54217	0.648438	0.00114009	0.00228018	0	2.37457
1.53985	0.649414	0.00113845	0.0022769	0	0.500305
1.53754	0.650391	0.00113679	0.00227359	0	6.17522
1.53523	0.651367	0.00113513	0.00227026	0	1.14111
1.53293	0.652344	0.00113345	0.00226691	0	5.10106
1.53064	0.65332	0.00113177	0.00226354	0	5.49755
1.52836	0.654297	0.00113007	0.00226014	0	4.32543
1.52608	0.655273	0.00112837	0.00225673	0	3.57824
1.52381	0.65625	0.00112665	0.0022533	0	1.01141
1.52155	0.657227	0.00112493	0.00224985	0	2.93349
1.51929	0.658203	0.00112319	0.00224638	0	2.16878
1.51704	0.65918	0.00112145	0.0022429	0	1.41397
1.51479	0.660156	0.0011197	0.00223939	0	3.72286
1.51256	0.661133	0.00111793	0.00223587	0	1.96205
1.51032	0.662109	0.00111616	0.00223233	0	5.75732
1.5081	0.663086	0.00111439	0.00222877	0	5.71541
1.50588	0.664063	0.0011126	0.0022252	0	1.61552
1.50367	0.665039	0.00111081	0.00222161	0	0.696751
1.50147	0.666016	0.001109	0.00221801	0	1.21242
1.49927	0.666992	0.00110719	0.00221439	0	3.13898
1.49708	0.667969	0.00110538	0.00221075	0	4.57784
1.49489	0.668945	0.00110355	0.0022071	0	1.30812
1.49271	0.669922	0.00110172	0.00220344	0	1.55844
1.49054	0.670898	0.00109988	0.00219976	0	5.35121
1.48837	0.671875	0.00109804	0.00219607	0	2.61285
1.48621	0.672852	0.00109618	0.00219237	0	3.87475
1.48406	0.673828	0.00109432	0.00218865	0	1.46817
1.48191	0.674805	0.00109246	0.00218492	0	0.640679
1.47977	0.675781	0.00109059	0.00218118	0	3.24123
1.47763	0.676758	0.00108871	0.00217742	0	2.99797
1.4755	0.677734	0.00108683	0.00217366	0	0.959264
1.47338	0.678711	0.00108494	0.00216988	0	3.90692
1.47126	0.679688	0.00108304	0.00216609	0	3.41812
1.46915	0.680664	0.00108114	0.00216229	0	4.11007
1.46705	0.681641	0.00107924	0.00215848	0	0.908206
1.46495	0.682617	0.00107733	0.00215466	0	4.72199
1.46286	0.683594	0.00107541	0.00215083	0	1.39518
1.46077	0.68457	0.00107349	0.00214699	0	3.26318
1.45869	0.685547	0.00107157	0.00214314	0	4.93416
1.45661	0.686523	0.00106964	0.00213928	0	0.140306
1.45455	0.6875	0.00106771	0.00213541	0	2.03803
1.45248	0.688477	0.00106577	0.00213154	0	5.48473
1.45042	0.689453	0.00106383	0.00212765	0	5.30747
1.44837	0.69043	0.00106188	0.00212376	0	3.38312
1.44633	0.691406	0.00105993	0.00211986	0	5.44506
1.44429	0.692383	0.00105798	0.00211595	0	5.96781
1.44225	0.693359	0.00105602	0.00211204	0	5.19247
1.44023	0.694336	0.00105406	0.00210812	0	5.36657
1.4382	0.695313	0.00105209	0.00210419	0	0.620423
1.43619	0.696289	0.00105013	0.00210025	0	4.09227
1.43417	0.697266	0.00104816	0.00209631	0	4.42033
1.43217	0.698242	0.00104618	0.00209237	0	3.83426
1.43017	0.699219	0.00104421	0.00208841	0	5.02413
1.42817	0.700195	0.00104223	0.00208445	0	0.217217
1.42618	0.701172	0.00104024	0.00208049	0	4.83955
1.4242	0.702148	0.00103826	0.00207652	0	4.59759
1.42222	0.703125	0.00103627	0.00207254	0	1.63173
1.42025	0.704102	0.00103428	0.00206857	0	1.61521
1.41828	0.705078	0.00103229	0.00206458	0	3.97288
1.41632	0.706055	0.0010303	0.00206059	0	2.16957
1.41436	0.707031	0.0010283	0.0020566	0	5.00511
1.41241	0.708008	0.0010263	0.00205261	0	2.80322
1.41047	0.708984	0.0010243	0.00204861	0	4.91816
1.40853	0.709961	0.0010223	0.0020446	0	6.22332
1.40659	0.710938	0.0010203	0.0020406	0	1.88652
1.40466	0.711914	0.00101829	0.00203659	0	0.898532
1.40274	0.712891	0.00101629	0.00203257	0	5.66309
1.40082	0.713867	0.00101428	0.00202856	0	3.40272
1.39891	0.714844	0.00101227	0.00202454	0	6.12447
1.397	0.71582	0.00101026	0.00202052	0	3.9999
1.3951	0.716797	0.00100825	0.0020165	0	6.24494
1.3932	0.717773	0.00100624	0.00201247	0	3.43106
1.3913	0.71875	0.00100422	0.00200845	0	3.30763
1.38942	0.719727	0.00100221	0.00200442	0	0.850919
1.38753	0.720703	0.0010002	0.00200039	0	2.23496
1.38566	0.72168	0.00099818	0.00199636	0	0.164736
1.38378	0.722656	0.000996164	0.00199233	0	1.00779
1.38192	0.723633	0.000994148	0.0019883	0	4.68498
1.38005	0.724609	0.000992131	0.00198426	0	0.191007
1.3782	0.725586	0.000990114	0.00198023	0	2.30306
1.37634	0.726563	0.000988097	0.00197619	0	5.41828
1.3745	0.727539	0.000986079	0.00197216	0	4.35222
1.37265	0.728516	0.000984062	0.00196812	0	4.34132
1.37082	0.729492	0.000982044	0.00196409	0	1.18524
1.36898	0.730469	0.000980027	0.00196005	0	2.77657
1.36716	0.731445	0.000978009	0.00195602	0	3.65416
1.36533	0.732422	0.000975992	0.00195198	0	6.21879
1.36352	0.733398	0.000973975	0.00194795	0	1.28118
1.3617	0.734375	0.000971958	0.00194392	0	1.55655
1.35989	0.735352	0.000969942	0.00193988	0	1.64728
1.35809	0.736328	0.000967926	0.00193585	0	4.71347
1.35629	0.737305	0.000965911	0.00193182	0	2.87126
1.3545	0.738281	0.000963896	0.00192779	0	0.357698
1.35271	0.739258	0.000961882	0.00192376	0	3.1951
1.35092	0.740234	0.000959869	0.00191974	0	1.33178
1.34914	0.741211	0.000957857	0.00191571	0	5.01778
1.34737	0.742188	0.000955845	0.00191169	0	1.86819
1.3456	0.743164	0.000953835	0.00190767	0	0.173454
1.34383	0.744141	0.000951825	0.00190365	0	3.72865
1.34207	0.745117	0.000949816	0.00189963	0	5.30201
1.34031	0.746094	0.000947809	0.00189562	0	2.39399
1.33856	0.74707	0.000945802	0.0018916	0	4.7115
1.33681	0.748047	0.000943797	0.00188759	0	3.2116
1.33507	0.749023	0.000941793	0.00188359	0	3.3989
1.33333	0.75	0.00093979	0.00187958	0	6.0283
1.3316	0.750977	0.000937789	0.00187558	0	5.05144
1.32987	0.751953	0.000935789	0.00187158	0	0.203092
1.32815	0.75293	0.000933791	0.00186758	0	4.45721
1.32642	0.753906	0.000931794	0.00186359	0	2.92169
1.32471	0.754883	0.000929798	0.0018596	0	5.95363
1.323	0.755859	0.000927805	0.00185561	0	1.3913
1.32129	0.756836	0.000925813	0.00185163	0	1.67806
1.31959	0.757813	0.000923822	0.00184764	0	0.511916
1.31789	0.758789	0.000921834	0.00184367	0	2.69309
1.3162	0.759766	0.000919847	0.00183969	0	0.684985
1.31451	0.760742	0.000917862	0.00183572	0	3.9822
1.31282	0.761719	0.000915879	0.00183176	0	5.04517
1.31114	0.762695	0.000913898	0.0018278	0	4.37813
1.30946	0.763672	0.000911919	0.00182384	0	4.81425
1.30779	0.764648	0.000909942	0.00181988	0	2.1517
1.30612	0.765625	0.000907967	0.00181593	0	5.31464
1.30446	0.766602	0.000905994	0.00181199	0	2.69403
1.3028	0.767578	0.000904023	0.00180805	0	5.17741
1.30114	0.768555	0.000902055	0.00180411	0	3.93639
1.29949	0.769531	0.000900088	0.00180018	0	0.901154
1.29785	0.770508	0.000898124	0.00179625	0	0.492519
1.2962	0.771484	0.000896163	0.00179233	0	0.115187
1.29456	0.772461	0.000894203	0.00178841	0	0.419246
1.29293	0.773438	0.000892246	0.00178449	0	2.88137
1.2913	0.774414	0.000890292	0.00178058	0	0.712148
1.28967	0.775391	0.000888339	0.00177668	0	0.174568
1.28805	0.776367	0.00088639	0.00177278	0	4.74293
1.28643	0.777344	0.000884443	0.00176889	0	2.48092
1.28482	0.77832	0.000882498	0.001765	0	4.69315
1.28321	0.779297	0.000880556	0.00176111	0	2.84254
1.2816	0.780273	0.000878616	0.00175723	0	2.82798
1.28	0.78125	0.00087668	0.00175336	0	3.00382
1.2784	0.782227	0.000874745	0.00174949	0	2.97825
1.27681	0.783203	0.000872814	0.00174563	0	5.04642
1.27522	0.78418	0.000870885	0.00174177	0	2.52831
1.27363	0.785156	0.000868959	0.00173792	0	5.68431
1.27205	0.786133	0.000867036	0.00173407	0	0.232861
1.27047	0.787109	0.000865116	0.00173023	0	4.8624
1.2689	0.788086	0.000863198	0.0017264	0	0.789428
1.26733	0.789063	0.000861284	0.00172257	0	3.88624
1.26576	0.790039	0.000859372	0.00171874	0	0.0651206
1.2642	0.791016	0.000857463	0.00171493	0	3.3843
1.26264	0.791992	0.000855557	0.00171111	0	0.0189624
1.26108	0.792969	0.000853654	0.00170731	0	5.97653
1.25953	0.793945	0.000851755	0.00170351	0	5.68881
1.25799	0.794922	0.000849858	0.00169972	0	5.00121
1.25644	0.795898	0.000847964	0.00169593	0	5.75084
1.2549	0.796875	0.000846073	0.00169215	0	0.914569
1.25337	0.797852	0.000844185	0.00168837	0	0.991047
1.25183	0.798828	0.000842301	0.0016846	0	1.17892
1.25031	0.799805	0.000840419	0.00168084	0	3.91126
1.24878	0.800781	0.000838541	0.00167708	0	5.69137
1.24726	0.801758	0.000836666	0.00167333	0	6.22007
1.24574	0.802734	0.000834794	0.00166959	0	4.46811
1.24423	0.803711	0.000832925	0.00166585	0	4.59804
1.24272	0.804688	0.00083106	0.00166212	0	5.71326
1.24121	0.805664	0.000829198	0.0016584	0	2.51876
1.23971	0.806641	0.000827339	0.00165468	0	1.56986
1.23821	0.807617	0.000825483	0.00165097	0	1.08969
1.23671	0.808594	0.000823631	0.00164726	0	0.750571
1.23522	0.80957	0.000821782	0.00164356	0	5.10578
1.23373	0.810547	0.000819936	0.00163987	0	0.922324
1.23225	0.811523	0.000818093	0.00163619	0	1.66063
1.23077	0.8125	0.000816255	0.00163251	0	5.14649
1.22929	0.813477	0.000814419	0.00162884	0	1.95148
1.22782	0.814453	0.000812587	0.00162517	0	6.17271
1.22635	0.81543	0.000810758	0.00162152	0	1.67534
1.22488	0.816406	0.000808933	0.00161787	0	3.35304
1.22342	0.817383	0.000807111	0.00161422	0	1.97585
1.22196	0.818359	0.000805292	0.00161058	0	5.72255
1.2205	0.819336	0.000803477	0.00160695	0	2.30314
1.21905	0.820313	0.000801666	0.00160333	0	2.72434
1.2176	0.821289	0.000799858	0.00159972	0	3.21883
1.21615	0.822266	0.000798053	0.00159611	0	5.8992
1.21471	0.823242	0.000796252	0.0015925	0	0.194458
1.21327	0.824219	0.000794455	0.00158891	0	4.50428
1.21183	0.825195	0.000792661	0.00158532	0	5.59844
1.2104	0.826172	0.000790871	0.00158174	0	0.171451
1.20897	0.827148	0.000789084	0.00157817	0	3.28014
1.20755	0.828125	0.000787301	0.0015746	0	2.04825
1.20612	0.829102	0.000785521	0.00157104	0	5.40033
1.20471	0.830078	0.000783745	0.00156749	0	3.50926
1.20329	0.831055	0.000781972	0.00156394	0	4.33683
1.20188	0.832031	0.000780204	0.00156041	0	2.84536
1.20047	0.833008	0.000778439	0.00155688	0	3.94778
1.19906	0.833984	0.000776677	0.00155335	0	1.82273
1.19766	0.834961	0.000774919	0.00154984	0	0.0587388
1.19626	0.835938	0.000773165	0.00154633	0	3.62386
1.19487	0.836914	0.000771414	0.00154283	0	1.95686
1.19347	0.837891	0.000769667	0.00153933	0	3.25009
1.19208	0.838867	0.000767924	0.00153585	0	5.75795
1.1907	0.839844	0.000766184	0.00153237	0	2.67962
1.18931	0.84082	0.000764448	0.0015289	0	1.55444
1.18794	0.841797	0.000762716	0.00152543	0	2.33291
1.18656	0.842773	0.000760988	0.00152198	0	5.85506
1.18519	0.84375	0.000759263	0.00151853	0	5.88652
1.18382	0.844727	0.000757542	0.00151508	0	5.30508
1.18245	0.845703	0.000755824	0.00151165	0	5.78183
1.18108	0.84668	0.000754111	0.00150822	0	1.43194
1.17972	0.847656	0.000752401	0.0015048	0	0.549667
1.17837	0.848633	0.000750695	0.00150139	0	1.42823
1.17701	0.849609	0.000748992	0.00149798	0	1.97529
1.17566	0.850586	0.000747293	0.00149459	0	1.09809
1.17431	0.851563	0.000745598	0.0014912	0	3.81449
1.17297	0.852539	0.000743907	0.00148781	0	2.59864
1.17162	0.853516	0.00074222	0.00148444	0	5.12929
1.17029	0.854492	0.000740536	0.00148107	0	1.16321
1.16895	0.855469	0.000738856	0.00147771	0	4.41002
1.16762	0.856445	0.00073718	0.00147436	0	1.5102
1.16629	0.857422	0.000735507	0.00147101	0	3.60792
1.16496	0.858398	0.000733839	0.00146768	0	2.19275
1.16364	0.859375	0.000732174	0.00146435	0	0.357918
1.16232	0.860352	0.000730513	0.00146103	0	1.43768
1.161	0.861328	0.000728855	0.00145771	0	4.17268
1.15968	0.862305	0.000727202	0.0014544	0	3.12431
1.15837	0.863281	0.000725552	0.0014511	0	3.26107
1.15706	0.864258	0.000723906	0.00144781	0	1.0978
1.15576	0.865234	0.000722263	0.00144453	0	3.58591
1.15445	0.866211	0.000720625	0.00144125	0	6.26279
1.15315	0.867188	0.00071899	0.00143798	0	5.13233
1.15186	0.868164	0.000717359	0.00143472	0	3.73455
1.15056	0.869141	0.000715732	0.00143146	0	6.13232
1.14927	0.870117	0.000714109	0.00142822	0	5.66468
1.14798	0.871094	0.000712489	0.00142498	0	3.74232
1.1467	0.87207	0.000710874	0.00142175	0	0.203741
1.14541	0.873047	0.000709262	0.00141852	0	0.587962
1.14413	0.874023	0.000707653	0.00141531	0	0.410743
1.14286	0.875	0.000706049	0.0014121	0	2.83832
1.14158	0.875977	0.000704448	0.0014089	0	2.35893
1.14031	0.876953	0.000702852	0.0014057	0	6.12831
1.13904	0.87793	0.000701258	0.00140252	0	1.05547
1.13778	0.878906	0.000699669	0.00139934	0	6.1122
1.13651	0.879883	0.000698084	0.00139617	0	4.82219
1.13525	0.880859	0.000696502	0.001393	0	5.17884
1.134	0.881836	0.000694924	0.00138985	0	3.97484
1.13274	0.882813	0.00069335	0.0013867	0	4.20177
1.13149	0.883789	0.00069178	0.00138356	0	2.99634
1.13024	0.884766	0.000690213	0.00138043	0	0.0825382
1.129	0.885742	0.00068865	0.0013773	0	2.218
1.12775	0.886719	0.000687091	0.00137418	0	3.09178
1.12651	0.887695	0.000685536	0.00137107	0	4.5873
1.12527	0.888672	0.000683984	0.00136797	0	2.94448
1.12404	0.889648	0.000682437	0.00136487	0	2.87396
1.12281	0.890625	0.000680893	0.00136179	0	0.864961
1.12158	0.891602	0.000679352	0.0013587	0	0.0684159
1.12035	0.892578	0.000677816	0.00135563	0	4.7644
1.11913	0.893555	0.000676283	0.00135257	0	2.01032
1.1179	0.894531	0.000674754	0.00134951	0	6.18506
1.11668	0.895508	0.000673229	0.00134646	0	1.38377
1.11547	0.896484	0.000671707	0.00134341	0	2.12817
1.11425	0.897461	0.00067019	0.00134038	0	3.29174
1.11304	0.898438	0.000668676	0.00133735	0	4.74312
1.11183	0.899414	0.000667166	0.00133433	0	2.9145
1.11063	0.900391	0.000665659	0.00133132	0	0.784283
1.10943	0.901367	0.000664156	0.00132831	0	1.9635
1.10823	0.902344	0.000662657	0.00132531	0	3.16999
1.10703	0.90332	0.000661162	0.00132232	0	4.23392
1.10583	0.904297	0.00065967	0.00131934	0	4.83899
1.10464	0.905273	0.000658182	0.00131636	0	0.818924
1.10345	0.90625	0.000656698	0.0013134	0	0.14398
1.10226	0.907227	0.000655218	0.00131044	0	3.26149
1.10108	0.908203	0.000653741	0.00130748	0	5.08931
1.09989	0.90918	0.000652268	0.00130454	0	0.0791918
1.09871	0.910156	0.000650798	0.0013016	0	4.22525
1.09753	0.911133	0.000649333	0.00129867	0	4.31534
1.09636	0.912109	0.000647871	0.00129574	0	2.8227
1.09519	0.913086	0.000646412	0.00129282	0	5.74779
1.09402	0.914063	0.000644958	0.00128992	0	4.04864
1.09285	0.915039	0.000643507	0.00128701	0	0.0329229
1.09168	0.916016	0.000642059	0.00128412	0	3.04375
1.09052	0.916992	0.000640616	0.00128123	0	5.39925
1.08936	0.917969	0.000639176	0.00127835	0	5.21755
1.0882	0.918945	0.00063774	0.00127548	0	4.07876
1.08705	0.919922	0.000636307	0.00127261	0	4.23297
1.0859	0.920898	0.000634878	0.00126976	0	3.63482
1.08475	0.921875	0.000633452	0.0012669	0	1.72235
1.0836	0.922852	0.000632031	0.00126406	0	3.52191
1.08245	0.923828	0.000630612	0.00126122	0	4.2206
1.08131	0.924805	0.000629198	0.0012584	0	2.21438
1.08017	0.925781	0.000627787	0.00125557	0	5.37733
1.07903	0.926758	0.00062638	0.00125276	0	1.22546
1.07789	0.927734	0.000624976	0.00124995	0	4.69556
1.07676	0.928711	0.000623576	0.00124715	0	1.81963
1.07563	0.929688	0.000622179	0.00124436	0	4.86192
1.0745	0.930664	0.000620786	0.00124157	0	2.68755
1.07338	0.931641	0.000619397	0.00123879	0	5.07492
1.07225	0.932617	0.000618011	0.00123602	0	2.22133
1.07113	0.933594	0.000616629	0.00123326	0	1.34267
1.07001	0.93457	0.00061525	0.0012305	0	4.82099
1.06889	0.935547	0.000613875	0.00122775	0	1.93925
1.06778	0.936523	0.000612504	0.00122501	0	4.60711
1.06667	0.9375	0.000611136	0.00122227	0	4.67766
1.06556	0.938477	0.000609771	0.00121954	0	1.39108
1.06445	0.939453	0.00060841	0.00121682	0	1.34531
1.06334	0.94043	0.000607053	0.00121411	0	1.25003
1.06224	0.941406	0.000605699	0.0012114	0	0.895469
1.06114	0.942383	0.000604349	0.0012087	0	2.36928
1.06004	0.943359	0.000603002	0.001206	0	0.167308
1.05895	0.944336	0.000601659	0.00120332	0	0.696933
1.05785	0.945313	0.000600319	0.00120064	0	4.23841
1.05676	0.946289	0.000598982	0.00119796	0	5.02514
1.05567	0.947266	0.000597649	0.0011953	0	0.505982
1.05458	0.948242	0.00059632	0.00119264	0	1.45583
1.0535	0.949219	0.000594994	0.00118999	0	1.30455
1.05242	0.950195	0.000593672	0.00118734	0	5.76378
1.05133	0.951172	0.000592353	0.00118471	0	4.46932
1.05026	0.952148	0.000591037	0.00118207	0	3.48016
1.04918	0.953125	0.000589725	0.00117945	0	1.91334
1.04811	0.954102	0.000588416	0.00117683	0	5.24554
1.04703	0.955078	0.000587111	0.00117422	0	2.73511
1.04597	0.956055	0.000585809	0.00117162	0	5.80225
1.0449	0.957031	0.000584511	0.00116902	0	4.43625
1.04383	0.958008	0.000583216	0.00116643	0	3.00356
1.04277	0.958984	0.000581924	0.00116385	0	0.793001
1.04171	0.959961	0.000580636	0.00116127	0	6.13266
1.04065	0.960938	0.000579351	0.0011587	0	1.00426
1.03959	0.961914	0.000578069	0.00115614	0	1.27299
1.03854	0.962891	0.000576791	0.00115358	0	2.70919
1.03749	0.963867	0.000575516	0.00115103	0	2.53968
1.03644	0.964844	0.000574245	0.00114849	0	0.922067
1.03539	0.96582	0.000572977	0.00114595	0	4.58245
1.03434	0.966797	0.000571712	0.00114342	0	1.18592
1.0333	0.967773	0.000570451	0.0011409	0	4.04572
1.03226	0.96875	0.000569193	0.00113839	0	4.73944
1.03122	0.969727	0.000567938	0.00113588	0	1.32407
1.03018	0.970703	0.000566687	0.00113337	0	3.77591
1.02915	0.97168	0.000565439	0.00113088	0	4.70566
1.02811	0.972656	0.000564194	0.00112839	0	4.01005
1.02708	0.973633	0.000562953	0.00112591	0	3.75186
1.02605	0.974609	0.000561714	0.00112343	0	1.85657
1.02503	0.975586	0.000560479	0.00112096	0	4.59682
1.024	0.976563	0.000559248	0.0011185	0	5.93955
1.02298	0.977539	0.000558019	0.00111604	0	2.67388
1.02196	0.978516	0.000556794	0.00111359	0	4.91459
1.02094	0.979492	0.000555572	0.00111114	0	0.352745
1.01992	0.980469	0.000554354	0.00110871	0	5.24817
1.01891	0.981445	0.000553138	0.00110628	0	1.20794
1.01789	0.982422	0.000551926	0.00110385	0	2.48247
1.01688	0.983398	0.000550717	0.00110143	0	1.88546
1.01587	0.984375	0.000549511	0.00109902	0	0.503306
1.01487	0.985352	0.000548309	0.00109662	0	5.68396
1.01386	0.986328	0.000547109	0.00109422	0	2.32575
1.01286	0.987305	0.000545913	0.00109183	0	3.33447
1.01186	0.988281	0.00054472	0.00108944	0	3.10462
1.01086	0.989258	0.00054353	0.00108706	0	0.830393
1.00986	0.990234	0.000542344	0.00108469	0	1.29719
1.00887	0.991211	0.00054116	0.00108232	0	0.478708
1.00787	0.992188	0.00053998	0.00107996	0	3.19137
1.00688	0.993164	0.000538803	0.00107761	0	1.64336
1.00589	0.994141	0.000537629	0.00107526	0	2.24348
1.00491	0.995117	0.000536458	0.00107292	0	0.678994
1.00392	0.996094	0.00053529	0.00107058	0	4.94833
1.00294	0.99707	0.000534125	0.00106825	0	0.669686
1.00196	0.998047	0.000532964	0.00106593	0	6.19339
1.00098	0.999023	0.000531805	0.00106361	0	1.11314
1	1	0.00053065	0.0010613	0	3.59653
0.999024	1.00098	0.000529497	0.00105899	0	0.281772
0.998051	1.00195	0.000528348	0.0010567	0	4.9456
0.997079	1.00293	0.000527202	0.0010544	0	1.19133
0.996109	1.00391	0.000526059	0.00105212	0	3.31692
0.995141	1.00488	0.000524919	0.00104984	0	4.65004
0.994175	1.00586	0.000523782	0.00104756	0	0.942047
0.99321	1.00684	0.000522648	0.0010453	0	3.46258
0.992248	1.00781	0.000521517	0.00104303	0	1.36105
0.991288	1.00879	0.000520389	0.00104078	0	4.77017
0.990329	1.00977	0.000519264	0.00103853	0	4.54221
0.989372	1.01074	0.000518142	0.00103628	0	1.10929
0.988417	1.01172	0.000517023	0.00103405	0	5.4159
0.987464	1.0127	0.000515907	0.00103181	0	0.124251
0.986513	1.01367	0.000514794	0.00102959	0	5.40503
0.985563	1.01465	0.000513684	0.00102737	0	3.5117
0.984615	1.01563	0.000512577	0.00102515	0	2.53351
0.98367	1.0166	0.000511473	0.00102295	0	4.76735
0.982726	1.01758	0.000510372	0.00102074	0	4.5046
0.981783	1.01855	0.000509274	0.00101855	0	6.20355
0.980843	1.01953	0.000508179	0.00101636	0	1.74726
0.979904	1.02051	0.000507086	0.00101417	0	0.0238363
0.978967	1.02148	0.000505997	0.00101199	0	5.86788
0.978032	1.02246	0.00050491	0.00100982	0	5.39033
0.977099	1.02344	0.000503827	0.00100765	0	4.57951
0.976168	1.02441	0.000502746	0.00100549	0	3.24645
0.975238	1.02539	0.000501669	0.00100334	0	4.44194
0.97431	1.02637	0.000500594	0.00100119	0	4.90421
0.973384	1.02734	0.000499522	0.000999043	0	2.35542
0.97246	1.02832	0.000498453	0.000996905	0	4.84008
0.971537	1.0293	0.000497386	0.000994773	0	4.71631
0.970616	1.03027	0.000496323	0.000992646	0	3.85292
0.969697	1.03125	0.000495262	0.000990525	0	2.525
0.96878	1.03223	0.000494205	0.000988409	0	4.38132
0.967864	1.0332	0.00049315	0.000986299	0	0.0195587
0.96695	1.03418	0.000492098	0.000984195	0	4.86882
0.966038	1.03516	0.000491048	0.000982097	0	5.63235
0.965127	1.03613	0.000490002	0.000980004	0	1.50366
0.964218	1.03711	0.000488958	0.000977917	0	0.758803
0.963311	1.03809	0.000487917	0.000975835	0	1.38409
0.962406	1.03906	0.000486879	0.000973759	0	1.89813
0.961502	1.04004	0.000485844	0.000971688	0	5.54823
0.9606	1.04102	0.000484812	0.000969623	0	3.41282
0.9597	1.04199	0.000483782	0.000967564	0	1.80146
0.958801	1.04297	0.000482755	0.00096551	0	0.869308
0.957905	1.04395	0.000481731	0.000963461	0	1.82303
0.957009	1.04492	0.000480709	0.000961418	0	3.85707
0.956116	1.0459	0.00047969	0.000959381	0	2.03662
0.955224	1.04688	0.000478674	0.000957349	0	2.87368
0.954334	1.04785	0.000477661	0.000955322	0	2.79047
0.953445	1.04883	0.00047665	0.000953301	0	5.20333
0.952558	1.0498	0.000475642	0.000951285	0	2.67882
0.951673	1.05078	0.000474637	0.000949275	0	2.17209
0.950789	1.05176	0.000473635	0.000947269	0	4.24097
0.949907	1.05273	0.000472635	0.00094527	0	1.39161
0.949027	1.05371	0.000471638	0.000943275	0	2.93579
0.948148	1.05469	0.000470643	0.000941286	0	1.97773
0.947271	1.05566	0.000469651	0.000939303	0	3.93865
0.946396	1.05664	0.000468662	0.000937324	0	5.51262
0.945522	1.05762	0.000467676	0.000935351	0	2.81291
0.944649	1.05859	0.000466692	0.000933383	0	4.92889
0.943779	1.05957	0.00046571	0.000931421	0	2.8712
0.94291	1.06055	0.000464732	0.000929463	0	4.12321
0.942042	1.06152	0.000463756	0.000927511	0	0.828381
0.941176	1.0625	0.000462782	0.000925564	0	2.7205
0.940312	1.06348	0.000461811	0.000923623	0	5.71338
0.93945	1.06445	0.000460843	0.000921686	0	3.80434
0.938588	1.06543	0.000459877	0.000919755	0	4.81779
0.937729	1.06641	0.000458914	0.000917829	0	3.17113
0.936871	1.06738	0.000457954	0.000915908	0	3.12938
0.936015	1.06836	0.000456996	0.000913992	0	5.2961
0.93516	1.06934	0.000456041	0.000912081	0	0.426044
0.934307	1.07031	0.000455088	0.000910175	0	3.60198
0.933455	1.07129	0.000454137	0.000908275	0	5.92355
0.932605	1.07227	0.00045319	0.000906379	0	3.25381
0.931756	1.07324	0.000452244	0.000904489	0	1.22186
0.930909	1.07422	0.000451302	0.000902603	0	5.32776
0.930064	1.0752	0.000450361	0.000900723	0	1.5811
0.92922	1.07617	0.000449424	0.000898848	0	4.40279
0.928377	1.07715	0.000448489	0.000896977	0	3.39456
0.927536	1.07813	0.000447556	0.000895112	0	5.96171
0.926697	1.0791	0.000446626	0.000893251	0	3.92282
0.925859	1.08008	0.000445698	0.000891396	0	5.26517
0.925023	1.08105	0.000444773	0.000889545	0	0.0498437
0.924188	1.08203	0.00044385	0.0008877	0	6.21621
0.923354	1.08301	0.000442929	0.000885859	0	0.488295
0.922523	1.08398	0.000442012	0.000884023	0	2.024
0.921692	1.08496	0.000441096	0.000882192	0	5.94485
0.920863	1.08594	0.000440183	0.000880366	0	0.056166
0.920036	1.08691	0.000439272	0.000878545	0	5.16937
0.91921	1.08789	0.000438364	0.000876729	0	5.41115
0.918386	1.08887	0.000437459	0.000874917	0	2.76354
0.917563	1.08984	0.000436555	0.00087311	0	1.60689
0.916741	1.09082	0.000435654	0.000871309	0	5.04345
0.915921	1.0918	0.000434756	0.000869511	0	3.0025
0.915103	1.09277	0.00043386	0.000867719	0	0.844074
0.914286	1.09375	0.000432966	0.000865932	0	5.82985
0.91347	1.09473	0.000432074	0.000864149	0	5.62955
0.912656	1.0957	0.000431185	0.000862371	0	3.08847
0.911843	1.09668	0.000430299	0.000860597	0	5.38282
0.911032	1.09766	0.000429414	0.000858829	0	2.63
0.910222	1.09863	0.000428532	0.000857065	0	4.29434
0.909414	1.09961	0.000427653	0.000855305	0	2.50065
0.908607	1.10059	0.000426775	0.000853551	0	3.17767
0.907801	1.10156	0.0004259	0.000851801	0	1.19099
0.906997	1.10254	0.000425028	0.000850055	0	6.0632
0.906195	1.10352	0.000424157	0.000848315	0	1.84861
0.905393	1.10449	0.000423289	0.000846578	0	0.650056
0.904594	1.10547	0.000422423	0.000844847	0	0.90676
0.903795	1.10645	0.00042156	0.00084312	0	0.0885445
0.902998	1.10742	0.000420699	0.000841398	0	4.49842
0.902203	1.1084	0.00041984	0.00083968	0	3.54685
0.901408	1.10938	0.000418983	0.000837967	0	4.99248
0.900616	1.11035	0.000418129	0.000836258	0	3.18608
0.899824	1.11133	0.000417277	0.000834554	0	4.97516
0.899034	1.1123	0.000416427	0.000832854	0	4.37162
0.898246	1.11328	0.000415579	0.000831159	0	4.88737
0.897458	1.11426	0.000414734	0.000829468	0	2.55401
0.896673	1.11523	0.000413891	0.000827782	0	4.07006
0.895888	1.11621	0.00041305	0.0008261	0	1.12968
0.895105	1.11719	0.000412211	0.000824423	0	2.02205
0.894323	1.11816	0.000411375	0.00082275	0	1.08451
0.893543	1.11914	0.000410541	0.000821081	0	2.56754
0.892764	1.12012	0.000409708	0.000819417	0	1.51688
0.891986	1.12109	0.000408879	0.000817757	0	2.55677
0.89121	1.12207	0.000408051	0.000816102	0	6.1275
0.890435	1.12305	0.000407225	0.000814451	0	2.01263
0.889661	1.12402	0.000406402	0.000812804	0	6.17317
0.888889	1.125	0.000405581	0.000811162	0	3.99803
0.888118	1.12598	0.000404762	0.000809524	0	2.35677
0.887348	1.12695	0.000403945	0.00080789	0	5.38773
0.88658	1.12793	0.00040313	0.000806261	0	3.89298
0.885813	1.12891	0.000402318	0.000804636	0	1.58357
0.885048	1.12988	0.000401507	0.000803015	0	4.98166
0.884283	1.13086	0.000400699	0.000801398	0	2.72023
0.88352	1.13184	0.000399893	0.000799786	0	2.24631
0.882759	1.13281	0.000399089	0.000798178	0	2.07519
0.881998	1.13379	0.000398287	0.000796574	0	4.3817
0.881239	1.13477	0.000397487	0.000794974	0	1.68798
0.880482	1.13574	0.000396689	0.000793379	0	5.07856
0.879725	1.13672	0.000395894	0.000791787	0	1.85535
0.87897	1.1377	0.0003951	0.0007902	0	3.41882
0.878216	1.13867	0.000394309	0.000788617	0	3.0657
0.877464	1.13965	0.000393519	0.000787039	0	5.37436
0.876712	1.14063	0.000392732	0.000785464	0	5.5819
0.875962	1.1416	0.000391947	0.000783893	0	1.15852
0.875214	1.14258	0.000391163	0.000782327	0	3.67785
0.874466	1.14355	0.000390382	0.000780765	0	5.64359
0.87372	1.14453	0.000389603	0.000779206	0	2.80304
0.872975	1.14551	0.000388826	0.000777652	0	5.79227
0.872232	1.14648	0.000388051	0.000776102	0	1.75295
0.871489	1.14746	0.000387278	0.000774556	0	3.8254
0.870748	1.14844	0.000386507	0.000773014	0	4.28798
0.870008	1.14941	0.000385738	0.000771476	0	1.43386
0.86927	1.15039	0.000384971	0.000769942	0	0.0865038
0.868533	1.15137	0.000384206	0.000768412	0	2.61835
0.867797	1.15234	0.000383443	0.000766886	0	5.89666
0.867062	1.15332	0.000382682	0.000765364	0	2.15531
0.866328	1.1543	0.000381923	0.000763846	0	4.89928
0.865596	1.15527	0.000381166	0.000762332	0	1.0979
0.864865	1.15625	0.000380411	0.000760822	0	2.14855
0.864135	1.15723	0.000379658	0.000759315	0	0.908534
0.863406	1.1582	0.000378907	0.000757813	0	4.5036
0.862679	1.15918	0.000378157	0.000756315	0	4.39388
0.861953	1.16016	0.00037741	0.00075482	0	4.32596
0.861228	1.16113	0.000376665	0.00075333	0	1.59213
0.860504	1.16211	0.000375921	0.000751843	0	4.35023
0.859782	1.16309	0.00037518	0.00075036	0	1.42815
0.85906	1.16406	0.00037444	0.000748881	0	2.66815
0.85834	1.16504	0.000373703	0.000747406	0	2.33686
0.857621	1.16602	0.000372967	0.000745934	0	2.23247
0.856904	1.16699	0.000372233	0.000744467	0	0.362256
0.856187	1.16797	0.000371502	0.000743003	0	3.96875
0.855472	1.16895	0.000370772	0.000741543	0	4.4442
0.854758	1.16992	0.000370044	0.000740087	0	3.85529
0.854045	1.1709	0.000369317	0.000738635	0	4.07347
0.853333	1.17188	0.000368593	0.000737186	0	1.06777
0.852623	1.17285	0.000367871	0.000735741	0	0.939002
0.851913	1.17383	0.00036715	0.0007343	0	3.23066
0.851205	1.1748	0.000366431	0.000732863	0	5.49988
0.850498	1.17578	0.000365714	0.000731429	0	1.15581
0.849793	1.17676	0.000364999	0.000729999	0	2.9081
0.849088	1.17773	0.000364286	0.000728573	0	2.69506
0.848384	1.17871	0.000363575	0.00072715	0	3.12456
0.847682	1.17969	0.000362865	0.000725731	0	1.0148
0.846981	1.18066	0.000362158	0.000724316	0	2.15162
0.846281	1.18164	0.000361452	0.000722904	0	1.64544
0.845582	1.18262	0.000360748	0.000721496	0	5.30632
0.844884	1.18359	0.000360046	0.000720092	0	5.02864
0.844188	1.18457	0.000359345	0.000718691	0	2.68065
0.843493	1.18555	0.000358647	0.000717294	0	3.81399
0.842798	1.18652	0.00035795	0.0007159	0	0.913987
0.842105	1.1875	0.000357255	0.00071451	0	3.20199
0.841413	1.18848	0.000356562	0.000713124	0	1.86577
0.840722	1.18945	0.00035587	0.000711741	0	5.40135
0.840033	1.19043	0.000355181	0.000710362	0	4.21978
0.839344	1.19141	0.000354493	0.000708986	0	3.98023
0.838657	1.19238	0.000353807	0.000707614	0	0.783836
0.837971	1.19336	0.000353122	0.000706245	0	2.95679
0.837285	1.19434	0.00035244	0.00070488	0	6.19882
0.836601	1.19531	0.000351759	0.000703518	0	5.95834
0.835918	1.19629	0.00035108	0.00070216	0	4.05319
0.835237	1.19727	0.000350402	0.000700805	0	0.953315
0.834556	1.19824	0.000349727	0.000699454	0	4.01575
0.833876	1.19922	0.000349053	0.000698106	0	3.55416
0.833198	1.2002	0.000348381	0.000696762	0	2.94471
0.83252	1.20117	0.00034771	0.000695421	0	2.68944
0.831844	1.20215	0.000347042	0.000694083	0	3.76532
0.831169	1.20313	0.000346375	0.000692749	0	5.34052
0.830495	1.2041	0.000345709	0.000691418	0	4.71943
0.829822	1.20508	0.000345046	0.000690091	0	3.64023
0.82915	1.20605	0.000344384	0.000688767	0	5.81009
0.828479	1.20703	0.000343723	0.000687447	0	0.406773
0.827809	1.20801	0.000343065	0.000686129	0	6.22881
0.827141	1.20898	0.000342408	0.000684816	0	0.332975
0.826473	1.20996	0.000341753	0.000683505	0	1.25347
0.825806	1.21094	0.000341099	0.000682198	0	2.65623
0.825141	1.21191	0.000340447	0.000680894	0	0.675498
0.824477	1.21289	0.000339797	0.000679594	0	3.91864
0.823813	1.21387	0.000339148	0.000678297	0	0.301546
0.823151	1.21484	0.000338501	0.000677003	0	1.78834
0.82249	1.21582	0.000337856	0.000675712	0	0.383505
0.82183	1.2168	0.000337212	0.000674425	0	4.42034
0.821171	1.21777	0.00033657	0.000673141	0	4.20003
0.820513	1.21875	0.00033593	0.00067186	0	2.37869
0.819856	1.21973	0.000335291	0.000670582	0	1.18246
0.8192	1.2207	0.000334654	0.000669308	0	4.69357
0.818545	1.22168	0.000334019	0.000668037	0	2.13867
0.817891	1.22266	0.000333385	0.000666769	0	4.99702
0.817239	1.22363	0.000332752	0.000665505	0	3.06557
0.816587	1.22461	0.000332122	0.000664243	0	3.30288
0.815936	1.22559	0.000331492	0.000662985	0	0.179013
0.815287	1.22656	0.000330865	0.00066173	0	4.04783
0.814638	1.22754	0.000330239	0.000660478	0	2.20324
0.81399	1.22852	0.000329615	0.000659229	0	1.44014
0.813344	1.22949	0.000328992	0.000657983	0	2.72617
0.812698	1.23047	0.00032837	0.000656741	0	2.40311
0.812054	1.23145	0.000327751	0.000655502	0	2.95177
0.81141	1.23242	0.000327133	0.000654265	0	6.15428
0.810768	1.2334	0.000326516	0.000653032	0	2.28945
0.810127	1.23438	0.000325901	0.000651802	0	4.86576
0.809486	1.23535	0.000325288	0.000650575	0	3.47314
0.808847	1.23633	0.000324676	0.000649352	0	5.58658
0.808208	1.2373	0.000324065	0.000648131	0	2.23023
0.807571	1.23828	0.000323457	0.000646913	0	1.54264
0.806935	1.23926	0.000322849	0.000645699	0	5.7241
0.806299	1.24023	0.000322243	0.000644487	0	0.273534
0.805665	1.24121	0.000321639	0.000643278	0	5.97376
0.805031	1.24219	0.000321036	0.000642073	0	3.49601
0.804399	1.24316	0.000320435	0.000640871	0	2.36476
0.803768	1.24414	0.000319836	0.000639671	0	6.2521
0.803137	1.24512	0.000319237	0.000638475	0	0.366703
0.802508	1.24609	0.000318641	0.000637281	0	3.24656
0.801879	1.24707	0.000318045	0.000636091	0	0.195389
0.801252	1.24805	0.000317452	0.000634903	0	3.5888
0.800625	1.24902	0.000316859	0.000633719	0	1.13392
0.8	1.25	0.000316269	0.000632537	0	3.96443
0.799375	1.25098	0.000315679	0.000631358	0	6.16333
0.798752	1.25195	0.000315091	0.000630183	0	5.49717
0.798129	1.25293	0.000314505	0.00062901	0	2.83897
0.797508	1.25391	0.00031392	0.00062784	0	4.45139
0.796887	1.25488	0.000313337	0.000626673	0	4.88498
0.796267	1.25586	0.000312755	0.000625509	0	3.10919
0.795649	1.25684	0.000312174	0.000624348	0	3.32087
0.795031	1.25781	0.000311595	0.00062319	0	0.947406
0.794414	1.25879	0.000311017	0.000622035	0	2.32101
0.793798	1.25977	0.000310441	0.000620882	0	0.893602
0.793184	1.26074	0.000309866	0.000619733	0	4.56721
0.79257	1.26172	0.000309293	0.000618586	0	2.99716
0.791957	1.2627	0.000308721	0.000617442	0	2.82039
0.791345	1.26367	0.00030815	0.000616301	0	5.56689
0.790734	1.26465	0.000307581	0.000615163	0	3.31513
0.790123	1.26563	0.000307014	0.000614027	0	2.57039
0.789514	1.2666	0.000306447	0.000612895	0	1.6895
0.788906	1.26758	0.000305882	0.000611765	0	0.452465
0.788299	1.26855	0.000305319	0.000610638	0	2.62723
0.787692	1.26953	0.000304757	0.000609514	0	0.161814
0.787087	1.27051	0.000304196	0.000608392	0	1.82937
0.786482	1.27148	0.000303637	0.000607274	0	3.16364
0.785879	1.27246	0.000303079	0.000606158	0	6.06914
0.785276	1.27344	0.000302522	0.000605045	0	0.687273
0.784674	1.27441	0.000301967	0.000603934	0	4.22884
0.784074	1.27539	0.000301413	0.000602827	0	3.14117
0.783474	1.27637	0.000300861	0.000601722	0	4.88265
0.782875	1.27734	0.00030031	0.00060062	0	0.902309
0.782277	1.27832	0.00029976	0.00059952	0	0.522778
0.781679	1.2793	0.000299212	0.000598423	0	2.50836
0.781083	1.28027	0.000298665	0.000597329	0	5.00746
0.780488	1.28125	0.000298119	0.000596238	0	1.20433
0.779893	1.28223	0.000297575	0.000595149	0	4.82409
0.7793	1.2832	0.000297032	0.000594063	0	1.824
0.778707	1.28418	0.00029649	0.00059298	0	1.36277
0.778116	1.28516	0.00029595	0.000591899	0	0.105027
0.777525	1.28613	0.000295411	0.000590821	0	2.50485
0.776935	1.28711	0.000294873	0.000589746	0	2.39441
0.776346	1.28809	0.000294337	0.000588673	0	4.14279
0.775758	1.28906	0.000293802	0.000587603	0	0.445593
0.77517	1.29004	0.000293268	0.000586536	0	0.958839
0.774584	1.29102	0.000292735	0.000585471	0	0.104149
0.773998	1.29199	0.000292204	0.000584408	0	0.715004
0.773414	1.29297	0.000291674	0.000583349	0	4.09531
0.77283	1.29395	0.000291146	0.000582292	0	2.52997
0.772247	1.29492	0.000290619	0.000581237	0	2.01707
0.771665	1.2959	0.000290093	0.000580185	0	3.50546
0.771084	1.29688	0.000289568	0.000579136	0	6.2421
0.770504	1.29785	0.000289044	0.000578089	0	5.24323
0.769925	1.29883	0.000288522	0.000577045	0	4.39586
0.769346	1.2998	0.000288001	0.000576003	0	5.76959
0.768769	1.30078	0.000287482	0.000574964	0	0.249623
0.768192	1.30176	0.000286964	0.000573927	0	0.441918
0.767616	1.30273	0.000286446	0.000572893	0	2.97827
0.767041	1.30371	0.000285931	0.000571861	0	2.19388
0.766467	1.30469	0.000285416	0.000570832	0	5.88893
0.765894	1.30566	0.000284903	0.000569806	0	3.07603
0.765321	1.30664	0.000284391	0.000568781	0	3.39072
0.76475	1.30762	0.00028388	0.00056776	0	5.62509
0.764179	1.30859	0.00028337	0.000566741	0	2.80629
0.763609	1.30957	0.000282862	0.000565724	0	5.51057
0.76304	1.31055	0.000282355	0.00056471	0	1.5933
0.762472	1.31152	0.000281849	0.000563698	0	1.7204
0.761905	1.3125	0.000281344	0.000562689	0	2.06316
0.761338	1.31348	0.000280841	0.000561682	0	3.44045
0.760773	1.31445	0.000280339	0.000560677	0	1.38311
0.760208	1.31543	0.000279838	0.000559675	0	4.21871
0.759644	1.31641	0.000279338	0.000558676	0	0.897197
0.759081	1.31738	0.000278839	0.000557678	0	0.591249
0.758519	1.31836	0.000278342	0.000556684	0	5.46758
0.757957	1.31934	0.000277846	0.000555691	0	1.48829
0.757396	1.32031	0.000277351	0.000554701	0	2.42533
0.756837	1.32129	0.000276857	0.000553714	0	3.5911
0.756278	1.32227	0.000276364	0.000552728	0	3.30371
0.75572	1.32324	0.000275873	0.000551746	0	0.477672
0.755162	1.32422	0.000275383	0.000550765	0	5.4923
0.754606	1.3252	0.000274894	0.000549787	0	5.97616
0.75405	1.32617	0.000274406	0.000548811	0	5.10513
0.753495	1.32715	0.000273919	0.000547838	0	1.78318
0.752941	1.32813	0.000273433	0.000546867	0	3.31656
0.752388	1.3291	0.000272949	0.000545898	0	2.13262
0.751836	1.33008	0.000272466	0.000544931	0	3.48508
0.751284	1.33105	0.000271984	0.000543967	0	6.12236
0.750733	1.33203	0.000271503	0.000543005	0	1.95849
0.750183	1.33301	0.000271023	0.000542046	0	4.20217
0.749634	1.33398	0.000270544	0.000541089	0	2.04811
0.749086	1.33496	0.000270067	0.000540134	0	4.86618
0.748538	1.33594	0.000269591	0.000539181	0	2.04712
0.747991	1.33691	0.000269115	0.000538231	0	5.59095
0.747445	1.33789	0.000268641	0.000537283	0	4.72312
0.7469	1.33887	0.000268168	0.000536337	0	4.79176
0.746356	1.33984	0.000267697	0.000535393	0	2.94982
0.745812	1.34082	0.000267226	0.000534452	0	1.32427
0.745269	1.3418	0.000266756	0.000533513	0	0.260596
0.744727	1.34277	0.000266288	0.000532576	0	2.02211
0.744186	1.34375	0.000265821	0.000531641	0	0.233186
0.743646	1.34473	0.000265354	0.000530709	0	4.35962
0.743106	1.3457	0.000264889	0.000529779	0	4.21193
0.742567	1.34668	0.000264425	0.000528851	0	2.70473
0.742029	1.34766	0.000263962	0.000527925	0	4.82416
0.741492	1.34863	0.000263501	0.000527001	0	3.36784
0.740955	1.34961	0.00026304	0.00052608	0	0.250447
0.740419	1.35059	0.00026258	0.000525161	0	0.84693
0.739884	1.35156	0.000262122	0.000524244	0	1.21527
0.73935	1.35254	0.000261664	0.000523329	0	2.10904
0.738817	1.35352	0.000261208	0.000522416	0	0.328692
0.738284	1.35449	0.000260753	0.000521506	0	3.80206
0.737752	1.35547	0.000260299	0.000520597	0	3.21737
0.737221	1.35645	0.000259845	0.000519691	0	3.87962
0.736691	1.35742	0.000259393	0.000518787	0	2.71657
0.736161	1.3584	0.000258942	0.000517885	0	5.32626
0.735632	1.35938	0.000258493	0.000516985	0	2.85294
0.735104	1.36035	0.000258044	0.000516087	0	0.0967832
0.734577	1.36133	0.000257596	0.000515192	0	5.48565
0.73405	1.3623	0.000257149	0.000514298	0	4.12304
0.733524	1.36328	0.000256703	0.000513407	0	5.17108
0.732999	1.36426	0.000256259	0.000512518	0	5.98018
0.732475	1.36523	0.000255815	0.000511631	0	0.319892
0.731951	1.36621	0.000255373	0.000510745	0	1.477
0.731429	1.36719	0.000254931	0.000509862	0	0.397999
0.730906	1.36816	0.000254491	0.000508981	0	2.64935
0.730385	1.36914	0.000254051	0.000508103	0	5.4276
0.729865	1.37012	0.000253613	0.000507226	0	0.512859
0.729345	1.37109	0.000253176	0.000506351	0	2.97265
0.728826	1.37207	0.000252739	0.000505478	0	0.788811
0.728307	1.37305	0.000252304	0.000504608	0	4.85618
0.72779	1.37402	0.00025187	0.000503739	0	5.28681
0.727273	1.375	0.000251436	0.000502872	0	0.272005
0.726757	1.37598	0.000251004	0.000502008	0	3.0564
0.726241	1.37695	0.000250573	0.000501145	0	1.50426
0.725726	1.37793	0.000250142	0.000500285	0	5.98457
0.725212	1.37891	0.000249713	0.000499426	0	5.93065
0.724699	1.37988	0.000249285	0.00049857	0	3.85746
0.724187	1.38086	0.000248858	0.000497715	0	6.1166
0.723675	1.38184	0.000248431	0.000496863	0	2.16683
0.723164	1.38281	0.000248006	0.000496012	0	5.64136
0.722653	1.38379	0.000247582	0.000495164	0	2.73064
0.722144	1.38477	0.000247159	0.000494317	0	1.48167
0.721635	1.38574	0.000246736	0.000493473	0	5.9114
0.721127	1.38672	0.000246315	0.00049263	0	4.29907
0.720619	1.3877	0.000245895	0.000491789	0	0.407852
0.720113	1.38867	0.000245475	0.000490951	0	5.46904
0.719606	1.38965	0.000245057	0.000490114	0	4.4069
0.719101	1.39063	0.000244639	0.000489279	0	3.80087
0.718596	1.3916	0.000244223	0.000488446	0	4.60165
0.718093	1.39258	0.000243808	0.000487615	0	1.5924
0.717589	1.39355	0.000243393	0.000486786	0	3.77298
0.717087	1.39453	0.000242979	0.000485959	0	5.1184
0.716585	1.39551	0.000242567	0.000485134	0	0.340006
0.716084	1.39648	0.000242155	0.00048431	0	0.820023
0.715584	1.39746	0.000241744	0.000483489	0	5.29324
0.715084	1.39844	0.000241335	0.000482669	0	3.88518
0.714585	1.39941	0.000240926	0.000481852	0	3.33818
0.714086	1.40039	0.000240518	0.000481036	0	1.56006
0.713589	1.40137	0.000240111	0.000480222	0	1.85403
0.713092	1.40234	0.000239705	0.00047941	0	5.48325
0.712596	1.40332	0.0002393	0.0004786	0	2.64941
0.7121	1.4043	0.000238896	0.000477792	0	0.404827
0.711605	1.40527	0.000238493	0.000476986	0	5.63592
0.711111	1.40625	0.000238091	0.000476181	0	1.27788
0.710618	1.40723	0.000237689	0.000475378	0	5.19134
0.710125	1.4082	0.000237289	0.000474578	0	5.54033
0.709633	1.40918	0.000236889	0.000473779	0	3.05835
0.709141	1.41016	0.000236491	0.000472981	0	3.76026
0.708651	1.41113	0.000236093	0.000472186	0	3.31292
0.70816	1.41211	0.000235696	0.000471393	0	3.92587
0.707671	1.41309	0.0002353	0.000470601	0	5.37239
0.707182	1.41406	0.000234906	0.000469811	0	1.77273
0.706694	1.41504	0.000234512	0.000469023	0	5.5528
0.706207	1.41602	0.000234118	0.000468237	0	3.5669
0.70572	1.41699	0.000233726	0.000467452	0	0.723214
0.705234	1.41797	0.000233335	0.00046667	0	1.42629
0.704749	1.41895	0.000232944	0.000465889	0	3.74467
0.704264	1.41992	0.000232555	0.00046511	0	1.50449
0.70378	1.4209	0.000232166	0.000464332	0	0.825709
0.703297	1.42188	0.000231778	0.000463557	0	1.01692
0.702814	1.42285	0.000231392	0.000462783	0	5.30849
0.702332	1.42383	0.000231006	0.000462011	0	3.78363
0.701851	1.4248	0.00023062	0.000461241	0	6.05427
0.70137	1.42578	0.000230236	0.000460472	0	2.17197
0.70089	1.42676	0.000229853	0.000459706	0	3.74242
0.70041	1.42773	0.00022947	0.000458941	0	3.76354
0.699932	1.42871	0.000229089	0.000458177	0	3.86858
0.699454	1.42969	0.000228708	0.000457416	0	0.371821
0.698976	1.43066	0.000228328	0.000456656	0	4.71438
0.698499	1.43164	0.000227949	0.000455898	0	5.95778
0.698023	1.43262	0.000227571	0.000455142	0	3.35949
0.697548	1.43359	0.000227193	0.000454387	0	1.20987
0.697073	1.43457	0.000226817	0.000453634	0	4.73077
0.696599	1.43555	0.000226441	0.000452883	0	0.0459864
0.696125	1.43652	0.000226067	0.000452133	0	2.06249
0.695652	1.4375	0.000225693	0.000451385	0	5.76549
0.69518	1.43848	0.00022532	0.000450639	0	3.69682
0.694708	1.43945	0.000224947	0.000449895	0	5.37332
0.694237	1.44043	0.000224576	0.000449152	0	3.79927
0.693767	1.44141	0.000224205	0.000448411	0	5.16841
0.693297	1.44238	0.000223836	0.000447672	0	5.52596
0.692828	1.44336	0.000223467	0.000446934	0	2.01682
0.69236	1.44434	0.000223099	0.000446198	0	0.772548
0.691892	1.44531	0.000222732	0.000445463	0	4.53208
0.691425	1.44629	0.000222365	0.00044473	0	2.76678
0.690958	1.44727	0.000222	0.000443999	0	0.796304
0.690492	1.44824	0.000221635	0.00044327	0	3.70597
0.690027	1.44922	0.000221271	0.000442542	0	0.226624
0.689562	1.4502	0.000220908	0.000441816	0	1.25778
0.689098	1.45117	0.000220546	0.000441091	0	4.95304
0.688635	1.45215	0.000220184	0.000440368	0	0.0760062
0.688172	1.45313	0.000219823	0.000439647	0	1.90598
0.68771	1.4541	0.000219464	0.000438927	0	0.134309
0.687248	1.45508	0.000219104	0.000438209	0	6.26738
0.686787	1.45605	0.000218746	0.000437492	0	3.657
0.686327	1.45703	0.000218389	0.000436778	0	1.84334
0.685867	1.45801	0.000218032	0.000436064	0	5.83676
0.685408	1.45898	0.000217676	0.000435353	0	3.18633
0.68495	1.45996	0.000217321	0.000434642	0	2.85692
0.684492	1.46094	0.000216967	0.000433934	0	3.69371
0.684035	1.46191	0.000216613	0.000433227	0	1.65963
0.683578	1.46289	0.000216261	0.000432522	0	1.91818
0.683122	1.46387	0.000215909	0.000431818	0	2.33517
0.682667	1.46484	0.000215558	0.000431115	0	1.53591
0.682212	1.46582	0.000215207	0.000430415	0	3.67282
0.681758	1.4668	0.000214858	0.000429716	0	4.37213
0.681304	1.46777	0.000214509	0.000429018	0	0.452058
0.680851	1.46875	0.000214161	0.000428322	0	6.1015
0.680399	1.46973	0.000213814	0.000427628	0	4.73168
0.679947	1.4707	0.000213467	0.000426935	0	5.06527
0.679496	1.47168	0.000213122	0.000426243	0	4.7227
0.679045	1.47266	0.000212777	0.000425553	0	0.503038
0.678595	1.47363	0.000212433	0.000424865	0	3.02659
0.678146	1.47461	0.000212089	0.000424178	0	2.80025
0.677697	1.47559	0.000211747	0.000423493	0	4.22527
0.677249	1.47656	0.000211405	0.000422809	0	2.8195
0.676801	1.47754	0.000211063	0.000422127	0	4.42533
0.676354	1.47852	0.000210723	0.000421446	0	4.2829
0.675908	1.47949	0.000210384	0.000420767	0	4.38031
0.675462	1.48047	0.000210045	0.000420089	0	3.88678
0.675016	1.48145	0.000209707	0.000419413	0	0.94864
0.674572	1.48242	0.000209369	0.000418738	0	4.78026
0.674128	1.4834	0.000209033	0.000418065	0	4.90746
0.673684	1.48438	0.000208697	0.000417393	0	5.68065
0.673241	1.48535	0.000208361	0.000416723	0	1.46881
0.672799	1.48633	0.000208027	0.000416054	0	1.11011
0.672357	1.4873	0.000207693	0.000415387	0	2.45735
0.671916	1.48828	0.00020736	0.000414721	0	2.01417
0.671475	1.48926	0.000207028	0.000414056	0	5.12379
0.671035	1.49023	0.000206697	0.000413393	0	3.8549
0.670596	1.49121	0.000206366	0.000412732	0	4.77523
0.670157	1.49219	0.000206036	0.000412072	0	2.6871
0.669719	1.49316	0.000205707	0.000411413	0	0.624803
0.669281	1.49414	0.000205378	0.000410756	0	0.722786
0.668844	1.49512	0.00020505	0.0004101	0	2.34619
0.668407	1.49609	0.000204723	0.000409446	0	1.21798
0.667971	1.49707	0.000204397	0.000408793	0	5.1569
0.667536	1.49805	0.000204071	0.000408142	0	3.76762
0.667101	1.49902	0.000203746	0.000407492	0	4.32814
0.666667	1.5	0.000203422	0.000406843	0	3.08573
0.666233	1.50098	0.000203098	0.000406196	0	0.554012
0.6658	1.50195	0.000202775	0.00040555	0	1.47704
0.665367	1.50293	0.000202453	0.000404906	0	2.90033
0.664935	1.50391	0.000202132	0.000404263	0	1.24779
0.664504	1.50488	0.000201811	0.000403621	0	0.160072
0.664073	1.50586	0.000201491	0.000402981	0	4.58294
0.663642	1.50684	0.000201171	0.000402343	0	4.55479
0.663212	1.50781	0.000200853	0.000401705	0	2.07591
0.662783	1.50879	0.000200535	0.000401069	0	5.29983
0.662354	1.50977	0.000200217	0.000400435	0	2.69198
0.661926	1.51074	0.000199901	0.000399801	0	5.43298
0.661499	1.51172	0.000199585	0.00039917	0	4.12846
0.661072	1.5127	0.00019927	0.000398539	0	3.65075
0.660645	1.51367	0.000198955	0.00039791	0	1.26121
0.660219	1.51465	0.000198641	0.000397282	0	3.32724
0.659794	1.51563	0.000198328	0.000396656	0	5.61988
0.659369	1.5166	0.000198015	0.000396031	0	1.91633
0.658945	1.51758	0.000197704	0.000395407	0	5.47231
0.658521	1.51855	0.000197392	0.000394785	0	5.70981
0.658098	1.51953	0.000197082	0.000394164	0	2.07247
0.657675	1.52051	0.000196772	0.000393544	0	4.29188
0.657253	1.52148	0.000196463	0.000392926	0	5.64997
0.656831	1.52246	0.000196154	0.000392309	0	0.475618
0.65641	1.52344	0.000195847	0.000391693	0	5.52033
0.65599	1.52441	0.00019554	0.000391079	0	1.19908
0.65557	1.52539	0.000195233	0.000390466	0	5.33926
0.65515	1.52637	0.000194927	0.000389854	0	4.19163
0.654731	1.52734	0.000194622	0.000389244	0	2.16355
0.654313	1.52832	0.000194318	0.000388635	0	0.951121
0.653895	1.5293	0.000194014	0.000388027	0	3.99215
0.653478	1.53027	0.00019371	0.000387421	0	5.32681
0.653061	1.53125	0.000193408	0.000386816	0	5.16383
0.652645	1.53223	0.000193106	0.000386212	0	3.94735
0.652229	1.5332	0.000192805	0.000385609	0	6.00862
0.651814	1.53418	0.000192504	0.000385008	0	3.7066
0.651399	1.53516	0.000192204	0.000384408	0	1.24302
0.650985	1.53613	0.000191905	0.00038381	0	2.69756
0.650572	1.53711	0.000191606	0.000383212	0	2.11584
0.650159	1.53809	0.000191308	0.000382616	0	6.23257
0.649746	1.53906	0.000191011	0.000382021	0	2.3891
0.649334	1.54004	0.000190714	0.000381428	0	6.23732
0.648923	1.54102	0.000190418	0.000380835	0	3.25974
0.648512	1.54199	0.000190122	0.000380244	0	1.08247
0.648101	1.54297	0.000189827	0.000379655	0	0.468563
0.647691	1.54395	0.000189533	0.000379066	0	2.3267
0.647282	1.54492	0.000189239	0.000378479	0	0.775464
0.646873	1.5459	0.000188946	0.000377893	0	3.9868
0.646465	1.54688	0.000188654	0.000377308	0	2.60074
0.646057	1.54785	0.000188362	0.000376725	0	6.22611
0.645649	1.54883	0.000188071	0.000376142	0	5.84308
0.645243	1.5498	0.000187781	0.000375561	0	0.937678
0.644836	1.55078	0.000187491	0.000374982	0	2.48112
0.64443	1.55176	0.000187202	0.000374403	0	2.90019
0.644025	1.55273	0.000186913	0.000373826	0	3.52454
0.64362	1.55371	0.000186625	0.00037325	0	4.90317
0.643216	1.55469	0.000186337	0.000372675	0	3.06113
0.642812	1.55566	0.000186051	0.000372101	0	2.6389
0.642409	1.55664	0.000185764	0.000371529	0	1.64619
0.642006	1.55762	0.000185479	0.000370957	0	5.72276
0.641604	1.55859	0.000185194	0.000370387	0	0.139936
0.641202	1.55957	0.000184909	0.000369818	0	5.15926
0.640801	1.56055	0.000184625	0.000369251	0	1.18418
0.6404	1.56152	0.000184342	0.000368684	0	4.30874
0.64	1.5625	0.00018406	0.000368119	0	2.23185
0.6396	1.56348	0.000183778	0.000367555	0	6.12116
0.639201	1.56445	0.000183496	0.000366992	0	0.7714
0.638802	1.56543	0.000183215	0.000366431	0	1.17854
0.638404	1.56641	0.000182935	0.00036587	0	5.58853
0.638006	1.56738	0.000182655	0.000365311	0	3.66565
0.637609	1.56836	0.000182376	0.000364753	0	1.94305
0.637212	1.56934	0.000182098	0.000364196	0	0.00480278
0.636816	1.57031	0.00018182	0.00036364	0	1.43004
0.63642	1.57129	0.000181543	0.000363085	0	0.913598
0.636025	1.57227	0.000181266	0.000362532	0	1.27821
0.63563	1.57324	0.00018099	0.00036198	0	5.63176
0.635236	1.57422	0.000180714	0.000361429	0	5.48581
0.634842	1.5752	0.000180439	0.000360879	0	4.40005
0.634449	1.57617	0.000180165	0.00036033	0	2.95622
0.634056	1.57715	0.000179891	0.000359782	0	5.19705
0.633663	1.57813	0.000179618	0.000359236	0	3.11537
0.633271	1.5791	0.000179345	0.00035869	0	2.28387
0.63288	1.58008	0.000179073	0.000358146	0	1.73167
0.632489	1.58105	0.000178801	0.000357603	0	5.81032
0.632099	1.58203	0.00017853	0.000357061	0	2.43153
0.631709	1.58301	0.00017826	0.00035652	0	3.09686
0.631319	1.58398	0.00017799	0.00035598	0	1.59868
0.63093	1.58496	0.000177721	0.000355442	0	5.56041
0.630542	1.58594	0.000177452	0.000354904	0	2.40812
0.630154	1.58691	0.000177184	0.000354368	0	1.86972
0.629766	1.58789	0.000176916	0.000353833	0	4.50878
0.629379	1.58887	0.000176649	0.000353299	0	1.19927
0.628993	1.58984	0.000176383	0.000352766	0	0.742626
0.628607	1.59082	0.000176117	0.000352234	0	5.25901
0.628221	1.5918	0.000175851	0.000351703	0	4.67554
0.627836	1.59277	0.000175587	0.000351173	0	3.71035
0.627451	1.59375	0.000175322	0.000350645	0	1.52613
0.627067	1.59473	0.000175059	0.000350117	0	3.91598
0.626683	1.5957	0.000174795	0.000349591	0	4.0109
0.6263	1.59668	0.000174533	0.000349065	0	2.05818
0.625917	1.59766	0.000174271	0.000348541	0	0.424048
0.625535	1.59863	0.000174009	0.000348018	0	5.53259
0.625153	1.59961	0.000173748	0.000347496	0	2.88999
0.624771	1.60059	0.000173488	0.000346975	0	4.79955
0.62439	1.60156	0.000173228	0.000346455	0	1.59523
0.62401	1.60254	0.000172968	0.000345936	0	3.7158
0.62363	1.60352	0.000172709	0.000345419	0	2.6942
0.62325	1.60449	0.000172451	0.000344902	0	2.40081
0.622871	1.60547	0.000172193	0.000344386	0	0.796164
0.622492	1.60645	0.000171936	0.000343872	0	1.53477
0.622114	1.60742	0.000171679	0.000343358	0	0.498518
0.621736	1.6084	0.000171423	0.000342846	0	1.90291
0.621359	1.60938	0.000171167	0.000342334	0	4.66027
0.620982	1.61035	0.000170912	0.000341824	0	3.86426
0.620606	1.61133	0.000170657	0.000341315	0	4.22488
0.62023	1.6123	0.000170403	0.000340807	0	0.0526724
0.619855	1.61328	0.00017015	0.000340299	0	4.26237
0.61948	1.61426	0.000169897	0.000339793	0	3.16158
0.619105	1.61523	0.000169644	0.000339288	0	1.45084
0.618731	1.61621	0.000169392	0.000338784	0	1.09891
0.618357	1.61719	0.000169141	0.000338281	0	1.16228
0.617984	1.61816	0.00016889	0.000337779	0	5.30464
0.617612	1.61914	0.000168639	0.000337278	0	6.17379
0.617239	1.62012	0.000168389	0.000336778	0	5.7412
0.616867	1.62109	0.00016814	0.000336279	0	2.18259
0.616496	1.62207	0.000167891	0.000335781	0	4.9023
0.616125	1.62305	0.000167642	0.000335284	0	3.43348
0.615755	1.62402	0.000167394	0.000334788	0	5.12986
0.615385	1.625	0.000167147	0.000334294	0	3.03935
0.615015	1.62598	0.0001669	0.0003338	0	3.70677
0.614646	1.62695	0.000166653	0.000333307	0	4.94652
0.614277	1.62793	0.000166408	0.000332815	0	0.629793
0.613909	1.62891	0.000166162	0.000332324	0	3.37412
0.613541	1.62988	0.000165917	0.000331834	0	2.29954
0.613174	1.63086	0.000165673	0.000331345	0	3.79697
0.612807	1.63184	0.000165429	0.000330858	0	6.02433
0.61244	1.63281	0.000165185	0.000330371	0	2.46818
0.612074	1.63379	0.000164942	0.000329885	0	2.46912
0.611708	1.63477	0.0001647	0.0003294	0	4.96772
0.611343	1.63574	0.000164458	0.000328916	0	4.05315
0.610979	1.63672	0.000164217	0.000328433	0	2.47485
0.610614	1.6377	0.000163976	0.000327951	0	4.32883
0.61025	1.63867	0.000163735	0.00032747	0	2.53842
0.609887	1.63965	0.000163495	0.00032699	0	0.855224
0.609524	1.64063	0.000163256	0.000326511	0	2.83148
0.609161	1.6416	0.000163017	0.000326033	0	2.10122
0.608799	1.64258	0.000162778	0.000325556	0	1.36954
0.608437	1.64355	0.00016254	0.00032508	0	5.81681
0.608076	1.64453	0.000162302	0.000324605	0	4.33313
0.607715	1.64551	0.000162065	0.00032413	0	3.7625
0.607355	1.64648	0.000161829	0.000323657	0	4.69139
0.606995	1.64746	0.000161592	0.000323185	0	3.4053
0.606635	1.64844	0.000161357	0.000322714	0	4.40158
0.606276	1.64941	0.000161122	0.000322243	0	5.84688
0.605917	1.65039	0.000160887	0.000321774	0	5.41998
0.605559	1.65137	0.000160653	0.000321305	0	1.05207
0.605201	1.65234	0.000160419	0.000320838	0	1.65335
0.604843	1.65332	0.000160186	0.000320371	0	0.449941
0.604486	1.6543	0.000159953	0.000319905	0	6.14918
0.60413	1.65527	0.00015972	0.000319441	0	1.48525
0.603774	1.65625	0.000159488	0.000318977	0	4.15066
0.603418	1.65723	0.000159257	0.000318514	0	0.563166
0.603062	1.6582	0.000159026	0.000318052	0	1.32431
0.602707	1.65918	0.000158795	0.000317591	0	3.15934
0.602353	1.66016	0.000158565	0.000317131	0	0.659443
0.601999	1.66113	0.000158336	0.000316672	0	2.44336
0.601645	1.66211	0.000158107	0.000316213	0	3.38028
0.601292	1.66309	0.000157878	0.000315756	0	2.13128
0.600939	1.66406	0.00015765	0.000315299	0	3.49282
0.600587	1.66504	0.000157422	0.000314844	0	3.37261
0.600234	1.66602	0.000157195	0.000314389	0	2.45428
0.599883	1.66699	0.000156968	0.000313936	0	4.37479
0.599532	1.66797	0.000156741	0.000313483	0	4.26303
0.599181	1.66895	0.000156515	0.000313031	0	4.31845
0.59883	1.66992	0.00015629	0.00031258	0	3.52795
0.59848	1.6709	0.000156065	0.00031213	0	2.24988
0.598131	1.67188	0.00015584	0.000311681	0	3.8523
0.597782	1.67285	0.000155616	0.000311232	0	5.8794
0.597433	1.67383	0.000155392	0.000310785	0	3.75036
0.597085	1.6748	0.000155169	0.000310338	0	6.15495
0.596737	1.67578	0.000154946	0.000309893	0	2.77093
0.596389	1.67676	0.000154724	0.000309448	0	4.64712
0.596042	1.67773	0.000154502	0.000309004	0	0.236272
0.595695	1.67871	0.00015428	0.000308561	0	4.80492
0.595349	1.67969	0.000154059	0.000308119	0	3.25646
0.595003	1.68066	0.000153839	0.000307677	0	0.0334048
0.594657	1.68164	0.000153619	0.000307237	0	1.7417
0.594312	1.68262	0.000153399	0.000306798	0	3.36045
0.593968	1.68359	0.000153179	0.000306359	0	4.82525
0.593623	1.68457	0.000152961	0.000305921	0	0.333591
0.593279	1.68555	0.000152742	0.000305484	0	3.4498
0.592936	1.68652	0.000152524	0.000305048	0	5.0328
0.592593	1.6875	0.000152307	0.000304613	0	4.08145
0.59225	1.68848	0.000152089	0.000304179	0	5.85245
0.591908	1.68945	0.000151873	0.000303745	0	0.469552
0.591566	1.69043	0.000151656	0.000303313	0	1.73923
0.591224	1.69141	0.00015144	0.000302881	0	5.77574
0.590883	1.69238	0.000151225	0.00030245	0	4.80667
0.590542	1.69336	0.00015101	0.00030202	0	3.76828
0.590202	1.69434	0.000150795	0.000301591	0	5.23369
0.589862	1.69531	0.000150581	0.000301162	0	5.63001
0.589522	1.69629	0.000150367	0.000300735	0	6.11178
0.589183	1.69727	0.000150154	0.000300308	0	6.27389
0.588844	1.69824	0.000149941	0.000299882	0	0.877443
0.588506	1.69922	0.000149729	0.000299457	0	0.443229
0.588168	1.7002	0.000149516	0.000299033	0	0.461605
0.58783	1.70117	0.000149305	0.00029861	0	0.092638
0.587493	1.70215	0.000149094	0.000298187	0	6.10613
0.587156	1.70313	0.000148883	0.000297765	0	0.595438
0.586819	1.7041	0.000148672	0.000297344	0	5.28879
0.586483	1.70508	0.000148462	0.000296924	0	4.30507
0.586148	1.70605	0.000148253	0.000296505	0	3.06341
0.585812	1.70703	0.000148043	0.000296087	0	2.17835
0.585477	1.70801	0.000147835	0.000295669	0	2.22203
0.585143	1.70898	0.000147626	0.000295252	0	1.59492
0.584809	1.70996	0.000147418	0.000294836	0	5.72409
0.584475	1.71094	0.000147211	0.000294421	0	4.55935
0.584141	1.71191	0.000147003	0.000294007	0	0.162897
0.583808	1.71289	0.000146797	0.000293593	0	2.89982
0.583476	1.71387	0.00014659	0.000293181	0	1.76747
0.583144	1.71484	0.000146384	0.000292769	0	0.182
0.582812	1.71582	0.000146179	0.000292357	0	5.55862
0.58248	1.7168	0.000145974	0.000291947	0	4.84437
0.582149	1.71777	0.000145769	0.000291538	0	2.07179
0.581818	1.71875	0.000145564	0.000291129	0	5.00493
0.581488	1.71973	0.00014536	0.000290721	0	2.03976
0.581158	1.7207	0.000145157	0.000290314	0	1.93448
0.580828	1.72168	0.000144954	0.000289907	0	5.83148
0.580499	1.72266	0.000144751	0.000289502	0	6.13815
0.58017	1.72363	0.000144548	0.000289097	0	3.28959
0.579841	1.72461	0.000144346	0.000288693	0	5.98119
0.579513	1.72559	0.000144145	0.00028829	0	5.57945
0.579186	1.72656	0.000143944	0.000287887	0	3.25489
0.578858	1.72754	0.000143743	0.000287485	0	2.34205
0.578531	1.72852	0.000143542	0.000287085	0	4.46329
0.578204	1.72949	0.000143342	0.000286684	0	2.86289
0.577878	1.73047	0.000143143	0.000286285	0	3.80266
0.577552	1.73145	0.000142943	0.000285886	0	6.22291
0.577227	1.73242	0.000142744	0.000285489	0	4.86266
0.576901	1.7334	0.000142546	0.000285092	0	2.10032
0.576577	1.73438	0.000142348	0.000284695	0	0.559192
0.576252	1.73535	0.00014215	0.0002843	0	1.1618
0.575928	1.73633	0.000141953	0.000283905	0	3.31031
0.575604	1.7373	0.000141756	0.000283511	0	2.62073
0.575281	1.73828	0.000141559	0.000283118	0	5.03069
0.574958	1.73926	0.000141363	0.000282725	0	5.86348
0.574635	1.74023	0.000141167	0.000282334	0	1.11756
0.574313	1.74121	0.000140971	0.000281943	0	5.40396
0.573991	1.74219	0.000140776	0.000281552	0	6.01549
0.573669	1.74316	0.000140581	0.000281163	0	6.02853
0.573348	1.74414	0.000140387	0.000280774	0	0.237898
0.573027	1.74512	0.000140193	0.000280386	0	0.361808
0.572707	1.74609	0.000139999	0.000279999	0	0.0364261
0.572387	1.74707	0.000139806	0.000279612	0	1.96463
0.572067	1.74805	0.000139613	0.000279226	0	0.349963
0.571748	1.74902	0.000139421	0.000278841	0	1.84639
0.571429	1.75	0.000139229	0.000278457	0	2.23692
0.57111	1.75098	0.000139037	0.000278074	0	5.99213
0.570792	1.75195	0.000138845	0.000277691	0	2.99677
0.570474	1.75293	0.000138654	0.000277309	0	1.74822
0.570156	1.75391	0.000138464	0.000276927	0	3.16047
0.569839	1.75488	0.000138273	0.000276547	0	4.04234
0.569522	1.75586	0.000138083	0.000276167	0	0.698977
0.569205	1.75684	0.000137894	0.000275787	0	4.76304
0.568889	1.75781	0.000137704	0.000275409	0	5.35293
0.568573	1.75879	0.000137516	0.000275031	0	5.30458
0.568257	1.75977	0.000137327	0.000274654	0	5.59522
0.567942	1.76074	0.000137139	0.000274278	0	2.39919
0.567627	1.76172	0.000136951	0.000273902	0	2.78851
0.567313	1.7627	0.000136764	0.000273527	0	0.638255
0.566999	1.76367	0.000136576	0.000273153	0	1.41879
0.566685	1.76465	0.00013639	0.000272779	0	6.10299
0.566372	1.76563	0.000136203	0.000272407	0	1.78835
0.566059	1.7666	0.000136017	0.000272035	0	5.70134
0.565746	1.76758	0.000135832	0.000271663	0	5.59551
0.565433	1.76855	0.000135646	0.000271293	0	5.79627
0.565121	1.76953	0.000135461	0.000270923	0	0.981117
0.56481	1.77051	0.000135277	0.000270553	0	5.52746
0.564498	1.77148	0.000135092	0.000270185	0	3.97094
0.564187	1.77246	0.000134908	0.000269817	0	1.32342
0.563877	1.77344	0.000134725	0.00026945	0	2.16843
0.563566	1.77441	0.000134542	0.000269083	0	1.0048
0.563256	1.77539	0.000134359	0.000268717	0	2.79192
0.562947	1.77637	0.000134176	0.000268352	0	0.526374
0.562637	1.77734	0.000133994	0.000267988	0	1.03873
0.562328	1.77832	0.000133812	0.000267624	0	1.23902
0.56202	1.7793	0.000133631	0.000267261	0	4.34185
0.561711	1.78027	0.000133449	0.000266899	0	3.60531
0.561404	1.78125	0.000133269	0.000266537	0	5.48725
0.561096	1.78223	0.000133088	0.000266176	0	1.53708
0.560789	1.7832	0.000132908	0.000265816	0	3.95594
0.560482	1.78418	0.000132728	0.000265456	0	0.216338
0.560175	1.78516	0.000132549	0.000265097	0	3.24337
0.559869	1.78613	0.000132369	0.000264739	0	5.42381
0.559563	1.78711	0.000132191	0.000264381	0	6.18345
0.559257	1.78809	0.000132012	0.000264024	0	0.0620337
0.558952	1.78906	0.000131834	0.000263668	0	1.58865
0.558647	1.79004	0.000131656	0.000263312	0	1.40649
0.558342	1.79102	0.000131479	0.000262957	0	0.298688
0.558038	1.79199	0.000131301	0.000262603	0	0.0639154
0.557734	1.79297	0.000131125	0.000262249	0	3.07999
0.557431	1.79395	0.000130948	0.000261896	0	0.285773
0.557127	1.79492	0.000130772	0.000261544	0	1.74879
0.556824	1.7959	0.000130596	0.000261192	0	4.02108
0.556522	1.79688	0.000130421	0.000260841	0	1.8516
0.556219	1.79785	0.000130245	0.000260491	0	1.69429
0.555917	1.79883	0.000130071	0.000260141	0	3.71051
0.555616	1.7998	0.000129896	0.000259792	0	2.39097
0.555315	1.80078	0.000129722	0.000259444	0	4.41408
0.555014	1.80176	0.000129548	0.000259096	0	3.11724
0.554713	1.80273	0.000129374	0.000258749	0	3.97857
0.554413	1.80371	0.000129201	0.000258402	0	2.22044
0.554113	1.80469	0.000129028	0.000258057	0	1.80355
0.553813	1.80566	0.000128856	0.000257711	0	0.836965
0.553514	1.80664	0.000128683	0.000257367	0	5.88785
0.553214	1.80762	0.000128511	0.000257023	0	5.05693
0.552916	1.80859	0.00012834	0.00025668	0	5.89381
0.552617	1.80957	0.000128169	0.000256337	0	1.16478
0.552319	1.81055	0.000127998	0.000255995	0	5.86319
0.552022	1.81152	0.000127827	0.000255654	0	5.87951
0.551724	1.8125	0.000127656	0.000255313	0	1.78156
0.551427	1.81348	0.000127486	0.000254973	0	1.72558
0.55113	1.81445	0.000127317	0.000254633	0	3.46475
0.550834	1.81543	0.000127147	0.000254295	0	1.16421
0.550538	1.81641	0.000126978	0.000253956	0	2.7778
0.550242	1.81738	0.000126809	0.000253619	0	1.16439
0.549946	1.81836	0.000126641	0.000253282	0	5.95254
0.549651	1.81934	0.000126473	0.000252945	0	3.10279
0.549356	1.82031	0.000126305	0.00025261	0	6.05647
0.549062	1.82129	0.000126137	0.000252275	0	4.05229
0.548767	1.82227	0.00012597	0.00025194	0	3.04305
0.548473	1.82324	0.000125803	0.000251606	0	6.08021
0.54818	1.82422	0.000125636	0.000251273	0	0.899688
0.547887	1.8252	0.00012547	0.00025094	0	3.97305
0.547594	1.82617	0.000125304	0.000250608	0	4.15877
0.547301	1.82715	0.000125138	0.000250277	0	2.7259
0.547009	1.82813	0.000124973	0.000249946	0	0.372952
0.546716	1.8291	0.000124808	0.000249616	0	3.09587
0.546425	1.83008	0.000124643	0.000249286	0	2.92252
0.546133	1.83105	0.000124479	0.000248957	0	5.06894
0.545842	1.83203	0.000124314	0.000248629	0	1.61265
0.545551	1.83301	0.00012415	0.000248301	0	2.45943
0.545261	1.83398	0.000123987	0.000247974	0	1.50905
0.544971	1.83496	0.000123823	0.000247647	0	4.31305
0.544681	1.83594	0.00012366	0.000247321	0	6.21962
0.544391	1.83691	0.000123498	0.000246996	0	1.11482
0.544102	1.83789	0.000123335	0.000246671	0	5.1613
0.543813	1.83887	0.000123173	0.000246346	0	1.45134
0.543524	1.83984	0.000123011	0.000246023	0	0.364273
0.543236	1.84082	0.00012285	0.0002457	0	0.87221
0.542948	1.8418	0.000122689	0.000245377	0	5.87574
0.54266	1.84277	0.000122528	0.000245055	0	5.58287
0.542373	1.84375	0.000122367	0.000244734	0	1.81748
0.542086	1.84473	0.000122207	0.000244413	0	5.95498
0.541799	1.8457	0.000122047	0.000244093	0	5.34027
0.541512	1.84668	0.000121887	0.000243774	0	2.73102
0.541226	1.84766	0.000121727	0.000243455	0	2.94084
0.54094	1.84863	0.000121568	0.000243136	0	3.95748
0.540655	1.84961	0.000121409	0.000242819	0	0.992943
