368 , 0.3594 , 0.0002115 , 0 , 2.62 ,
369 , 0.3604 , 0.0002196 , 0 , -1.76 ,
370 , 0.3613 , 0.0002278 , 0 , 0.000719 ,
371 , 0.3623 , 0.0002363 , 0 , 1.9 ,
372 , 0.3633 , 0.0002448 , 0 , 0.922 ,
373 , 0.3643 , 0.0002536 , 0 , 0.58 ,
374 , 0.3652 , 0.0002625 , 0 , 1.17 ,
375 , 0.3662 , 0.0002717 , 0 , 2.17 ,
376 , 0.3672 , 0.0002809 , 0 , 2.49 ,
377 , 0.3682 , 0.0002904 , 0 , -2.9 ,
378 , 0.3691 , 0.0003 , 0 , 2.63 ,
379 , 0.3701 , 0.0003098 , 0 , -1.98 ,
380 , 0.3711 , 0.0003197 , 0 , 1.28 ,
381 , 0.3721 , 0.0003298 , 0 , -0.766 ,
382 , 0.373 , 0.00034 , 0 , 0.172 ,
383 , 0.374 , 0.0003505 , 0 , -2.07 ,
384 , 0.375 , 0.000361 , 0 , 2.62 ,
385 , 0.376 , 0.0003717 , 0 , -2.77 ,
386 , 0.377 , 0.0003826 , 0 , 0.882 ,
387 , 0.3779 , 0.0003936 , 0 , 1.24 ,
388 , 0.3789 , 0.0004047 , 0 , -1.25 ,
389 , 0.3799 , 0.000416 , 0 , -0.199 ,
390 , 0.3809 , 0.0004275 , 0 , 1.97 ,
391 , 0.3818 , 0.000439 , 0 , -1.93 ,
392 , 0.3828 , 0.0004507 , 0 , -0.777 ,
393 , 0.3838 , 0.0004625 , 0 , -0.662 ,
394 , 0.3848 , 0.0004745 , 0 , 0.534 ,
395 , 0.3857 , 0.0004865 , 0 , 0.245 ,
396 , 0.3867 , 0.0004987 , 0 , 1.07 ,
397 , 0.3877 , 0.000511 , 0 , -0.766 ,
398 , 0.3887 , 0.0005234 , 0 , 0.618 ,
399 , 0.3896 , 0.0005359 , 0 , 2.65 ,
400 , 0.3906 , 0.0005485 , 0 , -0.265 ,
401 , 0.3916 , 0.0005612 , 0 , -2.93 ,
402 , 0.3926 , 0.000574 , 0 , -1.94 ,
403 , 0.3936 , 0.0005869 , 0 , 1.98 ,
404 , 0.3945 , 0.0005999 , 0 , -1.97 ,
405 , 0.3955 , 0.000613 , 0 , -1.04 ,
406 , 0.3965 , 0.0006262 , 0 , 0.115 ,
407 , 0.3975 , 0.0006394 , 0 , -1.57 ,
408 , 0.3984 , 0.0006527 , 0 , -0.07 ,
409 , 0.3994 , 0.0006661 , 0 , -1.58 ,
410 , 0.4004 , 0.0006795 , 0 , 1.76 ,
411 , 0.4014 , 0.000693 , 0 , -1.32 ,
412 , 0.4023 , 0.0007066 , 0 , 0.649 ,
413 , 0.4033 , 0.0007202 , 0 , 2.81 ,
414 , 0.4043 , 0.0007339 , 0 , -0.574 ,
415 , 0.4053 , 0.0007476 , 0 , 1.84 ,
416 , 0.4063 , 0.0007614 , 0 , 1.81 ,
417 , 0.4072 , 0.0007752 , 0 , 0.817 ,
418 , 0.4082 , 0.000789 , 0 , 0.122 ,
419 , 0.4092 , 0.0008029 , 0 , -2.02 ,
420 , 0.4102 , 0.0008168 , 0 , 1.33 ,
421 , 0.4111 , 0.0008307 , 0 , 1.67 ,
422 , 0.4121 , 0.0008446 , 0 , 3.09 ,
423 , 0.4131 , 0.0008586 , 0 , 0.335 ,
424 , 0.4141 , 0.0008726 , 0 , -2.68 ,
425 , 0.415 , 0.0008866 , 0 , 0.922 ,
426 , 0.416 , 0.0009006 , 0 , -2.58 ,
427 , 0.417 , 0.0009145 , 0 , -1.89 ,
428 , 0.418 , 0.0009285 , 0 , 0.643 ,
429 , 0.4189 , 0.0009425 , 0 , 2.6 ,
430 , 0.4199 , 0.0009565 , 0 , -1.92 ,
431 , 0.4209 , 0.0009705 , 0 , 2.6 ,
432 , 0.4219 , 0.0009845 , 0 , 0.314 ,
433 , 0.4229 , 0.0009984 , 0 , -2.92 ,
434 , 0.4238 , 0.001012 , 0 , -2.11 ,
435 , 0.4248 , 0.001026 , 0 , -3.05 ,
436 , 0.4258 , 0.00104 , 0 , -0.348 ,
437 , 0.4268 , 0.001054 , 0 , -2.6 ,
438 , 0.4277 , 0.001068 , 0 , -0.607 ,
439 , 0.4287 , 0.001082 , 0 , 0.864 ,
440 , 0.4297 , 0.001095 , 0 , 0.875 ,
441 , 0.4307 , 0.001109 , 0 , -1.21 ,
442 , 0.4316 , 0.001123 , 0 , 2.5 ,
443 , 0.4326 , 0.001136 , 0 , 1.04 ,
444 , 0.4336 , 0.00115 , 0 , -0.455 ,
445 , 0.4346 , 0.001163 , 0 , 2.19 ,
446 , 0.4355 , 0.001177 , 0 , -1.57 ,
447 , 0.4365 , 0.00119 , 0 , -1.72 ,
448 , 0.4375 , 0.001204 , 0 , -0.733 ,
449 , 0.4385 , 0.001217 , 0 , -2.36 ,
450 , 0.4395 , 0.00123 , 0 , -1.56 ,
451 , 0.4404 , 0.001243 , 0 , 2.19 ,
452 , 0.4414 , 0.001256 , 0 , 1.7 ,
453 , 0.4424 , 0.001269 , 0 , -0.654 ,
454 , 0.4434 , 0.001282 , 0 , 2.69 ,
455 , 0.4443 , 0.001295 , 0 , -0.221 ,
456 , 0.4453 , 0.001308 , 0 , -2.11 ,
457 , 0.4463 , 0.001321 , 0 , -2.38 ,
458 , 0.4473 , 0.001333 , 0 , 0.721 ,
459 , 0.4482 , 0.001346 , 0 , -0.317 ,
460 , 0.4492 , 0.001358 , 0 , 2.83 ,
461 , 0.4502 , 0.001371 , 0 , -2.65 ,
462 , 0.4512 , 0.001383 , 0 , 2.56 ,
463 , 0.4521 , 0.001395 , 0 , 1.49 ,
464 , 0.4531 , 0.001407 , 0 , -0.607 ,
465 , 0.4541 , 0.001419 , 0 , -2.68 ,
466 , 0.4551 , 0.001431 , 0 , 0.018 ,
467 , 0.4561 , 0.001443 , 0 , -2.41 ,
468 , 0.457 , 0.001455 , 0 , 2.05 ,
469 , 0.458 , 0.001467 , 0 , -2.97 ,
470 , 0.459 , 0.001478 , 0 , -0.717 ,
471 , 0.46 , 0.00149 , 0 , 2.24 ,
472 , 0.4609 , 0.001501 , 0 , -0.575 ,
473 , 0.4619 , 0.001512 , 0 , -2.37 ,
474 , 0.4629 , 0.001523 , 0 , 0.0994 ,
475 , 0.4639 , 0.001534 , 0 , -0.443 ,
476 , 0.4648 , 0.001545 , 0 , -1.94 ,
477 , 0.4658 , 0.001556 , 0 , -0.0168 ,
478 , 0.4668 , 0.001567 , 0 , 1.08 ,
479 , 0.4678 , 0.001577 , 0 , 0.862 ,
480 , 0.4688 , 0.001588 , 0 , -0.424 ,
481 , 0.4697 , 0.001598 , 0 , -1.9 ,
482 , 0.4707 , 0.001609 , 0 , 0.415 ,
483 , 0.4717 , 0.001619 , 0 , -1.54 ,
484 , 0.4727 , 0.001629 , 0 , -1.55 ,
485 , 0.4736 , 0.001639 , 0 , -0.484 ,
486 , 0.4746 , 0.001649 , 0 , -1.81 ,
487 , 0.4756 , 0.001658 , 0 , 0.781 ,
488 , 0.4766 , 0.001668 , 0 , 0.125 ,
489 , 0.4775 , 0.001678 , 0 , 0.165 ,
490 , 0.4785 , 0.001687 , 0 , 0.178 ,
491 , 0.4795 , 0.001696 , 0 , 1.55 ,
492 , 0.4805 , 0.001705 , 0 , -0.879 ,
493 , 0.4814 , 0.001714 , 0 , -2.9 ,
494 , 0.4824 , 0.001723 , 0 , -2.81 ,
495 , 0.4834 , 0.001732 , 0 , -0.993 ,
496 , 0.4844 , 0.001741 , 0 , 0.78 ,
497 , 0.4854 , 0.001749 , 0 , 1.75 ,
498 , 0.4863 , 0.001758 , 0 , -2.6 ,
499 , 0.4873 , 0.001766 , 0 , -0.191 ,
500 , 0.4883 , 0.001775 , 0 , -2.76 ,
501 , 0.4893 , 0.001783 , 0 , 0.117 ,
502 , 0.4902 , 0.001791 , 0 , -1.25 ,
503 , 0.4912 , 0.001799 , 0 , 1.46 ,
504 , 0.4922 , 0.001806 , 0 , -1.21 ,
505 , 0.4932 , 0.001814 , 0 , 2.44 ,
506 , 0.4941 , 0.001822 , 0 , -0.857 ,
507 , 0.4951 , 0.001829 , 0 , -1.59 ,
508 , 0.4961 , 0.001836 , 0 , -2.79 ,
509 , 0.4971 , 0.001844 , 0 , 0.857 ,
510 , 0.498 , 0.001851 , 0 , 0.376 ,
511 , 0.499 , 0.001858 , 0 , 0.762 ,
512 , 0.5 , 0.001865 , 0 , 0.28 ,
513 , 0.501 , 0.001871 , 0 , 0.675 ,
514 , 0.502 , 0.001878 , 0 , 1.42 ,
515 , 0.5029 , 0.001884 , 0 , -1.8 ,
516 , 0.5039 , 0.001891 , 0 , -2.77 ,
517 , 0.5049 , 0.001897 , 0 , 0.0789 ,
518 , 0.5059 , 0.001903 , 0 , 0.452 ,
519 , 0.5068 , 0.001909 , 0 , -0.206 ,
520 , 0.5078 , 0.001915 , 0 , -2.71 ,
521 , 0.5088 , 0.001921 , 0 , 1.28 ,
522 , 0.5098 , 0.001927 , 0 , 1.59 ,
523 , 0.5107 , 0.001933 , 0 , -1.61 ,
524 , 0.5117 , 0.001938 , 0 , 1.23 ,
525 , 0.5127 , 0.001944 , 0 , -2.63 ,
526 , 0.5137 , 0.001949 , 0 , -0.188 ,
527 , 0.5146 , 0.001954 , 0 , -0.962 ,
528 , 0.5156 , 0.001959 , 0 , 1.51 ,
529 , 0.5166 , 0.001964 , 0 , 3.1 ,
530 , 0.5176 , 0.001969 , 0 , -2.39 ,
531 , 0.5186 , 0.001974 , 0 , -1.07 ,
532 , 0.5195 , 0.001979 , 0 , 0.985 ,
533 , 0.5205 , 0.001983 , 0 , 0.117 ,
534 , 0.5215 , 0.001988 , 0 , 0.44 ,
535 , 0.5225 , 0.001992 , 0 , 3.06 ,
536 , 0.5234 , 0.001997 , 0 , -2.47 ,
537 , 0.5244 , 0.002001 , 0 , -2.71 ,
538 , 0.5254 , 0.002005 , 0 , 1.99 ,
539 , 0.5264 , 0.002009 , 0 , -0.0715 ,
540 , 0.5273 , 0.002013 , 0 , -2.64 ,
541 , 0.5283 , 0.002017 , 0 , 2.39 ,
542 , 0.5293 , 0.00202 , 0 , -2.82 ,
543 , 0.5303 , 0.002024 , 0 , -1.6 ,
544 , 0.5313 , 0.002027 , 0 , -2.08 ,
545 , 0.5322 , 0.002031 , 0 , 1.66 ,
546 , 0.5332 , 0.002034 , 0 , 0.417 ,
547 , 0.5342 , 0.002037 , 0 , 2.33 ,
548 , 0.5352 , 0.002041 , 0 , -2.33 ,
549 , 0.5361 , 0.002044 , 0 , 1.32 ,
550 , 0.5371 , 0.002047 , 0 , -1.55 ,
551 , 0.5381 , 0.002049 , 0 , 0.418 ,
552 , 0.5391 , 0.002052 , 0 , 1.64 ,
553 , 0.54 , 0.002055 , 0 , -1.23 ,
554 , 0.541 , 0.002057 , 0 , 1.22 ,
555 , 0.542 , 0.00206 , 0 , -2.27 ,
556 , 0.543 , 0.002062 , 0 , -2.99 ,
557 , 0.5439 , 0.002065 , 0 , -0.472 ,
558 , 0.5449 , 0.002067 , 0 , 1.65 ,
559 , 0.5459 , 0.002069 , 0 , 0.414 ,
560 , 0.5469 , 0.002071 , 0 , -1.66 ,
561 , 0.5479 , 0.002073 , 0 , -1.43 ,
562 , 0.5488 , 0.002075 , 0 , -0.579 ,
563 , 0.5498 , 0.002077 , 0 , -0.427 ,
564 , 0.5508 , 0.002079 , 0 , 0.0877 ,
565 , 0.5518 , 0.002081 , 0 , 1.47 ,
566 , 0.5527 , 0.002082 , 0 , -2.41 ,
567 , 0.5537 , 0.002084 , 0 , -0.32 ,
568 , 0.5547 , 0.002085 , 0 , -0.313 ,
569 , 0.5557 , 0.002087 , 0 , -2.79 ,
570 , 0.5566 , 0.002088 , 0 , -0.53 ,
571 , 0.5576 , 0.002089 , 0 , -2.25 ,
572 , 0.5586 , 0.00209 , 0 , 2.45 ,
573 , 0.5596 , 0.002091 , 0 , 3.05 ,
574 , 0.5605 , 0.002092 , 0 , -2.49 ,
575 , 0.5615 , 0.002093 , 0 , -2.83 ,
576 , 0.5625 , 0.002094 , 0 , -0.464 ,
577 , 0.5635 , 0.002095 , 0 , -0.511 ,
578 , 0.5645 , 0.002096 , 0 , 2.48 ,
579 , 0.5654 , 0.002096 , 0 , -0.231 ,
580 , 0.5664 , 0.002097 , 0 , 1.09 ,
581 , 0.5674 , 0.002097 , 0 , 0.794 ,
582 , 0.5684 , 0.002098 , 0 , 0.849 ,
583 , 0.5693 , 0.002098 , 0 , -3.11 ,
584 , 0.5703 , 0.002099 , 0 , 0.135 ,
585 , 0.5713 , 0.002099 , 0 , -0.327 ,
586 , 0.5723 , 0.002099 , 0 , -1.09 ,
587 , 0.5732 , 0.002099 , 0 , 0.0944 ,
588 , 0.5742 , 0.002099 , 0 , 1.11 ,
589 , 0.5752 , 0.002099 , 0 , 2.09 ,
590 , 0.5762 , 0.002099 , 0 , 0.823 ,
591 , 0.5771 , 0.002099 , 0 , -1.2 ,
592 , 0.5781 , 0.002099 , 0 , 2.17 ,
593 , 0.5791 , 0.002099 , 0 , -0.376 ,
594 , 0.5801 , 0.002098 , 0 , -2.63 ,
595 , 0.5811 , 0.002098 , 0 , -0.761 ,
596 , 0.582 , 0.002098 , 0 , -0.976 ,
597 , 0.583 , 0.002097 , 0 , -0.594 ,
598 , 0.584 , 0.002097 , 0 , 2.89 ,
599 , 0.585 , 0.002096 , 0 , -2.85 ,
600 , 0.5859 , 0.002096 , 0 , -1.27 ,
601 , 0.5869 , 0.002095 , 0 , 1.8 ,
602 , 0.5879 , 0.002094 , 0 , 3.08 ,
603 , 0.5889 , 0.002093 , 0 , -2.52 ,
604 , 0.5898 , 0.002093 , 0 , 0.0976 ,
605 , 0.5908 , 0.002092 , 0 , -2.55 ,
606 , 0.5918 , 0.002091 , 0 , 2.72 ,
607 , 0.5928 , 0.00209 , 0 , -1.21 ,
608 , 0.5938 , 0.002089 , 0 , 1.98 ,
609 , 0.5947 , 0.002088 , 0 , -0.673 ,
610 , 0.5957 , 0.002087 , 0 , -2.65 ,
611 , 0.5967 , 0.002086 , 0 , 1.16 ,
612 , 0.5977 , 0.002084 , 0 , -1.33 ,
613 , 0.5986 , 0.002083 , 0 , -2.44 ,
614 , 0.5996 , 0.002082 , 0 , 0.339 ,
615 , 0.6006 , 0.002081 , 0 , 2.64 ,
616 , 0.6016 , 0.002079 , 0 , -2.02 ,
617 , 0.6025 , 0.002078 , 0 , -0.511 ,
618 , 0.6035 , 0.002076 , 0 , 0.00253 ,
619 , 0.6045 , 0.002075 , 0 , -0.146 ,
620 , 0.6055 , 0.002073 , 0 , 2.37 ,
621 , 0.6064 , 0.002072 , 0 , -0.165 ,
622 , 0.6074 , 0.00207 , 0 , -2.48 ,
623 , 0.6084 , 0.002068 , 0 , -1.08 ,
624 , 0.6094 , 0.002067 , 0 , -2.67 ,
625 , 0.6104 , 0.002065 , 0 , -2.34 ,
626 , 0.6113 , 0.002063 , 0 , 1.79 ,
627 , 0.6123 , 0.002061 , 0 , -2.6 ,
628 , 0.6133 , 0.00206 , 0 , -1.57 ,
629 , 0.6143 , 0.002058 , 0 , -0.89 ,
630 , 0.6152 , 0.002056 , 0 , -1.54 ,
631 , 0.6162 , 0.002054 , 0 , -1.9 ,
632 , 0.6172 , 0.002052 , 0 , -0.852 ,
633 , 0.6182 , 0.00205 , 0 , 2.03 ,
634 , 0.6191 , 0.002048 , 0 , -2.07 ,
635 , 0.6201 , 0.002046 , 0 , 2.83 ,
636 , 0.6211 , 0.002043 , 0 , 2.4 ,
637 , 0.6221 , 0.002041 , 0 , 2.58 ,
638 , 0.623 , 0.002039 , 0 , 2.52 ,
639 , 0.624 , 0.002037 , 0 , 1.99 ,
640 , 0.625 , 0.002035 , 0 , -2.38 ,
641 , 0.626 , 0.002032 , 0 , 2.7 ,
642 , 0.627 , 0.00203 , 0 , -0.165 ,
643 , 0.6279 , 0.002028 , 0 , -2.02 ,
644 , 0.6289 , 0.002025 , 0 , 1.25 ,
645 , 0.6299 , 0.002023 , 0 , 2.68 ,
646 , 0.6309 , 0.002021 , 0 , 2.16 ,
647 , 0.6318 , 0.002018 , 0 , -1.27 ,
648 , 0.6328 , 0.002016 , 0 , -0.754 ,
649 , 0.6338 , 0.002013 , 0 , -0.604 ,
650 , 0.6348 , 0.002011 , 0 , -2.12 ,
651 , 0.6357 , 0.002008 , 0 , 1.7 ,
652 , 0.6367 , 0.002006 , 0 , 1.59 ,
653 , 0.6377 , 0.002003 , 0 , -0.912 ,
654 , 0.6387 , 0.002 , 0 , -2.97 ,
655 , 0.6396 , 0.001998 , 0 , -1.24 ,
656 , 0.6406 , 0.001995 , 0 , -2.69 ,
657 , 0.6416 , 0.001992 , 0 , -1.68 ,
658 , 0.6426 , 0.00199 , 0 , -3.02 ,
659 , 0.6436 , 0.001987 , 0 , -1.44 ,
660 , 0.6445 , 0.001984 , 0 , -2.71 ,
661 , 0.6455 , 0.001982 , 0 , 2.93 ,
662 , 0.6465 , 0.001979 , 0 , 2.15 ,
663 , 0.6475 , 0.001976 , 0 , 0.429 ,
664 , 0.6484 , 0.001973 , 0 , 2.37 ,
665 , 0.6494 , 0.00197 , 0 , 0.5 ,
666 , 0.6504 , 0.001967 , 0 , -0.108 ,
667 , 0.6514 , 0.001965 , 0 , 1.14 ,
668 , 0.6523 , 0.001962 , 0 , -1.18 ,
669 , 0.6533 , 0.001959 , 0 , -0.786 ,
670 , 0.6543 , 0.001956 , 0 , -1.96 ,
671 , 0.6553 , 0.001953 , 0 , -2.7 ,
672 , 0.6563 , 0.00195 , 0 , 1.01 ,
673 , 0.6572 , 0.001947 , 0 , 2.93 ,
674 , 0.6582 , 0.001944 , 0 , 2.17 ,
675 , 0.6592 , 0.001941 , 0 , 1.41 ,
676 , 0.6602 , 0.001938 , 0 , -2.56 ,
677 , 0.6611 , 0.001935 , 0 , 1.96 ,
678 , 0.6621 , 0.001932 , 0 , -0.526 ,
679 , 0.6631 , 0.001929 , 0 , -0.568 ,
680 , 0.6641 , 0.001925 , 0 , 1.62 ,
681 , 0.665 , 0.001922 , 0 , 0.697 ,
682 , 0.666 , 0.001919 , 0 , 1.21 ,
683 , 0.667 , 0.001916 , 0 , 3.14 ,
684 , 0.668 , 0.001913 , 0 , -1.71 ,
685 , 0.6689 , 0.00191 , 0 , 1.31 ,
686 , 0.6699 , 0.001907 , 0 , 1.56 ,
687 , 0.6709 , 0.001903 , 0 , -0.932 ,
688 , 0.6719 , 0.0019 , 0 , 2.61 ,
689 , 0.6729 , 0.001897 , 0 , -2.41 ,
690 , 0.6738 , 0.001894 , 0 , 1.47 ,
691 , 0.6748 , 0.001891 , 0 , 0.641 ,
692 , 0.6758 , 0.001887 , 0 , -3.04 ,
693 , 0.6768 , 0.001884 , 0 , 3 ,
694 , 0.6777 , 0.001881 , 0 , 0.959 ,
695 , 0.6787 , 0.001878 , 0 , -2.38 ,
696 , 0.6797 , 0.001874 , 0 , -2.87 ,
697 , 0.6807 , 0.001871 , 0 , -2.17 ,
698 , 0.6816 , 0.001868 , 0 , 0.908 ,
699 , 0.6826 , 0.001864 , 0 , -1.56 ,
700 , 0.6836 , 0.001861 , 0 , 1.4 ,
701 , 0.6846 , 0.001858 , 0 , -3.02 ,
702 , 0.6855 , 0.001854 , 0 , -1.35 ,
703 , 0.6865 , 0.001851 , 0 , 0.14 ,
704 , 0.6875 , 0.001848 , 0 , 2.04 ,
705 , 0.6885 , 0.001844 , 0 , -0.798 ,
706 , 0.6895 , 0.001841 , 0 , -0.976 ,
707 , 0.6904 , 0.001838 , 0 , -2.9 ,
708 , 0.6914 , 0.001834 , 0 , -0.838 ,
709 , 0.6924 , 0.001831 , 0 , -0.315 ,
710 , 0.6934 , 0.001828 , 0 , -1.09 ,
711 , 0.6943 , 0.001824 , 0 , -0.917 ,
712 , 0.6953 , 0.001821 , 0 , 0.62 ,
713 , 0.6963 , 0.001817 , 0 , -2.19 ,
714 , 0.6973 , 0.001814 , 0 , -1.86 ,
715 , 0.6982 , 0.00181 , 0 , -2.45 ,
716 , 0.6992 , 0.001807 , 0 , -1.26 ,
717 , 0.7002 , 0.001804 , 0 , 0.217 ,
718 , 0.7012 , 0.0018 , 0 , -1.44 ,
719 , 0.7021 , 0.001797 , 0 , -1.69 ,
720 , 0.7031 , 0.001793 , 0 , 1.63 ,
721 , 0.7041 , 0.00179 , 0 , 1.62 ,
722 , 0.7051 , 0.001786 , 0 , -2.31 ,
723 , 0.7061 , 0.001783 , 0 , 2.17 ,
724 , 0.707 , 0.00178 , 0 , -1.28 ,
725 , 0.708 , 0.001776 , 0 , 2.8 ,
726 , 0.709 , 0.001773 , 0 , -1.37 ,
727 , 0.71 , 0.001769 , 0 , -0.0599 ,
728 , 0.7109 , 0.001766 , 0 , 1.89 ,
729 , 0.7119 , 0.001762 , 0 , 0.899 ,
730 , 0.7129 , 0.001759 , 0 , -0.62 ,
731 , 0.7139 , 0.001755 , 0 , -2.88 ,
732 , 0.7148 , 0.001752 , 0 , -0.159 ,
733 , 0.7158 , 0.001748 , 0 , -2.28 ,
734 , 0.7168 , 0.001745 , 0 , -0.0382 ,
735 , 0.7178 , 0.001741 , 0 , -2.85 ,
736 , 0.7188 , 0.001738 , 0 , -2.98 ,
737 , 0.7197 , 0.001734 , 0 , 0.851 ,
738 , 0.7207 , 0.001731 , 0 , 2.23 ,
739 , 0.7217 , 0.001727 , 0 , 0.165 ,
740 , 0.7227 , 0.001724 , 0 , 1.01 ,
741 , 0.7236 , 0.00172 , 0 , -1.6 ,
742 , 0.7246 , 0.001717 , 0 , 0.191 ,
743 , 0.7256 , 0.001713 , 0 , 2.3 ,
744 , 0.7266 , 0.00171 , 0 , -0.865 ,
745 , 0.7275 , 0.001706 , 0 , -1.93 ,
746 , 0.7285 , 0.001703 , 0 , -1.94 ,
747 , 0.7295 , 0.001699 , 0 , 1.19 ,
748 , 0.7305 , 0.001696 , 0 , 2.78 ,
749 , 0.7314 , 0.001692 , 0 , -2.63 ,
750 , 0.7324 , 0.001689 , 0 , -0.0644 ,
751 , 0.7334 , 0.001685 , 0 , 1.28 ,
752 , 0.7344 , 0.001682 , 0 , 1.56 ,
753 , 0.7354 , 0.001678 , 0 , 1.65 ,
754 , 0.7363 , 0.001675 , 0 , -1.57 ,
755 , 0.7373 , 0.001672 , 0 , 2.87 ,
756 , 0.7383 , 0.001668 , 0 , 0.358 ,
757 , 0.7393 , 0.001665 , 0 , -3.09 ,
758 , 0.7402 , 0.001661 , 0 , 1.33 ,
759 , 0.7412 , 0.001658 , 0 , -1.27 ,
760 , 0.7422 , 0.001654 , 0 , 1.87 ,
761 , 0.7432 , 0.001651 , 0 , 0.173 ,
762 , 0.7441 , 0.001647 , 0 , -2.55 ,
763 , 0.7451 , 0.001644 , 0 , -0.981 ,
764 , 0.7461 , 0.00164 , 0 , 2.39 ,
765 , 0.7471 , 0.001637 , 0 , -1.57 ,
766 , 0.748 , 0.001633 , 0 , -3.07 ,
767 , 0.749 , 0.00163 , 0 , -2.88 ,
768 , 0.75 , 0.001626 , 0 , -0.255 ,
769 , 0.751 , 0.001623 , 0 , -1.23 ,
770 , 0.752 , 0.001619 , 0 , 0.203 ,
771 , 0.7529 , 0.001616 , 0 , -1.83 ,
772 , 0.7539 , 0.001612 , 0 , 2.92 ,
773 , 0.7549 , 0.001609 , 0 , -0.33 ,
774 , 0.7559 , 0.001606 , 0 , 1.39 ,
775 , 0.7568 , 0.001602 , 0 , 1.68 ,
776 , 0.7578 , 0.001599 , 0 , 0.512 ,
777 , 0.7588 , 0.001595 , 0 , 2.69 ,
778 , 0.7598 , 0.001592 , 0 , 0.685 ,
779 , 0.7607 , 0.001588 , 0 , -2.3 ,
780 , 0.7617 , 0.001585 , 0 , -1.24 ,
781 , 0.7627 , 0.001581 , 0 , -1.91 ,
782 , 0.7637 , 0.001578 , 0 , -1.47 ,
783 , 0.7646 , 0.001575 , 0 , 2.15 ,
784 , 0.7656 , 0.001571 , 0 , -0.969 ,
785 , 0.7666 , 0.001568 , 0 , 2.69 ,
786 , 0.7676 , 0.001564 , 0 , -1.11 ,
787 , 0.7686 , 0.001561 , 0 , -2.35 ,
788 , 0.7695 , 0.001558 , 0 , 0.901 ,
789 , 0.7705 , 0.001554 , 0 , 0.493 ,
790 , 0.7715 , 0.001551 , 0 , 0.115 ,
791 , 0.7725 , 0.001547 , 0 , 0.419 ,
792 , 0.7734 , 0.001544 , 0 , 2.88 ,
793 , 0.7744 , 0.001541 , 0 , 0.712 ,
794 , 0.7754 , 0.001537 , 0 , 0.175 ,
795 , 0.7764 , 0.001534 , 0 , -1.54 ,
796 , 0.7773 , 0.00153 , 0 , 2.48 ,
797 , 0.7783 , 0.001527 , 0 , -1.59 ,
798 , 0.7793 , 0.001524 , 0 , 2.84 ,
799 , 0.7803 , 0.00152 , 0 , 2.83 ,
800 , 0.7813 , 0.001517 , 0 , 3 ,
801 , 0.7822 , 0.001514 , 0 , 2.98 ,
802 , 0.7832 , 0.00151 , 0 , -1.24 ,
803 , 0.7842 , 0.001507 , 0 , 2.53 ,
804 , 0.7852 , 0.001504 , 0 , -0.599 ,
805 , 0.7861 , 0.0015 , 0 , 0.233 ,
806 , 0.7871 , 0.001497 , 0 , -1.42 ,
807 , 0.7881 , 0.001494 , 0 , 0.789 ,
808 , 0.7891 , 0.00149 , 0 , -2.4 ,
809 , 0.79 , 0.001487 , 0 , 0.0651 ,
810 , 0.791 , 0.001484 , 0 , -2.9 ,
811 , 0.792 , 0.00148 , 0 , 0.019 ,
812 , 0.793 , 0.001477 , 0 , -0.307 ,
813 , 0.7939 , 0.001474 , 0 , -0.594 ,
814 , 0.7949 , 0.001471 , 0 , -1.28 ,
815 , 0.7959 , 0.001467 , 0 , -0.532 ,
816 , 0.7969 , 0.001464 , 0 , 0.915 ,
817 , 0.7979 , 0.001461 , 0 , 0.991 ,
818 , 0.7988 , 0.001458 , 0 , 1.18 ,
819 , 0.7998 , 0.001454 , 0 , -2.37 ,
820 , 0.8008 , 0.001451 , 0 , -0.592 ,
821 , 0.8018 , 0.001448 , 0 , -0.0631 ,
822 , 0.8027 , 0.001445 , 0 , -1.82 ,
823 , 0.8037 , 0.001441 , 0 , -1.69 ,
824 , 0.8047 , 0.001438 , 0 , -0.57 ,
825 , 0.8057 , 0.001435 , 0 , 2.52 ,
826 , 0.8066 , 0.001432 , 0 , 1.57 ,
827 , 0.8076 , 0.001428 , 0 , 1.09 ,
828 , 0.8086 , 0.001425 , 0 , 0.751 ,
829 , 0.8096 , 0.001422 , 0 , -1.18 ,
830 , 0.8105 , 0.001419 , 0 , 0.922 ,
831 , 0.8115 , 0.001416 , 0 , 1.66 ,
832 , 0.8125 , 0.001412 , 0 , -1.14 ,
833 , 0.8135 , 0.001409 , 0 , 1.95 ,
834 , 0.8145 , 0.001406 , 0 , -0.11 ,
835 , 0.8154 , 0.001403 , 0 , 1.68 ,
836 , 0.8164 , 0.0014 , 0 , -2.93 ,
837 , 0.8174 , 0.001397 , 0 , 1.98 ,
838 , 0.8184 , 0.001393 , 0 , -0.561 ,
839 , 0.8193 , 0.00139 , 0 , 2.3 ,
840 , 0.8203 , 0.001387 , 0 , 2.72 ,
841 , 0.8213 , 0.001384 , 0 , -3.06 ,
842 , 0.8223 , 0.001381 , 0 , -0.384 ,
843 , 0.8232 , 0.001378 , 0 , 0.194 ,
844 , 0.8242 , 0.001375 , 0 , -1.78 ,
845 , 0.8252 , 0.001372 , 0 , -0.685 ,
846 , 0.8262 , 0.001369 , 0 , 0.171 ,
847 , 0.8271 , 0.001365 , 0 , -3 ,
848 , 0.8281 , 0.001362 , 0 , 2.05 ,
849 , 0.8291 , 0.001359 , 0 , -0.883 ,
850 , 0.8301 , 0.001356 , 0 , -2.77 ,
851 , 0.8311 , 0.001353 , 0 , -1.95 ,
852 , 0.832 , 0.00135 , 0 , 2.85 ,
853 , 0.833 , 0.001347 , 0 , -2.34 ,
854 , 0.834 , 0.001344 , 0 , 1.82 ,
855 , 0.835 , 0.001341 , 0 , 0.0587 ,
856 , 0.8359 , 0.001338 , 0 , -2.66 ,
857 , 0.8369 , 0.001335 , 0 , 1.96 ,
858 , 0.8379 , 0.001332 , 0 , -3.03 ,
859 , 0.8389 , 0.001329 , 0 , -0.525 ,
860 , 0.8398 , 0.001326 , 0 , 2.68 ,
861 , 0.8408 , 0.001323 , 0 , 1.55 ,
862 , 0.8418 , 0.00132 , 0 , 2.33 ,
863 , 0.8428 , 0.001317 , 0 , -0.428 ,
864 , 0.8438 , 0.001314 , 0 , -0.397 ,
865 , 0.8447 , 0.001311 , 0 , -0.978 ,
866 , 0.8457 , 0.001308 , 0 , -0.501 ,
867 , 0.8467 , 0.001305 , 0 , 1.43 ,
868 , 0.8477 , 0.001302 , 0 , 0.55 ,
869 , 0.8486 , 0.001299 , 0 , 1.43 ,
870 , 0.8496 , 0.001296 , 0 , 1.98 ,
871 , 0.8506 , 0.001293 , 0 , 1.1 ,
872 , 0.8516 , 0.00129 , 0 , -2.47 ,
873 , 0.8525 , 0.001287 , 0 , 2.6 ,
874 , 0.8535 , 0.001284 , 0 , -1.15 ,
875 , 0.8545 , 0.001281 , 0 , 1.16 ,
876 , 0.8555 , 0.001279 , 0 , -1.87 ,
877 , 0.8564 , 0.001276 , 0 , 1.51 ,
878 , 0.8574 , 0.001273 , 0 , -2.68 ,
879 , 0.8584 , 0.00127 , 0 , 2.19 ,
880 , 0.8594 , 0.001267 , 0 , 0.358 ,
881 , 0.8604 , 0.001264 , 0 , 1.44 ,
882 , 0.8613 , 0.001261 , 0 , -2.11 ,
883 , 0.8623 , 0.001258 , 0 , 3.12 ,
884 , 0.8633 , 0.001255 , 0 , -3.02 ,
885 , 0.8643 , 0.001253 , 0 , 1.1 ,
886 , 0.8652 , 0.00125 , 0 , -2.7 ,
887 , 0.8662 , 0.001247 , 0 , -0.0204 ,
888 , 0.8672 , 0.001244 , 0 , -1.15 ,
889 , 0.8682 , 0.001241 , 0 , -2.55 ,
890 , 0.8691 , 0.001238 , 0 , -0.151 ,
891 , 0.8701 , 0.001236 , 0 , -0.619 ,
892 , 0.8711 , 0.001233 , 0 , -2.54 ,
893 , 0.8721 , 0.00123 , 0 , 0.204 ,
894 , 0.873 , 0.001227 , 0 , 0.588 ,
895 , 0.874 , 0.001225 , 0 , 0.411 ,
896 , 0.875 , 0.001222 , 0 , 2.84 ,
897 , 0.876 , 0.001219 , 0 , 2.36 ,
898 , 0.877 , 0.001216 , 0 , -0.155 ,
899 , 0.8779 , 0.001213 , 0 , 1.06 ,
900 , 0.8789 , 0.001211 , 0 , -0.171 ,
901 , 0.8799 , 0.001208 , 0 , -1.46 ,
902 , 0.8809 , 0.001205 , 0 , -1.1 ,
903 , 0.8818 , 0.001202 , 0 , -2.31 ,
904 , 0.8828 , 0.0012 , 0 , -2.08 ,
905 , 0.8838 , 0.001197 , 0 , 3 ,
906 , 0.8848 , 0.001194 , 0 , 0.0825 ,
907 , 0.8857 , 0.001192 , 0 , 2.22 ,
908 , 0.8867 , 0.001189 , 0 , 3.09 ,
909 , 0.8877 , 0.001186 , 0 , -1.7 ,
910 , 0.8887 , 0.001184 , 0 , 2.94 ,
911 , 0.8896 , 0.001181 , 0 , 2.87 ,
912 , 0.8906 , 0.001178 , 0 , 0.865 ,
913 , 0.8916 , 0.001176 , 0 , 0.0684 ,
914 , 0.8926 , 0.001173 , 0 , -1.52 ,
915 , 0.8936 , 0.00117 , 0 , 2.01 ,
916 , 0.8945 , 0.001168 , 0 , -0.0981 ,
917 , 0.8955 , 0.001165 , 0 , 1.38 ,
918 , 0.8965 , 0.001162 , 0 , 2.13 ,
919 , 0.8975 , 0.00116 , 0 , -2.99 ,
920 , 0.8984 , 0.001157 , 0 , -1.54 ,
921 , 0.8994 , 0.001154 , 0 , 2.91 ,
922 , 0.9004 , 0.001152 , 0 , 0.784 ,
923 , 0.9014 , 0.001149 , 0 , 1.96 ,
924 , 0.9023 , 0.001147 , 0 , -3.11 ,
925 , 0.9033 , 0.001144 , 0 , -2.05 ,
926 , 0.9043 , 0.001141 , 0 , -1.44 ,
927 , 0.9053 , 0.001139 , 0 , 0.819 ,
928 , 0.9063 , 0.001136 , 0 , 0.144 ,
929 , 0.9072 , 0.001134 , 0 , -3.02 ,
930 , 0.9082 , 0.001131 , 0 , -1.19 ,
931 , 0.9092 , 0.001129 , 0 , 0.0792 ,
932 , 0.9102 , 0.001126 , 0 , -2.06 ,
933 , 0.9111 , 0.001124 , 0 , -1.97 ,
934 , 0.9121 , 0.001121 , 0 , 2.82 ,
935 , 0.9131 , 0.001119 , 0 , -0.535 ,
936 , 0.9141 , 0.001116 , 0 , -2.23 ,
937 , 0.915 , 0.001114 , 0 , 0.0329 ,
938 , 0.916 , 0.001111 , 0 , 3.04 ,
939 , 0.917 , 0.001108 , 0 , -0.884 ,
940 , 0.918 , 0.001106 , 0 , -1.07 ,
941 , 0.9189 , 0.001104 , 0 , -2.2 ,
942 , 0.9199 , 0.001101 , 0 , -2.05 ,
943 , 0.9209 , 0.001099 , 0 , -2.65 ,
944 , 0.9219 , 0.001096 , 0 , 1.72 ,
945 , 0.9229 , 0.001094 , 0 , -2.76 ,
946 , 0.9238 , 0.001091 , 0 , -2.06 ,
947 , 0.9248 , 0.001089 , 0 , 2.21 ,
948 , 0.9258 , 0.001086 , 0 , -0.906 ,
949 , 0.9268 , 0.001084 , 0 , 1.23 ,
950 , 0.9277 , 0.001081 , 0 , -1.59 ,
951 , 0.9287 , 0.001079 , 0 , 1.82 ,
952 , 0.9297 , 0.001077 , 0 , -1.42 ,
953 , 0.9307 , 0.001074 , 0 , 2.69 ,
954 , 0.9316 , 0.001072 , 0 , -1.21 ,
955 , 0.9326 , 0.001069 , 0 , 2.22 ,
956 , 0.9336 , 0.001067 , 0 , 1.34 ,
957 , 0.9346 , 0.001065 , 0 , -1.46 ,
958 , 0.9355 , 0.001062 , 0 , 1.94 ,
959 , 0.9365 , 0.00106 , 0 , -1.68 ,
960 , 0.9375 , 0.001057 , 0 , -1.61 ,
961 , 0.9385 , 0.001055 , 0 , 1.39 ,
962 , 0.9395 , 0.001053 , 0 , 1.35 ,
963 , 0.9404 , 0.00105 , 0 , 1.25 ,
964 , 0.9414 , 0.001048 , 0 , 0.895 ,
965 , 0.9424 , 0.001046 , 0 , 2.37 ,
966 , 0.9434 , 0.001043 , 0 , 0.167 ,
967 , 0.9443 , 0.001041 , 0 , 0.697 ,
968 , 0.9453 , 0.001039 , 0 , -2.04 ,
969 , 0.9463 , 0.001036 , 0 , -1.26 ,
970 , 0.9473 , 0.001034 , 0 , 0.506 ,
971 , 0.9482 , 0.001032 , 0 , 1.46 ,
972 , 0.9492 , 0.00103 , 0 , 1.3 ,
973 , 0.9502 , 0.001027 , 0 , -0.519 ,
974 , 0.9512 , 0.001025 , 0 , -1.81 ,
975 , 0.9521 , 0.001023 , 0 , -2.8 ,
976 , 0.9531 , 0.00102 , 0 , 1.91 ,
977 , 0.9541 , 0.001018 , 0 , -1.04 ,
978 , 0.9551 , 0.001016 , 0 , 2.74 ,
979 , 0.9561 , 0.001014 , 0 , -0.481 ,
980 , 0.957 , 0.001011 , 0 , -1.85 ,
981 , 0.958 , 0.001009 , 0 , 3 ,
982 , 0.959 , 0.001007 , 0 , 0.793 ,
983 , 0.96 , 0.001005 , 0 , -0.151 ,
984 , 0.9609 , 0.001002 , 0 , 1 ,
985 , 0.9619 , 0.001 , 0 , 1.27 ,
986 , 0.9629 , 0.000998 , 0 , 2.71 ,
987 , 0.9639 , 0.0009958 , 0 , 2.54 ,
988 , 0.9648 , 0.0009936 , 0 , 0.922 ,
989 , 0.9658 , 0.0009914 , 0 , -1.7 ,
990 , 0.9668 , 0.0009893 , 0 , 1.19 ,
991 , 0.9678 , 0.0009871 , 0 , -2.24 ,
992 , 0.9688 , 0.0009849 , 0 , -1.54 ,
993 , 0.9697 , 0.0009827 , 0 , 1.32 ,
994 , 0.9707 , 0.0009806 , 0 , -2.51 ,
995 , 0.9717 , 0.0009784 , 0 , -1.58 ,
996 , 0.9727 , 0.0009762 , 0 , -2.27 ,
997 , 0.9736 , 0.0009741 , 0 , -2.53 ,
998 , 0.9746 , 0.000972 , 0 , 1.86 ,
999 , 0.9756 , 0.0009698 , 0 , -1.69 ,
1000 , 0.9766 , 0.0009677 , 0 , -0.344 ,
1001 , 0.9775 , 0.0009656 , 0 , 2.67 ,
1002 , 0.9785 , 0.0009634 , 0 , -1.37 ,
1003 , 0.9795 , 0.0009613 , 0 , 0.353 ,
1004 , 0.9805 , 0.0009592 , 0 , -1.04 ,
1005 , 0.9814 , 0.0009571 , 0 , 1.21 ,
1006 , 0.9824 , 0.000955 , 0 , 2.48 ,
1007 , 0.9834 , 0.0009529 , 0 , 1.89 ,
1008 , 0.9844 , 0.0009508 , 0 , 0.503 ,
1009 , 0.9854 , 0.0009488 , 0 , -0.599 ,
1010 , 0.9863 , 0.0009467 , 0 , 2.33 ,
1011 , 0.9873 , 0.0009446 , 0 , -2.95 ,
1012 , 0.9883 , 0.0009426 , 0 , 3.1 ,
1013 , 0.9893 , 0.0009405 , 0 , 0.83 ,
1014 , 0.9902 , 0.0009384 , 0 , 1.3 ,
1015 , 0.9912 , 0.0009364 , 0 , 0.479 ,
1016 , 0.9922 , 0.0009343 , 0 , -3.09 ,
1017 , 0.9932 , 0.0009323 , 0 , 1.64 ,
1018 , 0.9941 , 0.0009303 , 0 , 2.24 ,
1019 , 0.9951 , 0.0009283 , 0 , 0.679 ,
1020 , 0.9961 , 0.0009262 , 0 , -1.33 ,
1021 , 0.9971 , 0.0009242 , 0 , 0.67 ,
1022 , 0.998 , 0.0009222 , 0 , -0.0898 ,
1023 , 0.999 , 0.0009202 , 0 , 1.11 ,
1024 , 1 , 0.0009182 , 0 , -2.69 ,
1025 , 1.001 , 0.0009162 , 0 , 0.282 ,
1026 , 1.002 , 0.0009142 , 0 , -1.34 ,
1027 , 1.003 , 0.0009122 , 0 , 1.19 ,
1028 , 1.004 , 0.0009103 , 0 , -2.97 ,
1029 , 1.005 , 0.0009083 , 0 , -1.63 ,
1030 , 1.006 , 0.0009063 , 0 , 0.942 ,
1031 , 1.007 , 0.0009044 , 0 , -2.82 ,
1032 , 1.008 , 0.0009024 , 0 , 1.36 ,
1033 , 1.009 , 0.0009004 , 0 , -1.51 ,
1034 , 1.01 , 0.0008985 , 0 , -1.74 ,
1035 , 1.011 , 0.0008966 , 0 , 1.11 ,
1036 , 1.012 , 0.0008946 , 0 , -0.867 ,
1037 , 1.013 , 0.0008927 , 0 , 0.124 ,
1038 , 1.014 , 0.0008908 , 0 , -0.878 ,
1039 , 1.015 , 0.0008888 , 0 , -2.77 ,
1040 , 1.016 , 0.0008869 , 0 , 2.53 ,
1041 , 1.017 , 0.000885 , 0 , -1.52 ,
1042 , 1.018 , 0.0008831 , 0 , -1.78 ,
1043 , 1.019 , 0.0008812 , 0 , -0.0796 ,
1044 , 1.02 , 0.0008793 , 0 , 1.75 ,
1045 , 1.021 , 0.0008774 , 0 , 0.0238 ,
1046 , 1.021 , 0.0008755 , 0 , -0.415 ,
1047 , 1.022 , 0.0008737 , 0 , -0.893 ,
1048 , 1.023 , 0.0008718 , 0 , -1.7 ,
1049 , 1.024 , 0.0008699 , 0 , -3.04 ,
1050 , 1.025 , 0.0008681 , 0 , -1.84 ,
1051 , 1.026 , 0.0008662 , 0 , -1.38 ,
1052 , 1.027 , 0.0008643 , 0 , 2.36 ,
1053 , 1.028 , 0.0008625 , 0 , -1.44 ,
1054 , 1.029 , 0.0008606 , 0 , -1.57 ,
1055 , 1.03 , 0.0008588 , 0 , -2.43 ,
1056 , 1.031 , 0.000857 , 0 , 2.52 ,
1057 , 1.032 , 0.0008551 , 0 , -1.9 ,
1058 , 1.033 , 0.0008533 , 0 , 0.0196 ,
1059 , 1.034 , 0.0008515 , 0 , -1.41 ,
1060 , 1.035 , 0.0008497 , 0 , -0.651 ,
1061 , 1.036 , 0.0008479 , 0 , 1.5 ,
1062 , 1.037 , 0.0008461 , 0 , 0.759 ,
1063 , 1.038 , 0.0008443 , 0 , 1.38 ,
1064 , 1.039 , 0.0008425 , 0 , 1.9 ,
1065 , 1.04 , 0.0008407 , 0 , -0.735 ,
1066 , 1.041 , 0.0008389 , 0 , -2.87 ,
1067 , 1.042 , 0.0008371 , 0 , 1.8 ,
1068 , 1.043 , 0.0008353 , 0 , 0.869 ,
1069 , 1.044 , 0.0008336 , 0 , 1.82 ,
1070 , 1.045 , 0.0008318 , 0 , -2.43 ,
1071 , 1.046 , 0.00083 , 0 , 2.04 ,
1072 , 1.047 , 0.0008283 , 0 , 2.87 ,
1073 , 1.048 , 0.0008265 , 0 , 2.79 ,
1074 , 1.049 , 0.0008248 , 0 , -1.08 ,
1075 , 1.05 , 0.000823 , 0 , 2.68 ,
1076 , 1.051 , 0.0008213 , 0 , 2.17 ,
1077 , 1.052 , 0.0008195 , 0 , -2.04 ,
1078 , 1.053 , 0.0008178 , 0 , 1.39 ,
1079 , 1.054 , 0.0008161 , 0 , 2.94 ,
1080 , 1.055 , 0.0008144 , 0 , 1.98 ,
1081 , 1.056 , 0.0008126 , 0 , -2.34 ,
1082 , 1.057 , 0.0008109 , 0 , -0.771 ,
1083 , 1.058 , 0.0008092 , 0 , 2.81 ,
1084 , 1.059 , 0.0008075 , 0 , -1.35 ,
1085 , 1.06 , 0.0008058 , 0 , 2.87 ,
1086 , 1.061 , 0.0008041 , 0 , -2.16 ,
1087 , 1.062 , 0.0008024 , 0 , 0.828 ,
1088 , 1.063 , 0.0008008 , 0 , 2.72 ,
1089 , 1.063 , 0.0007991 , 0 , -0.57 ,
1090 , 1.064 , 0.0007974 , 0 , -2.48 ,
1091 , 1.065 , 0.0007957 , 0 , -1.47 ,
1092 , 1.066 , 0.0007941 , 0 , -3.11 ,
1093 , 1.067 , 0.0007924 , 0 , 3.13 ,
1094 , 1.068 , 0.0007907 , 0 , -0.987 ,
1095 , 1.069 , 0.0007891 , 0 , 0.426 ,
1096 , 1.07 , 0.0007874 , 0 , -2.68 ,
1097 , 1.071 , 0.0007858 , 0 , -0.36 ,
1098 , 1.072 , 0.0007842 , 0 , -3.03 ,
1099 , 1.073 , 0.0007825 , 0 , 1.22 ,
1100 , 1.074 , 0.0007809 , 0 , -0.955 ,
1101 , 1.075 , 0.0007793 , 0 , 1.58 ,
1102 , 1.076 , 0.0007776 , 0 , -1.88 ,
1103 , 1.077 , 0.000776 , 0 , -2.89 ,
1104 , 1.078 , 0.0007744 , 0 , -0.321 ,
1105 , 1.079 , 0.0007728 , 0 , -2.36 ,
1106 , 1.08 , 0.0007712 , 0 , -1.02 ,
1107 , 1.081 , 0.0007696 , 0 , 0.0498 ,
1108 , 1.082 , 0.000768 , 0 , -0.067 ,
1109 , 1.083 , 0.0007664 , 0 , 0.488 ,
1110 , 1.084 , 0.0007648 , 0 , 2.02 ,
1111 , 1.085 , 0.0007632 , 0 , -0.338 ,
1112 , 1.086 , 0.0007617 , 0 , 0.0562 ,
1113 , 1.087 , 0.0007601 , 0 , -1.11 ,
1114 , 1.088 , 0.0007585 , 0 , -0.872 ,
1115 , 1.089 , 0.0007569 , 0 , 2.76 ,
1116 , 1.09 , 0.0007554 , 0 , 1.61 ,
1117 , 1.091 , 0.0007538 , 0 , -1.24 ,
1118 , 1.092 , 0.0007523 , 0 , 3 ,
1119 , 1.093 , 0.0007507 , 0 , 0.844 ,
1120 , 1.094 , 0.0007492 , 0 , -0.453 ,
1121 , 1.095 , 0.0007476 , 0 , -0.654 ,
1122 , 1.096 , 0.0007461 , 0 , 3.09 ,
1123 , 1.097 , 0.0007446 , 0 , -0.9 ,
1124 , 1.098 , 0.000743 , 0 , 2.63 ,
1125 , 1.099 , 0.0007415 , 0 , -1.99 ,
1126 , 1.1 , 0.00074 , 0 , 2.5 ,
1127 , 1.101 , 0.0007385 , 0 , -3.11 ,
1128 , 1.102 , 0.0007369 , 0 , 1.19 ,
1129 , 1.103 , 0.0007354 , 0 , -0.22 ,
1130 , 1.104 , 0.0007339 , 0 , 1.85 ,
1131 , 1.104 , 0.0007324 , 0 , 0.65 ,
1132 , 1.105 , 0.0007309 , 0 , 0.907 ,
1133 , 1.106 , 0.0007294 , 0 , 0.0885 ,
1134 , 1.107 , 0.0007279 , 0 , -1.78 ,
1135 , 1.108 , 0.0007265 , 0 , -2.74 ,
1136 , 1.109 , 0.000725 , 0 , -1.29 ,
1137 , 1.11 , 0.0007235 , 0 , -3.1 ,
1138 , 1.111 , 0.000722 , 0 , -1.31 ,
1139 , 1.112 , 0.0007205 , 0 , -1.91 ,
1140 , 1.113 , 0.0007191 , 0 , -1.4 ,
1141 , 1.114 , 0.0007176 , 0 , 2.55 ,
1142 , 1.115 , 0.0007162 , 0 , -2.21 ,
1143 , 1.116 , 0.0007147 , 0 , 1.13 ,
1144 , 1.117 , 0.0007133 , 0 , 2.02 ,
1145 , 1.118 , 0.0007118 , 0 , 1.08 ,
1146 , 1.119 , 0.0007104 , 0 , 2.57 ,
1147 , 1.12 , 0.0007089 , 0 , 1.52 ,
1148 , 1.121 , 0.0007075 , 0 , 2.56 ,
1149 , 1.122 , 0.0007061 , 0 , -0.156 ,
1150 , 1.123 , 0.0007046 , 0 , 2.01 ,
1151 , 1.124 , 0.0007032 , 0 , -0.11 ,
1152 , 1.125 , 0.0007018 , 0 , -2.29 ,
1153 , 1.126 , 0.0007004 , 0 , 2.36 ,
1154 , 1.127 , 0.0006989 , 0 , -0.895 ,
1155 , 1.128 , 0.0006975 , 0 , -2.39 ,
1156 , 1.129 , 0.0006961 , 0 , 1.58 ,
1157 , 1.13 , 0.0006947 , 0 , -1.3 ,
1158 , 1.131 , 0.0006933 , 0 , 2.72 ,
1159 , 1.132 , 0.0006919 , 0 , 2.25 ,
1160 , 1.133 , 0.0006905 , 0 , 2.08 ,
1161 , 1.134 , 0.0006892 , 0 , -1.9 ,
1162 , 1.135 , 0.0006878 , 0 , 1.69 ,
1163 , 1.136 , 0.0006864 , 0 , -1.2 ,
1164 , 1.137 , 0.000685 , 0 , 1.86 ,
1165 , 1.138 , 0.0006836 , 0 , -2.86 ,
1166 , 1.139 , 0.0006823 , 0 , 3.07 ,
1167 , 1.14 , 0.0006809 , 0 , -0.909 ,
1168 , 1.141 , 0.0006795 , 0 , -0.701 ,
1169 , 1.142 , 0.0006782 , 0 , 1.16 ,
1170 , 1.143 , 0.0006768 , 0 , -2.61 ,
1171 , 1.144 , 0.0006755 , 0 , -0.64 ,
1172 , 1.145 , 0.0006741 , 0 , 2.8 ,
1173 , 1.146 , 0.0006728 , 0 , -0.491 ,
1174 , 1.146 , 0.0006714 , 0 , 1.75 ,
1175 , 1.147 , 0.0006701 , 0 , -2.46 ,
1176 , 1.148 , 0.0006688 , 0 , -2 ,
1177 , 1.149 , 0.0006674 , 0 , 1.43 ,
1178 , 1.15 , 0.0006661 , 0 , 0.0865 ,
1179 , 1.151 , 0.0006648 , 0 , 2.62 ,
1180 , 1.152 , 0.0006635 , 0 , -0.387 ,
1181 , 1.153 , 0.0006622 , 0 , 2.16 ,
1182 , 1.154 , 0.0006608 , 0 , -1.38 ,
1183 , 1.155 , 0.0006595 , 0 , 1.1 ,
1184 , 1.156 , 0.0006582 , 0 , 2.15 ,
1185 , 1.157 , 0.0006569 , 0 , 0.909 ,
1186 , 1.158 , 0.0006556 , 0 , -1.78 ,
1187 , 1.159 , 0.0006543 , 0 , -1.89 ,
1188 , 1.16 , 0.000653 , 0 , -1.96 ,
1189 , 1.161 , 0.0006517 , 0 , 1.59 ,
1190 , 1.162 , 0.0006505 , 0 , -1.93 ,
1191 , 1.163 , 0.0006492 , 0 , 1.43 ,
1192 , 1.164 , 0.0006479 , 0 , 2.67 ,
1193 , 1.165 , 0.0006466 , 0 , 2.34 ,
1194 , 1.166 , 0.0006453 , 0 , 2.23 ,
1195 , 1.167 , 0.0006441 , 0 , 0.362 ,
1196 , 1.168 , 0.0006428 , 0 , -2.31 ,
1197 , 1.169 , 0.0006415 , 0 , -1.84 ,
1198 , 1.17 , 0.0006403 , 0 , -2.43 ,
1199 , 1.171 , 0.000639 , 0 , -2.21 ,
1200 , 1.172 , 0.0006378 , 0 , 1.07 ,
1201 , 1.173 , 0.0006365 , 0 , 0.939 ,
1202 , 1.174 , 0.0006353 , 0 , -3.05 ,
1203 , 1.175 , 0.000634 , 0 , -0.783 ,
1204 , 1.176 , 0.0006328 , 0 , 1.16 ,
1205 , 1.177 , 0.0006316 , 0 , 2.91 ,
1206 , 1.178 , 0.0006303 , 0 , 2.7 ,
1207 , 1.179 , 0.0006291 , 0 , 3.12 ,
1208 , 1.18 , 0.0006279 , 0 , 1.01 ,
1209 , 1.181 , 0.0006266 , 0 , 2.15 ,
1210 , 1.182 , 0.0006254 , 0 , 1.65 ,
1211 , 1.183 , 0.0006242 , 0 , -0.977 ,
1212 , 1.184 , 0.000623 , 0 , -1.25 ,
1213 , 1.185 , 0.0006218 , 0 , 2.68 ,
1214 , 1.186 , 0.0006206 , 0 , -2.47 ,
1215 , 1.187 , 0.0006194 , 0 , 0.914 ,
1216 , 1.188 , 0.0006182 , 0 , -3.08 ,
1217 , 1.188 , 0.000617 , 0 , 1.87 ,
1218 , 1.189 , 0.0006158 , 0 , -0.882 ,
1219 , 1.19 , 0.0006146 , 0 , -2.06 ,
1220 , 1.191 , 0.0006134 , 0 , -2.3 ,
1221 , 1.192 , 0.0006122 , 0 , 0.784 ,
1222 , 1.193 , 0.000611 , 0 , 2.96 ,
1223 , 1.194 , 0.0006098 , 0 , -0.0844 ,
1224 , 1.195 , 0.0006086 , 0 , -0.325 ,
1225 , 1.196 , 0.0006075 , 0 , -2.23 ,
1226 , 1.197 , 0.0006063 , 0 , 0.953 ,
1227 , 1.198 , 0.0006051 , 0 , -2.27 ,
1228 , 1.199 , 0.000604 , 0 , -2.73 ,
1229 , 1.2 , 0.0006028 , 0 , 2.94 ,
1230 , 1.201 , 0.0006016 , 0 , 2.69 ,
1231 , 1.202 , 0.0006005 , 0 , -2.52 ,
1232 , 1.203 , 0.0005993 , 0 , -0.943 ,
1233 , 1.204 , 0.0005982 , 0 , -1.56 ,
1234 , 1.205 , 0.000597 , 0 , -2.64 ,
1235 , 1.206 , 0.0005959 , 0 , -0.473 ,
1236 , 1.207 , 0.0005947 , 0 , 0.407 ,
1237 , 1.208 , 0.0005936 , 0 , -0.0544 ,
1238 , 1.209 , 0.0005925 , 0 , 0.333 ,
1239 , 1.21 , 0.0005913 , 0 , 1.25 ,
1240 , 1.211 , 0.0005902 , 0 , 2.66 ,
1241 , 1.212 , 0.0005891 , 0 , 0.675 ,
1242 , 1.213 , 0.0005879 , 0 , -2.36 ,
1243 , 1.214 , 0.0005868 , 0 , 0.302 ,
1244 , 1.215 , 0.0005857 , 0 , 1.79 ,
1245 , 1.216 , 0.0005846 , 0 , 0.384 ,
1246 , 1.217 , 0.0005835 , 0 , -1.86 ,
1247 , 1.218 , 0.0005824 , 0 , -2.08 ,
1248 , 1.219 , 0.0005813 , 0 , 2.38 ,
1249 , 1.22 , 0.0005802 , 0 , 1.18 ,
1250 , 1.221 , 0.0005791 , 0 , -1.59 ,
1251 , 1.222 , 0.000578 , 0 , 2.14 ,
1252 , 1.223 , 0.0005769 , 0 , -1.29 ,
1253 , 1.224 , 0.0005758 , 0 , 3.07 ,
1254 , 1.225 , 0.0005747 , 0 , -2.98 ,
1255 , 1.226 , 0.0005736 , 0 , 0.179 ,
1256 , 1.227 , 0.0005725 , 0 , -2.24 ,
1257 , 1.228 , 0.0005714 , 0 , 2.2 ,
1258 , 1.229 , 0.0005703 , 0 , 1.44 ,
1259 , 1.229 , 0.0005693 , 0 , 2.73 ,
1260 , 1.23 , 0.0005682 , 0 , 2.4 ,
1261 , 1.231 , 0.0005671 , 0 , 2.95 ,
1262 , 1.232 , 0.000566 , 0 , -0.129 ,
1263 , 1.233 , 0.000565 , 0 , 2.29 ,
1264 , 1.234 , 0.0005639 , 0 , -1.42 ,
1265 , 1.235 , 0.0005628 , 0 , -2.81 ,
1266 , 1.236 , 0.0005618 , 0 , -0.697 ,
1267 , 1.237 , 0.0005607 , 0 , 2.23 ,
1268 , 1.238 , 0.0005597 , 0 , 1.54 ,
1269 , 1.239 , 0.0005586 , 0 , -0.559 ,
1270 , 1.24 , 0.0005576 , 0 , 0.274 ,
1271 , 1.241 , 0.0005565 , 0 , -0.309 ,
1272 , 1.242 , 0.0005555 , 0 , -2.79 ,
1273 , 1.243 , 0.0005544 , 0 , 2.36 ,
1274 , 1.244 , 0.0005534 , 0 , -0.0311 ,
1275 , 1.245 , 0.0005524 , 0 , 0.367 ,
1276 , 1.246 , 0.0005513 , 0 , -3.04 ,
1277 , 1.247 , 0.0005503 , 0 , 0.195 ,
1278 , 1.248 , 0.0005493 , 0 , -2.69 ,
1279 , 1.249 , 0.0005483 , 0 , 1.13 ,
1280 , 1.25 , 0.0005472 , 0 , -2.32 ,
1281 , 1.251 , 0.0005462 , 0 , -0.12 ,
1282 , 1.252 , 0.0005452 , 0 , -0.786 ,
1283 , 1.253 , 0.0005442 , 0 , 2.84 ,
1284 , 1.254 , 0.0005432 , 0 , -1.83 ,
1285 , 1.255 , 0.0005422 , 0 , -1.4 ,
1286 , 1.256 , 0.0005412 , 0 , 3.11 ,
1287 , 1.257 , 0.0005402 , 0 , -2.96 ,
1288 , 1.258 , 0.0005392 , 0 , 0.947 ,
1289 , 1.259 , 0.0005382 , 0 , 2.32 ,
1290 , 1.26 , 0.0005372 , 0 , 0.894 ,
1291 , 1.261 , 0.0005362 , 0 , -1.72 ,
1292 , 1.262 , 0.0005352 , 0 , 3 ,
1293 , 1.263 , 0.0005342 , 0 , 2.82 ,
1294 , 1.264 , 0.0005332 , 0 , -0.716 ,
1295 , 1.265 , 0.0005322 , 0 , -2.97 ,
1296 , 1.266 , 0.0005312 , 0 , 2.57 ,
1297 , 1.267 , 0.0005302 , 0 , 1.69 ,
1298 , 1.268 , 0.0005293 , 0 , 0.452 ,
1299 , 1.269 , 0.0005283 , 0 , 2.63 ,
1300 , 1.27 , 0.0005273 , 0 , 0.162 ,
1301 , 1.271 , 0.0005263 , 0 , 1.83 ,
1302 , 1.271 , 0.0005254 , 0 , -3.12 ,
1303 , 1.272 , 0.0005244 , 0 , -0.214 ,
1304 , 1.273 , 0.0005235 , 0 , 0.687 ,
1305 , 1.274 , 0.0005225 , 0 , -2.05 ,
1306 , 1.275 , 0.0005215 , 0 , 3.14 ,
1307 , 1.276 , 0.0005206 , 0 , -1.4 ,
1308 , 1.277 , 0.0005196 , 0 , 0.902 ,
1309 , 1.278 , 0.0005187 , 0 , 0.523 ,
1310 , 1.279 , 0.0005177 , 0 , 2.51 ,
1311 , 1.28 , 0.0005168 , 0 , -1.28 ,
1312 , 1.281 , 0.0005158 , 0 , 1.2 ,
1313 , 1.282 , 0.0005149 , 0 , -1.46 ,
1314 , 1.283 , 0.000514 , 0 , 1.82 ,
1315 , 1.284 , 0.000513 , 0 , 1.36 ,
1316 , 1.285 , 0.0005121 , 0 , 0.105 ,
1317 , 1.286 , 0.0005111 , 0 , 2.5 ,
1318 , 1.287 , 0.0005102 , 0 , 2.39 ,
1319 , 1.288 , 0.0005093 , 0 , -2.14 ,
1320 , 1.289 , 0.0005084 , 0 , 0.446 ,
1321 , 1.29 , 0.0005074 , 0 , 0.959 ,
1322 , 1.291 , 0.0005065 , 0 , 0.104 ,
1323 , 1.292 , 0.0005056 , 0 , 0.715 ,
1324 , 1.293 , 0.0005047 , 0 , -2.19 ,
1325 , 1.294 , 0.0005038 , 0 , 2.53 ,
1326 , 1.295 , 0.0005029 , 0 , 2.02 ,
1327 , 1.296 , 0.0005019 , 0 , -2.78 ,
1328 , 1.297 , 0.000501 , 0 , -0.0411 ,
1329 , 1.298 , 0.0005001 , 0 , -1.04 ,
1330 , 1.299 , 0.0004992 , 0 , -1.89 ,
1331 , 1.3 , 0.0004983 , 0 , -0.514 ,
1332 , 1.301 , 0.0004974 , 0 , 0.25 ,
1333 , 1.302 , 0.0004965 , 0 , 0.442 ,
1334 , 1.303 , 0.0004956 , 0 , 2.98 ,
1335 , 1.304 , 0.0004947 , 0 , 2.19 ,
1336 , 1.305 , 0.0004939 , 0 , -0.394 ,
1337 , 1.306 , 0.000493 , 0 , 3.08 ,
1338 , 1.307 , 0.0004921 , 0 , -2.89 ,
1339 , 1.308 , 0.0004912 , 0 , -0.658 ,
1340 , 1.309 , 0.0004903 , 0 , 2.81 ,
1341 , 1.31 , 0.0004894 , 0 , -0.773 ,
1342 , 1.311 , 0.0004886 , 0 , 1.59 ,
1343 , 1.312 , 0.0004877 , 0 , 1.72 ,
1344 , 1.313 , 0.0004868 , 0 , 2.06 ,
1345 , 1.313 , 0.0004859 , 0 , -2.84 ,
1346 , 1.314 , 0.0004851 , 0 , 1.38 ,
1347 , 1.315 , 0.0004842 , 0 , -2.06 ,
1348 , 1.316 , 0.0004833 , 0 , 0.897 ,
1349 , 1.317 , 0.0004825 , 0 , 0.591 ,
1350 , 1.318 , 0.0004816 , 0 , -0.816 ,
1351 , 1.319 , 0.0004808 , 0 , 1.49 ,
1352 , 1.32 , 0.0004799 , 0 , 2.43 ,
1353 , 1.321 , 0.000479 , 0 , -2.69 ,
1354 , 1.322 , 0.0004782 , 0 , -2.98 ,
1355 , 1.323 , 0.0004773 , 0 , 0.478 ,
1356 , 1.324 , 0.0004765 , 0 , -0.791 ,
1357 , 1.325 , 0.0004756 , 0 , -0.307 ,
1358 , 1.326 , 0.0004748 , 0 , -1.18 ,
1359 , 1.327 , 0.000474 , 0 , 1.78 ,
1360 , 1.328 , 0.0004731 , 0 , -2.97 ,
1361 , 1.329 , 0.0004723 , 0 , 2.13 ,
1362 , 1.33 , 0.0004714 , 0 , -2.8 ,
1363 , 1.331 , 0.0004706 , 0 , -0.161 ,
1364 , 1.332 , 0.0004698 , 0 , 1.96 ,
1365 , 1.333 , 0.0004689 , 0 , -2.08 ,
1366 , 1.334 , 0.0004681 , 0 , 2.05 ,
1367 , 1.335 , 0.0004673 , 0 , -1.42 ,
1368 , 1.336 , 0.0004665 , 0 , 2.05 ,
1369 , 1.337 , 0.0004656 , 0 , -0.692 ,
1370 , 1.338 , 0.0004648 , 0 , -1.56 ,
1371 , 1.339 , 0.000464 , 0 , -1.49 ,
1372 , 1.34 , 0.0004632 , 0 , 2.95 ,
1373 , 1.341 , 0.0004624 , 0 , 1.32 ,
1374 , 1.342 , 0.0004616 , 0 , 0.261 ,
1375 , 1.343 , 0.0004608 , 0 , 2.02 ,
1376 , 1.344 , 0.0004599 , 0 , 0.233 ,
1377 , 1.345 , 0.0004591 , 0 , -1.92 ,
1378 , 1.346 , 0.0004583 , 0 , -2.07 ,
1379 , 1.347 , 0.0004575 , 0 , 2.7 ,
1380 , 1.348 , 0.0004567 , 0 , -1.46 ,
1381 , 1.349 , 0.0004559 , 0 , -2.92 ,
1382 , 1.35 , 0.0004551 , 0 , 0.25 ,
1383 , 1.351 , 0.0004543 , 0 , 0.847 ,
1384 , 1.352 , 0.0004535 , 0 , 1.22 ,
1385 , 1.353 , 0.0004528 , 0 , 2.11 ,
1386 , 1.354 , 0.000452 , 0 , 0.329 ,
1387 , 1.354 , 0.0004512 , 0 , -2.48 ,
1388 , 1.355 , 0.0004504 , 0 , -3.07 ,
1389 , 1.356 , 0.0004496 , 0 , -2.4 ,
1390 , 1.357 , 0.0004488 , 0 , 2.72 ,
1391 , 1.358 , 0.000448 , 0 , -0.957 ,
1392 , 1.359 , 0.0004473 , 0 , 2.85 ,
1393 , 1.36 , 0.0004465 , 0 , 0.0968 ,
1394 , 1.361 , 0.0004457 , 0 , -0.798 ,
1395 , 1.362 , 0.0004449 , 0 , -2.16 ,
1396 , 1.363 , 0.0004442 , 0 , -1.11 ,
1397 , 1.364 , 0.0004434 , 0 , -0.303 ,
1398 , 1.365 , 0.0004426 , 0 , 0.32 ,
1399 , 1.366 , 0.0004419 , 0 , 1.48 ,
1400 , 1.367 , 0.0004411 , 0 , 0.398 ,
1401 , 1.368 , 0.0004403 , 0 , 2.65 ,
1402 , 1.369 , 0.0004396 , 0 , -0.856 ,
1403 , 1.37 , 0.0004388 , 0 , 0.513 ,
1404 , 1.371 , 0.0004381 , 0 , 2.97 ,
1405 , 1.372 , 0.0004373 , 0 , 0.789 ,
1406 , 1.373 , 0.0004366 , 0 , -1.43 ,
1407 , 1.374 , 0.0004358 , 0 , -0.996 ,
1408 , 1.375 , 0.0004351 , 0 , 0.272 ,
1409 , 1.376 , 0.0004343 , 0 , 3.06 ,
1410 , 1.377 , 0.0004336 , 0 , 1.5 ,
1411 , 1.378 , 0.0004328 , 0 , -0.299 ,
1412 , 1.379 , 0.0004321 , 0 , -0.353 ,
1413 , 1.38 , 0.0004313 , 0 , -2.43 ,
1414 , 1.381 , 0.0004306 , 0 , -0.167 ,
1415 , 1.382 , 0.0004299 , 0 , 2.17 ,
1416 , 1.383 , 0.0004291 , 0 , -0.642 ,
1417 , 1.384 , 0.0004284 , 0 , 2.73 ,
1418 , 1.385 , 0.0004277 , 0 , 1.48 ,
1419 , 1.386 , 0.0004269 , 0 , -0.372 ,
1420 , 1.387 , 0.0004262 , 0 , -1.98 ,
1421 , 1.388 , 0.0004255 , 0 , 0.408 ,
1422 , 1.389 , 0.0004247 , 0 , -0.814 ,
1423 , 1.39 , 0.000424 , 0 , -1.88 ,
1424 , 1.391 , 0.0004233 , 0 , -2.48 ,
1425 , 1.392 , 0.0004226 , 0 , -1.68 ,
1426 , 1.393 , 0.0004219 , 0 , 1.59 ,
1427 , 1.394 , 0.0004211 , 0 , -2.51 ,
1428 , 1.395 , 0.0004204 , 0 , -1.16 ,
1429 , 1.396 , 0.0004197 , 0 , 0.34 ,
1430 , 1.396 , 0.000419 , 0 , 0.82 ,
1431 , 1.397 , 0.0004183 , 0 , -0.99 ,
1432 , 1.398 , 0.0004176 , 0 , -2.4 ,
1433 , 1.399 , 0.0004169 , 0 , -2.95 ,
1434 , 1.4 , 0.0004162 , 0 , 1.56 ,
1435 , 1.401 , 0.0004155 , 0 , 1.85 ,
1436 , 1.402 , 0.0004148 , 0 , -0.8 ,
1437 , 1.403 , 0.0004141 , 0 , 2.65 ,
1438 , 1.404 , 0.0004134 , 0 , 0.405 ,
1439 , 1.405 , 0.0004127 , 0 , -0.647 ,
1440 , 1.406 , 0.000412 , 0 , 1.28 ,
1441 , 1.407 , 0.0004113 , 0 , -1.09 ,
1442 , 1.408 , 0.0004106 , 0 , -0.743 ,
1443 , 1.409 , 0.0004099 , 0 , 3.06 ,
1444 , 1.41 , 0.0004092 , 0 , -2.52 ,
1445 , 1.411 , 0.0004085 , 0 , -2.97 ,
1446 , 1.412 , 0.0004078 , 0 , -2.36 ,
1447 , 1.413 , 0.0004071 , 0 , -0.911 ,
1448 , 1.414 , 0.0004065 , 0 , 1.77 ,
1449 , 1.415 , 0.0004058 , 0 , -0.73 ,
1450 , 1.416 , 0.0004051 , 0 , -2.72 ,
1451 , 1.417 , 0.0004044 , 0 , 0.723 ,
1452 , 1.418 , 0.0004037 , 0 , 1.43 ,
1453 , 1.419 , 0.0004031 , 0 , -2.54 ,
1454 , 1.42 , 0.0004024 , 0 , 1.5 ,
1455 , 1.421 , 0.0004017 , 0 , 0.826 ,
1456 , 1.422 , 0.000401 , 0 , 1.02 ,
1457 , 1.423 , 0.0004004 , 0 , -0.975 ,
1458 , 1.424 , 0.0003997 , 0 , -2.5 ,
1459 , 1.425 , 0.000399 , 0 , -0.229 ,
1460 , 1.426 , 0.0003984 , 0 , 2.17 ,
1461 , 1.427 , 0.0003977 , 0 , -2.54 ,
1462 , 1.428 , 0.000397 , 0 , -2.52 ,
1463 , 1.429 , 0.0003964 , 0 , -2.41 ,
1464 , 1.43 , 0.0003957 , 0 , 0.372 ,
1465 , 1.431 , 0.0003951 , 0 , -1.57 ,
1466 , 1.432 , 0.0003944 , 0 , -0.325 ,
1467 , 1.433 , 0.0003938 , 0 , -2.92 ,
1468 , 1.434 , 0.0003931 , 0 , 1.21 ,
1469 , 1.435 , 0.0003925 , 0 , -1.55 ,
1470 , 1.436 , 0.0003918 , 0 , 0.046 ,
1471 , 1.437 , 0.0003912 , 0 , 2.06 ,
1472 , 1.438 , 0.0003905 , 0 , -0.518 ,
1473 , 1.438 , 0.0003899 , 0 , -2.59 ,
1474 , 1.439 , 0.0003892 , 0 , -0.91 ,
1475 , 1.44 , 0.0003886 , 0 , -2.48 ,
1476 , 1.441 , 0.0003879 , 0 , -1.11 ,
1477 , 1.442 , 0.0003873 , 0 , -0.757 ,
1478 , 1.443 , 0.0003867 , 0 , 2.02 ,
1479 , 1.444 , 0.000386 , 0 , 0.773 ,
1480 , 1.445 , 0.0003854 , 0 , -1.75 ,
1481 , 1.446 , 0.0003848 , 0 , 2.77 ,
1482 , 1.447 , 0.0003841 , 0 , 0.796 ,
1483 , 1.448 , 0.0003835 , 0 , -2.58 ,
1484 , 1.449 , 0.0003829 , 0 , 0.227 ,
1485 , 1.45 , 0.0003822 , 0 , 1.26 ,
1486 , 1.451 , 0.0003816 , 0 , -1.33 ,
1487 , 1.452 , 0.000381 , 0 , 0.076 ,
1488 , 1.453 , 0.0003804 , 0 , 1.91 ,
1489 , 1.454 , 0.0003797 , 0 , 0.134 ,
1490 , 1.455 , 0.0003791 , 0 , -0.0158 ,
1491 , 1.456 , 0.0003785 , 0 , -2.63 ,
1492 , 1.457 , 0.0003779 , 0 , 1.84 ,
1493 , 1.458 , 0.0003773 , 0 , -0.446 ,
1494 , 1.459 , 0.0003766 , 0 , -3.1 ,
1495 , 1.46 , 0.000376 , 0 , 2.86 ,
1496 , 1.461 , 0.0003754 , 0 , -2.59 ,
1497 , 1.462 , 0.0003748 , 0 , 1.66 ,
1498 , 1.463 , 0.0003742 , 0 , 1.92 ,
1499 , 1.464 , 0.0003736 , 0 , 2.34 ,
1500 , 1.465 , 0.000373 , 0 , 1.54 ,
1501 , 1.466 , 0.0003724 , 0 , -2.61 ,
1502 , 1.467 , 0.0003718 , 0 , -1.91 ,
1503 , 1.468 , 0.0003712 , 0 , 0.452 ,
1504 , 1.469 , 0.0003706 , 0 , -0.182 ,
1505 , 1.47 , 0.00037 , 0 , -1.55 ,
1506 , 1.471 , 0.0003694 , 0 , -1.22 ,
1507 , 1.472 , 0.0003688 , 0 , -1.56 ,
1508 , 1.473 , 0.0003682 , 0 , 0.503 ,
1509 , 1.474 , 0.0003676 , 0 , 3.03 ,
1510 , 1.475 , 0.000367 , 0 , 2.8 ,
1511 , 1.476 , 0.0003664 , 0 , -2.06 ,
1512 , 1.477 , 0.0003658 , 0 , 2.82 ,
1513 , 1.478 , 0.0003652 , 0 , -1.86 ,
1514 , 1.479 , 0.0003646 , 0 , -2 ,
1515 , 1.479 , 0.000364 , 0 , -1.9 ,
1516 , 1.48 , 0.0003634 , 0 , -2.4 ,
1517 , 1.481 , 0.0003629 , 0 , 0.949 ,
1518 , 1.482 , 0.0003623 , 0 , -1.5 ,
1519 , 1.483 , 0.0003617 , 0 , -1.38 ,
1520 , 1.484 , 0.0003611 , 0 , -0.603 ,
1521 , 1.485 , 0.0003605 , 0 , 1.47 ,
1522 , 1.486 , 0.0003599 , 0 , 1.11 ,
1523 , 1.487 , 0.0003594 , 0 , 2.46 ,
1524 , 1.488 , 0.0003588 , 0 , 2.01 ,
1525 , 1.489 , 0.0003582 , 0 , -1.16 ,
1526 , 1.49 , 0.0003576 , 0 , -2.43 ,
1527 , 1.491 , 0.0003571 , 0 , -1.51 ,
1528 , 1.492 , 0.0003565 , 0 , 2.69 ,
1529 , 1.493 , 0.0003559 , 0 , 0.625 ,
1530 , 1.494 , 0.0003554 , 0 , 0.723 ,
1531 , 1.495 , 0.0003548 , 0 , 2.35 ,
1532 , 1.496 , 0.0003542 , 0 , 1.22 ,
1533 , 1.497 , 0.0003537 , 0 , -1.13 ,
1534 , 1.498 , 0.0003531 , 0 , -2.52 ,
1535 , 1.499 , 0.0003525 , 0 , -1.96 ,
1536 , 1.5 , 0.000352 , 0 , 3.09 ,
1537 , 1.501 , 0.0003514 , 0 , 0.554 ,
1538 , 1.502 , 0.0003509 , 0 , 1.48 ,
1539 , 1.503 , 0.0003503 , 0 , 2.9 ,
1540 , 1.504 , 0.0003497 , 0 , 1.25 ,
1541 , 1.505 , 0.0003492 , 0 , 0.16 ,
1542 , 1.506 , 0.0003486 , 0 , -1.7 ,
1543 , 1.507 , 0.0003481 , 0 , -1.73 ,
1544 , 1.508 , 0.0003475 , 0 , 2.08 ,
1545 , 1.509 , 0.000347 , 0 , -0.983 ,
1546 , 1.51 , 0.0003464 , 0 , 2.69 ,
1547 , 1.511 , 0.0003459 , 0 , -0.85 ,
1548 , 1.512 , 0.0003453 , 0 , -2.15 ,
1549 , 1.513 , 0.0003448 , 0 , -2.63 ,
1550 , 1.514 , 0.0003442 , 0 , 1.26 ,
1551 , 1.515 , 0.0003437 , 0 , -2.96 ,
1552 , 1.516 , 0.0003432 , 0 , -0.663 ,
1553 , 1.517 , 0.0003426 , 0 , 1.92 ,
1554 , 1.518 , 0.0003421 , 0 , -0.811 ,
1555 , 1.519 , 0.0003415 , 0 , -0.573 ,
1556 , 1.52 , 0.000341 , 0 , 2.07 ,
1557 , 1.521 , 0.0003405 , 0 , -1.99 ,
1558 , 1.521 , 0.0003399 , 0 , -0.633 ,
1559 , 1.522 , 0.0003394 , 0 , 0.476 ,
1560 , 1.523 , 0.0003389 , 0 , -0.763 ,
1561 , 1.524 , 0.0003383 , 0 , 1.2 ,
1562 , 1.525 , 0.0003378 , 0 , -0.944 ,
1563 , 1.526 , 0.0003373 , 0 , -2.09 ,
1564 , 1.527 , 0.0003368 , 0 , 2.16 ,
1565 , 1.528 , 0.0003362 , 0 , 0.951 ,
1566 , 1.529 , 0.0003357 , 0 , -2.29 ,
1567 , 1.53 , 0.0003352 , 0 , -0.956 ,
1568 , 1.531 , 0.0003346 , 0 , -1.12 ,
1569 , 1.532 , 0.0003341 , 0 , -2.34 ,
1570 , 1.533 , 0.0003336 , 0 , -0.275 ,
1571 , 1.534 , 0.0003331 , 0 , -2.58 ,
1572 , 1.535 , 0.0003326 , 0 , 1.24 ,
1573 , 1.536 , 0.000332 , 0 , 2.7 ,
1574 , 1.537 , 0.0003315 , 0 , 2.12 ,
1575 , 1.538 , 0.000331 , 0 , -0.0506 ,
1576 , 1.539 , 0.0003305 , 0 , 2.39 ,
1577 , 1.54 , 0.00033 , 0 , -0.0459 ,
1578 , 1.541 , 0.0003295 , 0 , -3.02 ,
1579 , 1.542 , 0.000329 , 0 , 1.08 ,
1580 , 1.543 , 0.0003285 , 0 , 0.469 ,
1581 , 1.544 , 0.0003279 , 0 , 2.33 ,
1582 , 1.545 , 0.0003274 , 0 , 0.775 ,
1583 , 1.546 , 0.0003269 , 0 , -2.3 ,
1584 , 1.547 , 0.0003264 , 0 , 2.6 ,
1585 , 1.548 , 0.0003259 , 0 , -0.0571 ,
1586 , 1.549 , 0.0003254 , 0 , -0.44 ,
1587 , 1.55 , 0.0003249 , 0 , 0.938 ,
1588 , 1.551 , 0.0003244 , 0 , 2.48 ,
1589 , 1.552 , 0.0003239 , 0 , 2.9 ,
1590 , 1.553 , 0.0003234 , 0 , -2.76 ,
1591 , 1.554 , 0.0003229 , 0 , -1.38 ,
1592 , 1.555 , 0.0003224 , 0 , 3.06 ,
1593 , 1.556 , 0.0003219 , 0 , 2.64 ,
1594 , 1.557 , 0.0003214 , 0 , 1.65 ,
1595 , 1.558 , 0.0003209 , 0 , -0.56 ,
1596 , 1.559 , 0.0003204 , 0 , 0.14 ,
1597 , 1.56 , 0.0003199 , 0 , -1.12 ,
1598 , 1.561 , 0.0003195 , 0 , 1.18 ,
1599 , 1.562 , 0.000319 , 0 , -1.97 ,
1600 , 1.563 , 0.0003185 , 0 , 2.23 ,
1601 , 1.563 , 0.000318 , 0 , -0.162 ,
1602 , 1.564 , 0.0003175 , 0 , 0.771 ,
1603 , 1.565 , 0.000317 , 0 , 1.18 ,
1604 , 1.566 , 0.0003165 , 0 , -0.695 ,
1605 , 1.567 , 0.000316 , 0 , -2.62 ,
1606 , 1.568 , 0.0003156 , 0 , 1.94 ,
1607 , 1.569 , 0.0003151 , 0 , 0.0048 ,
1608 , 1.57 , 0.0003146 , 0 , 1.43 ,
1609 , 1.571 , 0.0003141 , 0 , 0.914 ,
1610 , 1.572 , 0.0003136 , 0 , 1.28 ,
1611 , 1.573 , 0.0003132 , 0 , -0.651 ,
1612 , 1.574 , 0.0003127 , 0 , -0.797 ,
1613 , 1.575 , 0.0003122 , 0 , -1.88 ,
1614 , 1.576 , 0.0003117 , 0 , 2.96 ,
1615 , 1.577 , 0.0003113 , 0 , -1.09 ,
1616 , 1.578 , 0.0003108 , 0 , 3.12 ,
1617 , 1.579 , 0.0003103 , 0 , 2.28 ,
1618 , 1.58 , 0.0003098 , 0 , 1.73 ,
1619 , 1.581 , 0.0003094 , 0 , -0.473 ,
1620 , 1.582 , 0.0003089 , 0 , 2.43 ,
1621 , 1.583 , 0.0003084 , 0 , 3.1 ,
1622 , 1.584 , 0.000308 , 0 , 1.6 ,
1623 , 1.585 , 0.0003075 , 0 , -0.723 ,
1624 , 1.586 , 0.000307 , 0 , 2.41 ,
1625 , 1.587 , 0.0003066 , 0 , 1.87 ,
1626 , 1.588 , 0.0003061 , 0 , -1.77 ,
1627 , 1.589 , 0.0003057 , 0 , 1.2 ,
1628 , 1.59 , 0.0003052 , 0 , 0.743 ,
1629 , 1.591 , 0.0003047 , 0 , -1.02 ,
1630 , 1.592 , 0.0003043 , 0 , -1.61 ,
1631 , 1.593 , 0.0003038 , 0 , -2.57 ,
1632 , 1.594 , 0.0003034 , 0 , 1.53 ,
1633 , 1.595 , 0.0003029 , 0 , -2.37 ,
1634 , 1.596 , 0.0003024 , 0 , -2.27 ,
1635 , 1.597 , 0.000302 , 0 , 2.06 ,
1636 , 1.598 , 0.0003015 , 0 , 0.424 ,
1637 , 1.599 , 0.0003011 , 0 , -0.751 ,
1638 , 1.6 , 0.0003006 , 0 , 2.89 ,
1639 , 1.601 , 0.0003002 , 0 , -1.48 ,
1640 , 1.602 , 0.0002997 , 0 , 1.6 ,
1641 , 1.603 , 0.0002993 , 0 , -2.57 ,
1642 , 1.604 , 0.0002988 , 0 , 2.69 ,
1643 , 1.604 , 0.0002984 , 0 , 2.4 ,
1644 , 1.605 , 0.0002979 , 0 , 0.796 ,
1645 , 1.606 , 0.0002975 , 0 , 1.53 ,
1646 , 1.607 , 0.0002971 , 0 , 0.499 ,
1647 , 1.608 , 0.0002966 , 0 , 1.9 ,
1648 , 1.609 , 0.0002962 , 0 , -1.62 ,
1649 , 1.61 , 0.0002957 , 0 , -2.42 ,
1650 , 1.611 , 0.0002953 , 0 , -2.06 ,
1651 , 1.612 , 0.0002948 , 0 , 0.0527 ,
1652 , 1.613 , 0.0002944 , 0 , -2.02 ,
1653 , 1.614 , 0.000294 , 0 , -3.12 ,
1654 , 1.615 , 0.0002935 , 0 , 1.45 ,
1655 , 1.616 , 0.0002931 , 0 , 1.1 ,
1656 , 1.617 , 0.0002927 , 0 , 1.16 ,
1657 , 1.618 , 0.0002922 , 0 , -0.979 ,
1658 , 1.619 , 0.0002918 , 0 , -0.109 ,
1659 , 1.62 , 0.0002914 , 0 , -0.542 ,
1660 , 1.621 , 0.0002909 , 0 , 2.18 ,
1661 , 1.622 , 0.0002905 , 0 , -1.38 ,
1662 , 1.623 , 0.0002901 , 0 , -2.85 ,
1663 , 1.624 , 0.0002896 , 0 , -1.15 ,
1664 , 1.625 , 0.0002892 , 0 , 3.04 ,
1665 , 1.626 , 0.0002888 , 0 , -2.58 ,
1666 , 1.627 , 0.0002884 , 0 , -1.34 ,
1667 , 1.628 , 0.0002879 , 0 , 0.63 ,
1668 , 1.629 , 0.0002875 , 0 , -2.91 ,
1669 , 1.63 , 0.0002871 , 0 , 2.3 ,
1670 , 1.631 , 0.0002867 , 0 , -2.49 ,
1671 , 1.632 , 0.0002862 , 0 , -0.259 ,
1672 , 1.633 , 0.0002858 , 0 , 2.47 ,
1673 , 1.634 , 0.0002854 , 0 , 2.47 ,
1674 , 1.635 , 0.000285 , 0 , -1.32 ,
1675 , 1.636 , 0.0002846 , 0 , -2.23 ,
1676 , 1.637 , 0.0002841 , 0 , 2.47 ,
1677 , 1.638 , 0.0002837 , 0 , -1.95 ,
1678 , 1.639 , 0.0002833 , 0 , 2.54 ,
1679 , 1.64 , 0.0002829 , 0 , 0.855 ,
1680 , 1.641 , 0.0002825 , 0 , 2.83 ,
1681 , 1.642 , 0.0002821 , 0 , 2.1 ,
1682 , 1.643 , 0.0002817 , 0 , 1.37 ,
1683 , 1.644 , 0.0002812 , 0 , -0.466 ,
1684 , 1.645 , 0.0002808 , 0 , -1.95 ,
1685 , 1.646 , 0.0002804 , 0 , -2.52 ,
1686 , 1.646 , 0.00028 , 0 , -1.59 ,
1687 , 1.647 , 0.0002796 , 0 , -2.88 ,
1688 , 1.648 , 0.0002792 , 0 , -1.88 ,
1689 , 1.649 , 0.0002788 , 0 , -0.436 ,
1690 , 1.65 , 0.0002784 , 0 , -0.863 ,
1691 , 1.651 , 0.000278 , 0 , 1.05 ,
1692 , 1.652 , 0.0002776 , 0 , 1.65 ,
1693 , 1.653 , 0.0002772 , 0 , 0.45 ,
1694 , 1.654 , 0.0002768 , 0 , -0.134 ,
1695 , 1.655 , 0.0002764 , 0 , 1.49 ,
1696 , 1.656 , 0.000276 , 0 , -2.13 ,
1697 , 1.657 , 0.0002756 , 0 , 0.563 ,
1698 , 1.658 , 0.0002752 , 0 , 1.32 ,
1699 , 1.659 , 0.0002748 , 0 , -3.12 ,
1700 , 1.66 , 0.0002744 , 0 , 0.659 ,
1701 , 1.661 , 0.000274 , 0 , 2.44 ,
1702 , 1.662 , 0.0002736 , 0 , -2.9 ,
1703 , 1.663 , 0.0002732 , 0 , 2.13 ,
1704 , 1.664 , 0.0002728 , 0 , -2.79 ,
1705 , 1.665 , 0.0002724 , 0 , -2.91 ,
1706 , 1.666 , 0.000272 , 0 , 2.45 ,
1707 , 1.667 , 0.0002716 , 0 , -1.91 ,
1708 , 1.668 , 0.0002712 , 0 , -2.02 ,
1709 , 1.669 , 0.0002708 , 0 , -1.96 ,
1710 , 1.67 , 0.0002704 , 0 , -2.76 ,
1711 , 1.671 , 0.00027 , 0 , 2.25 ,
1712 , 1.672 , 0.0002696 , 0 , -2.43 ,
1713 , 1.673 , 0.0002693 , 0 , -0.404 ,
1714 , 1.674 , 0.0002689 , 0 , -2.53 ,
1715 , 1.675 , 0.0002685 , 0 , -0.128 ,
1716 , 1.676 , 0.0002681 , 0 , 2.77 ,
1717 , 1.677 , 0.0002677 , 0 , -1.64 ,
1718 , 1.678 , 0.0002673 , 0 , 0.236 ,
1719 , 1.679 , 0.0002669 , 0 , -1.48 ,
1720 , 1.68 , 0.0002666 , 0 , -3.03 ,
1721 , 1.681 , 0.0002662 , 0 , 0.0334 ,
1722 , 1.682 , 0.0002658 , 0 , 1.74 ,
1723 , 1.683 , 0.0002654 , 0 , -2.92 ,
1724 , 1.684 , 0.000265 , 0 , -1.46 ,
1725 , 1.685 , 0.0002647 , 0 , 0.334 ,
1726 , 1.686 , 0.0002643 , 0 , -2.83 ,
1727 , 1.687 , 0.0002639 , 0 , -1.25 ,
1728 , 1.688 , 0.0002635 , 0 , -2.2 ,
1729 , 1.688 , 0.0002632 , 0 , -0.431 ,
1730 , 1.689 , 0.0002628 , 0 , 0.47 ,
1731 , 1.69 , 0.0002624 , 0 , 1.74 ,
1732 , 1.691 , 0.000262 , 0 , -0.507 ,
1733 , 1.692 , 0.0002617 , 0 , -1.48 ,
1734 , 1.693 , 0.0002613 , 0 , -2.51 ,
1735 , 1.694 , 0.0002609 , 0 , -1.05 ,
1736 , 1.695 , 0.0002605 , 0 , -0.653 ,
1737 , 1.696 , 0.0002602 , 0 , -0.171 ,
1738 , 1.697 , 0.0002598 , 0 , -0.0093 ,
1739 , 1.698 , 0.0002594 , 0 , 0.877 ,
1740 , 1.699 , 0.0002591 , 0 , 0.443 ,
1741 , 1.7 , 0.0002587 , 0 , 0.462 ,
1742 , 1.701 , 0.0002583 , 0 , 0.0926 ,
1743 , 1.702 , 0.000258 , 0 , -0.177 ,
1744 , 1.703 , 0.0002576 , 0 , 0.595 ,
1745 , 1.704 , 0.0002572 , 0 , -0.994 ,
1746 , 1.705 , 0.0002569 , 0 , -1.98 ,
1747 , 1.706 , 0.0002565 , 0 , 3.06 ,
1748 , 1.707 , 0.0002562 , 0 , 2.18 ,
1749 , 1.708 , 0.0002558 , 0 , 2.22 ,
1750 , 1.709 , 0.0002554 , 0 , 1.59 ,
1751 , 1.71 , 0.0002551 , 0 , -0.559 ,
1752 , 1.711 , 0.0002547 , 0 , -1.72 ,
1753 , 1.712 , 0.0002544 , 0 , 0.163 ,
1754 , 1.713 , 0.000254 , 0 , 2.9 ,
1755 , 1.714 , 0.0002536 , 0 , 1.77 ,
1756 , 1.715 , 0.0002533 , 0 , 0.182 ,
1757 , 1.716 , 0.0002529 , 0 , -0.725 ,
1758 , 1.717 , 0.0002526 , 0 , -1.44 ,
1759 , 1.718 , 0.0002522 , 0 , 2.07 ,
1760 , 1.719 , 0.0002519 , 0 , -1.28 ,
1761 , 1.72 , 0.0002515 , 0 , 2.04 ,
1762 , 1.721 , 0.0002512 , 0 , 1.93 ,
1763 , 1.722 , 0.0002508 , 0 , -0.452 ,
1764 , 1.723 , 0.0002505 , 0 , -0.145 ,
1765 , 1.724 , 0.0002501 , 0 , -2.99 ,
1766 , 1.725 , 0.0002498 , 0 , -0.302 ,
1767 , 1.726 , 0.0002494 , 0 , -0.704 ,
1768 , 1.727 , 0.0002491 , 0 , -3.03 ,
1769 , 1.728 , 0.0002487 , 0 , 2.34 ,
1770 , 1.729 , 0.0002484 , 0 , -1.82 ,
1771 , 1.729 , 0.000248 , 0 , 2.86 ,
1772 , 1.73 , 0.0002477 , 0 , -2.48 ,
1773 , 1.731 , 0.0002473 , 0 , -0.0603 ,
1774 , 1.732 , 0.000247 , 0 , -1.42 ,
1775 , 1.733 , 0.0002466 , 0 , 2.1 ,
1776 , 1.734 , 0.0002463 , 0 , 0.559 ,
1777 , 1.735 , 0.000246 , 0 , 1.16 ,
1778 , 1.736 , 0.0002456 , 0 , -2.97 ,
1779 , 1.737 , 0.0002453 , 0 , 2.62 ,
1780 , 1.738 , 0.0002449 , 0 , -1.25 ,
1781 , 1.739 , 0.0002446 , 0 , -0.42 ,
1782 , 1.74 , 0.0002443 , 0 , 1.12 ,
1783 , 1.741 , 0.0002439 , 0 , -0.879 ,
1784 , 1.742 , 0.0002436 , 0 , -0.268 ,
1785 , 1.743 , 0.0002432 , 0 , -0.255 ,
1786 , 1.744 , 0.0002429 , 0 , 0.238 ,
1787 , 1.745 , 0.0002426 , 0 , 0.362 ,
1788 , 1.746 , 0.0002422 , 0 , 0.0364 ,
1789 , 1.747 , 0.0002419 , 0 , 1.96 ,
1790 , 1.748 , 0.0002416 , 0 , 0.35 ,
1791 , 1.749 , 0.0002412 , 0 , 1.85 ,
1792 , 1.75 , 0.0002409 , 0 , 2.24 ,
1793 , 1.751 , 0.0002406 , 0 , -0.291 ,
1794 , 1.752 , 0.0002402 , 0 , 3 ,
1795 , 1.753 , 0.0002399 , 0 , 1.75 ,
1796 , 1.754 , 0.0002396 , 0 , -3.12 ,
1797 , 1.755 , 0.0002393 , 0 , -2.24 ,
1798 , 1.756 , 0.0002389 , 0 , 0.699 ,
1799 , 1.757 , 0.0002386 , 0 , -1.52 ,
1800 , 1.758 , 0.0002383 , 0 , -0.93 ,
1801 , 1.759 , 0.0002379 , 0 , -0.979 ,
1802 , 1.76 , 0.0002376 , 0 , -0.688 ,
1803 , 1.761 , 0.0002373 , 0 , 2.4 ,
1804 , 1.762 , 0.000237 , 0 , 2.79 ,
1805 , 1.763 , 0.0002366 , 0 , 0.638 ,
1806 , 1.764 , 0.0002363 , 0 , 1.42 ,
1807 , 1.765 , 0.000236 , 0 , -0.18 ,
1808 , 1.766 , 0.0002357 , 0 , 1.79 ,
1809 , 1.767 , 0.0002353 , 0 , -0.582 ,
1810 , 1.768 , 0.000235 , 0 , -0.688 ,
1811 , 1.769 , 0.0002347 , 0 , -0.487 ,
1812 , 1.77 , 0.0002344 , 0 , 0.981 ,
1813 , 1.771 , 0.0002341 , 0 , -0.756 ,
1814 , 1.771 , 0.0002337 , 0 , -2.31 ,
1815 , 1.772 , 0.0002334 , 0 , 1.32 ,
1816 , 1.773 , 0.0002331 , 0 , 2.17 ,
1817 , 1.774 , 0.0002328 , 0 , 1 ,
1818 , 1.775 , 0.0002325 , 0 , 2.79 ,
1819 , 1.776 , 0.0002322 , 0 , 0.526 ,
1820 , 1.777 , 0.0002318 , 0 , 1.04 ,
1821 , 1.778 , 0.0002315 , 0 , 1.24 ,
1822 , 1.779 , 0.0002312 , 0 , -1.94 ,
1823 , 1.78 , 0.0002309 , 0 , -2.68 ,
1824 , 1.781 , 0.0002306 , 0 , -0.796 ,
1825 , 1.782 , 0.0002303 , 0 , 1.54 ,
1826 , 1.783 , 0.00023 , 0 , -2.33 ,
1827 , 1.784 , 0.0002297 , 0 , 0.216 ,
1828 , 1.785 , 0.0002293 , 0 , -3.04 ,
1829 , 1.786 , 0.000229 , 0 , -0.859 ,
1830 , 1.787 , 0.0002287 , 0 , -0.0997 ,
1831 , 1.788 , 0.0002284 , 0 , 0.062 ,
1832 , 1.789 , 0.0002281 , 0 , 1.59 ,
1833 , 1.79 , 0.0002278 , 0 , 1.41 ,
1834 , 1.791 , 0.0002275 , 0 , 0.299 ,
1835 , 1.792 , 0.0002272 , 0 , 0.0639 ,
1836 , 1.793 , 0.0002269 , 0 , 3.08 ,
1837 , 1.794 , 0.0002266 , 0 , 0.286 ,
1838 , 1.795 , 0.0002263 , 0 , 1.75 ,
1839 , 1.796 , 0.000226 , 0 , -2.26 ,
1840 , 1.797 , 0.0002257 , 0 , 1.85 ,
1841 , 1.798 , 0.0002254 , 0 , 1.69 ,
1842 , 1.799 , 0.0002251 , 0 , -2.57 ,
1843 , 1.8 , 0.0002248 , 0 , 2.39 ,
1844 , 1.801 , 0.0002245 , 0 , -1.87 ,
1845 , 1.802 , 0.0002242 , 0 , 3.12 ,
1846 , 1.803 , 0.0002239 , 0 , -2.3 ,
1847 , 1.804 , 0.0002236 , 0 , 2.22 ,
1848 , 1.805 , 0.0002233 , 0 , 1.8 ,
1849 , 1.806 , 0.000223 , 0 , 0.837 ,
1850 , 1.807 , 0.0002227 , 0 , -0.395 ,
1851 , 1.808 , 0.0002224 , 0 , -1.23 ,
1852 , 1.809 , 0.0002221 , 0 , -0.389 ,
1853 , 1.81 , 0.0002218 , 0 , 1.16 ,
1854 , 1.811 , 0.0002215 , 0 , -0.42 ,
1855 , 1.812 , 0.0002212 , 0 , -0.404 ,
1856 , 1.813 , 0.0002209 , 0 , 1.78 ,
1857 , 1.813 , 0.0002206 , 0 , 1.73 ,
1858 , 1.814 , 0.0002203 , 0 , -2.82 ,
1859 , 1.815 , 0.00022 , 0 , 1.16 ,
1860 , 1.816 , 0.0002197 , 0 , 2.78 ,
1861 , 1.817 , 0.0002194 , 0 , 1.16 ,
1862 , 1.818 , 0.0002191 , 0 , -0.331 ,
1863 , 1.819 , 0.0002188 , 0 , 3.1 ,
1864 , 1.82 , 0.0002185 , 0 , -0.227 ,
1865 , 1.821 , 0.0002183 , 0 , -2.23 ,
1866 , 1.822 , 0.000218 , 0 , 3.04 ,
1867 , 1.823 , 0.0002177 , 0 , -0.203 ,
1868 , 1.824 , 0.0002174 , 0 , 0.9 ,
1869 , 1.825 , 0.0002171 , 0 , -2.31 ,
1870 , 1.826 , 0.0002168 , 0 , -2.12 ,
1871 , 1.827 , 0.0002165 , 0 , 2.73 ,
1872 , 1.828 , 0.0002162 , 0 , 0.373 ,
1873 , 1.829 , 0.000216 , 0 , 3.1 ,
1874 , 1.83 , 0.0002157 , 0 , 2.92 ,
1875 , 1.831 , 0.0002154 , 0 , -1.21 ,
1876 , 1.832 , 0.0002151 , 0 , 1.61 ,
1877 , 1.833 , 0.0002148 , 0 , 2.46 ,
1878 , 1.834 , 0.0002145 , 0 , 1.51 ,
1879 , 1.835 , 0.0002142 , 0 , -1.97 ,
1880 , 1.836 , 0.000214 , 0 , -0.0636 ,
1881 , 1.837 , 0.0002137 , 0 , 1.11 ,
1882 , 1.838 , 0.0002134 , 0 , -1.12 ,
1883 , 1.839 , 0.0002131 , 0 , 1.45 ,
1884 , 1.84 , 0.0002128 , 0 , 0.364 ,
1885 , 1.841 , 0.0002126 , 0 , 0.872 ,
1886 , 1.842 , 0.0002123 , 0 , -0.407 ,
1887 , 1.843 , 0.000212 , 0 , -0.7 ,
1888 , 1.844 , 0.0002117 , 0 , 1.82 ,
1889 , 1.845 , 0.0002115 , 0 , -0.328 ,
1890 , 1.846 , 0.0002112 , 0 , -0.943 ,
1891 , 1.847 , 0.0002109 , 0 , 2.73 ,
1892 , 1.848 , 0.0002106 , 0 , 2.94 ,
1893 , 1.849 , 0.0002103 , 0 , -2.33 ,
1894 , 1.85 , 0.0002101 , 0 , 0.993 ,
