"Wave Height"
"Channel 110, WAVE_HT " 
"01/01/95" "15:20:09"
"Frequency   2.1333 Hz" 
"m"
    1     .21853E+02  
    2     .22223E+02  
    3     .23100E+02  
    4     .23827E+02  
    5     .24367E+02  
    6     .24464E+02  
    7     .24895E+02  
    8     .25645E+02  
    9     .26450E+02  
   10     .27420E+02  
   11     .28420E+02  
   12     .29340E+02  
   13     .30451E+02  
   14     .31417E+02  
   15     .32178E+02  
   16     .32649E+02  
   17     .32468E+02  
   18     .32094E+02  
   19     .31362E+02  
   20     .30446E+02  
   21     .29150E+02  
   22     .27599E+02  
   23     .25734E+02  
   24     .23731E+02  
   25     .21637E+02  
   26     .19936E+02  
   27     .18922E+02  
   28     .17754E+02  
   29     .17948E+02  
   30     .19364E+02  
   31     .20670E+02  
   32     .21973E+02  
   33     .23166E+02  
   34     .24196E+02  
   35     .25364E+02  
   36     .26282E+02  
   37     .27046E+02  
   38     .27656E+02  
   39     .28190E+02  
   40     .28753E+02  
   41     .29268E+02  
   42     .29683E+02  
   43     .30281E+02  
   44     .30626E+02  
   45     .30789E+02  
   46     .30739E+02  
   47     .30563E+02  
   48     .30015E+02  
   49     .29437E+02  
   50     .28546E+02  
   51     .27713E+02  
   52     .26564E+02  
   53     .25552E+02  
   54     .24538E+02  
   55     .23700E+02  
   56     .22804E+02  
   57     .22146E+02  
   58     .21789E+02  
   59     .21749E+02  
   60     .21879E+02  
   61     .21681E+02  
   62     .21480E+02  
   63     .21740E+02  
   64     .22382E+02  
   65     .22907E+02  
   66     .23484E+02  
   67     .24231E+02  
   68     .25200E+02  
   69     .26312E+02  
   70     .27629E+02  
   71     .28388E+02  
   72     .28756E+02  
   73     .28836E+02  
   74     .28900E+02  
   75     .28862E+02  
   76     .29402E+02  
   77     .29933E+02  
   78     .30434E+02  
   79     .30552E+02  
   80     .30307E+02  
   81     .29719E+02  
   82     .28905E+02  
   83     .27443E+02  
   84     .25918E+02  
   85     .24907E+02  
   86     .24283E+02  
   87     .23919E+02  
   88     .23824E+02  
   89     .23903E+02  
   90     .23804E+02  
   91     .23567E+02  
   92     .23353E+02  
   93     .23073E+02  
   94     .22359E+02  
   95     .21502E+02  
   96     .21376E+02  
   97     .21876E+02  
   98     .22576E+02  
   99     .23441E+02  
  100     .24281E+02  
  101     .25252E+02  
  102     .26148E+02  
  103     .26817E+02  
  104     .27481E+02  
  105     .28089E+02  
  106     .28735E+02  
  107     .29222E+02  
  108     .29385E+02  
  109     .29245E+02  
  110     .29009E+02  
  111     .28583E+02  
  112     .28241E+02  
  113     .27955E+02  
  114     .27760E+02  
  115     .27682E+02  
  116     .27704E+02  
  117     .27687E+02  
  118     .27556E+02  
  119     .27219E+02  
  120     .26794E+02  
  121     .26335E+02  
  122     .25734E+02  
  123     .25051E+02  
  124     .23998E+02  
  125     .23125E+02  
  126     .22517E+02  
  127     .22046E+02  
  128     .21750E+02  
  129     .21634E+02  
  130     .21680E+02  
  131     .21711E+02  
  132     .22122E+02  
  133     .22945E+02  
  134     .24067E+02  
  135     .25325E+02  
  136     .26635E+02  
  137     .27863E+02  
  138     .28851E+02  
  139     .29663E+02  
  140     .29959E+02  
  141     .30017E+02  
  142     .29584E+02  
  143     .28751E+02  
  144     .27741E+02  
  145     .26616E+02  
  146     .25355E+02  
  147     .24674E+02  
  148     .24642E+02  
  149     .25096E+02  
  150     .25742E+02  
  151     .26345E+02  
  152     .26696E+02  
  153     .27099E+02  
  154     .27176E+02  
  155     .27153E+02  
  156     .27181E+02  
  157     .26938E+02  
  158     .26509E+02  
  159     .25970E+02  
  160     .25478E+02  
  161     .25121E+02  
  162     .24874E+02  
  163     .24243E+02  
  164     .23375E+02  
  165     .22458E+02  
  166     .21674E+02  
  167     .21206E+02  
  168     .21269E+02  
  169     .22522E+02  
  170     .23576E+02  
  171     .24558E+02  
  172     .25542E+02  
  173     .26455E+02  
  174     .27805E+02  
  175     .28754E+02  
  176     .29492E+02  
  177     .29830E+02  
  178     .29960E+02  
  179     .29830E+02  
  180     .29617E+02  
  181     .29092E+02  
  182     .28435E+02  
  183     .27874E+02  
  184     .27297E+02  
  185     .26728E+02  
  186     .26273E+02  
  187     .25667E+02  
  188     .25320E+02  
  189     .24992E+02  
  190     .24992E+02  
  191     .24998E+02  
  192     .24508E+02  
  193     .23659E+02  
  194     .22682E+02  
  195     .21609E+02  
  196     .20930E+02  
  197     .20796E+02  
  198     .21028E+02  
  199     .23125E+02  
  200     .25329E+02  
  201     .26914E+02  
  202     .28251E+02  
  203     .29382E+02  
  204     .30344E+02  
  205     .31095E+02  
  206     .31497E+02  
  207     .31192E+02  
  208     .30540E+02  
  209     .29377E+02  
  210     .27958E+02  
  211     .26297E+02  
  212     .24631E+02  
  213     .22979E+02  
  214     .21603E+02  
  215     .20802E+02  
  216     .20979E+02  
  217     .21530E+02  
  218     .22008E+02  
  219     .22375E+02  
  220     .22487E+02  
  221     .22803E+02  
  222     .23553E+02  
  223     .24870E+02  
  224     .26332E+02  
  225     .27653E+02  
  226     .28813E+02  
  227     .29660E+02  
  228     .30239E+02  
  229     .30500E+02  
  230     .30583E+02  
  231     .30170E+02  
  232     .29564E+02  
  233     .29193E+02  
  234     .28854E+02  
  235     .28437E+02  
  236     .27552E+02  
  237     .26204E+02  
  238     .24663E+02  
  239     .23419E+02  
  240     .22433E+02  
  241     .21747E+02  
  242     .21218E+02  
  243     .20936E+02  
  244     .20942E+02  
  245     .21390E+02  
  246     .21810E+02  
  247     .22479E+02  
  248     .23151E+02  
  249     .23913E+02  
  250     .24818E+02  
  251     .25799E+02  
  252     .26693E+02  
  253     .27813E+02  
  254     .28920E+02  
  255     .29768E+02  
  256     .30206E+02  
  257     .30414E+02  
  258     .30252E+02  
  259     .29640E+02  
  260     .29170E+02  
  261     .28943E+02  
  262     .28696E+02  
  263     .28475E+02  
  264     .28026E+02  
  265     .27283E+02  
  266     .26375E+02  
  267     .25272E+02  
  268     .24421E+02  
  269     .23866E+02  
  270     .23307E+02  
  271     .22741E+02  
  272     .22336E+02  
  273     .22215E+02  
  274     .22761E+02  
  275     .23711E+02  
  276     .24670E+02  
  277     .25216E+02  
  278     .25728E+02  
  279     .26139E+02  
  280     .26104E+02  
  281     .25748E+02  
  282     .25486E+02  
  283     .25461E+02  
  284     .25705E+02  
  285     .25848E+02  
  286     .25766E+02  
  287     .25667E+02  
  288     .25687E+02  
  289     .25668E+02  
  290     .25772E+02  
  291     .25921E+02  
  292     .26035E+02  
  293     .26349E+02  
  294     .26530E+02  
  295     .26774E+02  
  296     .26748E+02  
  297     .26737E+02  
  298     .26800E+02  
  299     .26924E+02  
  300     .27130E+02  
  301     .27205E+02  
  302     .27425E+02  
  303     .27960E+02  
  304     .28650E+02  
  305     .29011E+02  
  306     .29058E+02  
  307     .28662E+02  
  308     .27783E+02  
  309     .26793E+02  
  310     .25611E+02  
  311     .24292E+02  
  312     .22691E+02  
  313     .21594E+02  
  314     .21043E+02  
  315     .21315E+02  
  316     .22027E+02  
  317     .22373E+02  
  318     .22275E+02  
  319     .22551E+02  
  320     .23010E+02  
  321     .23478E+02  
  322     .24185E+02  
  323     .25236E+02  
  324     .26342E+02  
  325     .27239E+02  
  326     .28052E+02  
  327     .28449E+02  
  328     .28817E+02  
  329     .29003E+02  
  330     .29215E+02  
  331     .29196E+02  
  332     .29342E+02  
  333     .29491E+02  
  334     .29552E+02  
  335     .29380E+02  
  336     .28980E+02  
  337     .28382E+02  
  338     .27609E+02  
  339     .26391E+02  
  340     .25150E+02  
  341     .24159E+02  
  342     .23244E+02  
  343     .22481E+02  
  344     .22470E+02  
  345     .22378E+02  
  346     .22548E+02  
  347     .22909E+02  
  348     .22950E+02  
  349     .23407E+02  
  350     .24421E+02  
  351     .25351E+02  
  352     .25815E+02  
  353     .26151E+02  
  354     .26472E+02  
  355     .26740E+02  
  356     .26621E+02  
  357     .26250E+02  
  358     .26036E+02  
  359     .26127E+02  
  360     .26590E+02  
  361     .26747E+02  
  362     .26998E+02  
  363     .27288E+02  
  364     .27627E+02  
  365     .27764E+02  
  366     .27691E+02  
  367     .27537E+02  
  368     .27467E+02  
  369     .27122E+02  
  370     .26701E+02  
  371     .26386E+02  
  372     .25852E+02  
  373     .25030E+02  
  374     .24010E+02  
  375     .23330E+02  
  376     .23475E+02  
  377     .23867E+02  
  378     .24436E+02  
  379     .25259E+02  
  380     .25791E+02  
  381     .25935E+02  
  382     .25730E+02  
  383     .26026E+02  
  384     .26885E+02  
  385     .27848E+02  
  386     .28236E+02  
  387     .28087E+02  
  388     .27802E+02  
  389     .27434E+02  
  390     .27049E+02  
  391     .26302E+02  
  392     .25256E+02  
  393     .23849E+02  
  394     .22194E+02  
  395     .21149E+02  
  396     .21204E+02  
  397     .22011E+02  
  398     .23157E+02  
  399     .24309E+02  
  400     .24996E+02  
  401     .25837E+02  
  402     .26747E+02  
  403     .27926E+02  
  404     .28893E+02  
  405     .29640E+02  
  406     .30117E+02  
  407     .30049E+02  
  408     .29456E+02  
  409     .28692E+02  
  410     .28208E+02  
  411     .28116E+02  
  412     .28058E+02  
  413     .27917E+02  
  414     .27607E+02  
  415     .26951E+02  
  416     .26118E+02  
  417     .25206E+02  
  418     .24585E+02  
  419     .24097E+02  
  420     .23468E+02  
  421     .23033E+02  
  422     .22758E+02  
  423     .22663E+02  
  424     .23321E+02  
  425     .24308E+02  
  426     .24740E+02  
  427     .24861E+02  
  428     .24910E+02  
  429     .24778E+02  
  430     .24835E+02  
  431     .24953E+02  
  432     .24843E+02  
  433     .24674E+02  
  434     .24688E+02  
  435     .24967E+02  
  436     .25506E+02  
  437     .26053E+02  
  438     .26733E+02  
  439     .27167E+02  
  440     .27194E+02  
  441     .27535E+02  
  442     .27917E+02  
  443     .28291E+02  
  444     .28552E+02  
  445     .28819E+02  
  446     .28888E+02  
  447     .28753E+02  
  448     .28590E+02  
  449     .28520E+02  
  450     .28524E+02  
  451     .28417E+02  
  452     .28308E+02  
  453     .27899E+02  
  454     .27380E+02  
  455     .26661E+02  
  456     .25572E+02  
  457     .24099E+02  
  458     .22700E+02  
  459     .21243E+02  
  460     .20184E+02  
  461     .19436E+02  
  462     .19299E+02  
  463     .19206E+02  
  464     .19147E+02  
  465     .19305E+02  
  466     .20669E+02  
  467     .23186E+02  
  468     .25607E+02  
  469     .27785E+02  
  470     .29643E+02  
  471     .30940E+02  
  472     .31654E+02  
  473     .31819E+02  
  474     .31809E+02  
  475     .31508E+02  
  476     .30976E+02  
  477     .30385E+02  
  478     .29761E+02  
  479     .29124E+02  
  480     .28423E+02  
  481     .27635E+02  
  482     .26645E+02  
  483     .25800E+02  
  484     .25628E+02  
  485     .25484E+02  
  486     .25515E+02  
  487     .25421E+02  
  488     .25470E+02  
  489     .24831E+02  
  490     .23312E+02  
  491     .21629E+02  
  492     .20646E+02  
  493     .20509E+02  
  494     .20986E+02  
  495     .21497E+02  
  496     .22296E+02  
  497     .23516E+02  
  498     .24522E+02  
  499     .25591E+02  
  500     .26607E+02  
  501     .27147E+02  
  502     .26687E+02  
  503     .26230E+02  
  504     .26003E+02  
  505     .26317E+02  
  506     .26745E+02  
  507     .27359E+02  
  508     .27748E+02  
  509     .28216E+02  
  510     .28463E+02  
  511     .28607E+02  
  512     .28607E+02  
  513     .28465E+02  
  514     .28291E+02  
  515     .28043E+02  
  516     .27802E+02  
  517     .27458E+02  
  518     .27119E+02  
  519     .26978E+02  
  520     .27036E+02  
  521     .27250E+02  
  522     .27469E+02  
  523     .27579E+02  
  524     .27128E+02  
  525     .26362E+02  
  526     .25062E+02  
  527     .23395E+02  
  528     .22011E+02  
  529     .21149E+02  
  530     .20798E+02  
  531     .21137E+02  
  532     .21513E+02  
  533     .21623E+02  
  534     .22085E+02  
  535     .22548E+02  
  536     .23284E+02  
  537     .23996E+02  
  538     .24051E+02  
  539     .23824E+02  
  540     .23587E+02  
  541     .23976E+02  
  542     .25061E+02  
  543     .26288E+02  
  544     .27724E+02  
  545     .29012E+02  
  546     .30035E+02  
  547     .30965E+02  
  548     .31522E+02  
  549     .31872E+02  
  550     .32137E+02  
  551     .32191E+02  
  552     .32227E+02  
  553     .32430E+02  
  554     .32430E+02  
  555     .32149E+02  
  556     .31223E+02  
  557     .30020E+02  
  558     .28481E+02  
  559     .26730E+02  
  560     .24826E+02  
  561     .21419E+02  
  562     .12608E+02  
  563     .10390E+02  
  564     .74232E+01  
  565     .10105E+02  
  566     .11316E+02  
  567     .15081E+02  
  568     .18977E+02  
  569     .22036E+02  
  570     .24248E+02  
  571     .26602E+02  
  572     .28386E+02  
  573     .29983E+02  
  574     .31275E+02  
  575     .32359E+02  
  576     .32678E+02  
  577     .32839E+02  
  578     .33008E+02  
  579     .32655E+02  
  580     .31927E+02  
  581     .31057E+02  
  582     .30161E+02  
  583     .29146E+02  
  584     .28057E+02  
  585     .26912E+02  
  586     .26003E+02  
  587     .25012E+02  
  588     .24174E+02  
  589     .23353E+02  
  590     .22646E+02  
  591     .22036E+02  
  592     .21641E+02  
  593     .21776E+02  
  594     .22545E+02  
  595     .23146E+02  
  596     .24062E+02  
  597     .24913E+02  
  598     .25576E+02  
  599     .25963E+02  
  600     .26452E+02  
  601     .26937E+02  
  602     .27389E+02  
  603     .27782E+02  
  604     .28063E+02  
  605     .28386E+02  
  606     .28463E+02  
  607     .28546E+02  
  608     .28049E+02  
  609     .27138E+02  
  610     .26087E+02  
  611     .25186E+02  
  612     .24372E+02  
  613     .23424E+02  
  614     .22708E+02  
  615     .22358E+02  
  616     .22614E+02  
  617     .23028E+02  
  618     .23605E+02  
  619     .24061E+02  
  620     .24487E+02  
  621     .25220E+02  
  622     .26088E+02  
  623     .26648E+02  
  624     .27253E+02  
  625     .27529E+02  
  626     .27544E+02  
  627     .27642E+02  
  628     .27624E+02  
  629     .27668E+02  
  630     .27658E+02  
  631     .27796E+02  
  632     .27914E+02  
  633     .27981E+02  
  634     .27842E+02  
  635     .27538E+02  
  636     .27279E+02  
  637     .26829E+02  
  638     .26464E+02  
  639     .26153E+02  
  640     .26134E+02  
  641     .26147E+02  
  642     .26069E+02  
  643     .25921E+02  
  644     .25383E+02  
  645     .24502E+02  
  646     .23674E+02  
  647     .22975E+02  
  648     .22399E+02  
  649     .22343E+02  
  650     .22893E+02  
  651     .23870E+02  
  652     .25004E+02  
  653     .26141E+02  
  654     .26668E+02  
  655     .26906E+02  
  656     .26806E+02  
  657     .26314E+02  
  658     .25653E+02  
  659     .24969E+02  
  660     .24469E+02  
  661     .24100E+02  
  662     .24153E+02  
  663     .25167E+02  
  664     .26228E+02  
  665     .27064E+02  
  666     .27583E+02  
  667     .27952E+02  
  668     .28146E+02  
  669     .28245E+02  
  670     .28362E+02  
  671     .28462E+02  
  672     .28761E+02  
  673     .28718E+02  
  674     .28478E+02  
  675     .28202E+02  
  676     .27902E+02  
  677     .27478E+02  
  678     .26906E+02  
  679     .26124E+02  
  680     .25033E+02  
  681     .23959E+02  
  682     .22930E+02  
  683     .22002E+02  
  684     .21039E+02  
  685     .20433E+02  
  686     .20525E+02  
  687     .21195E+02  
  688     .21873E+02  
  689     .22947E+02  
  690     .23979E+02  
  691     .25527E+02  
  692     .27076E+02  
  693     .28498E+02  
  694     .29521E+02  
  695     .30318E+02  
  696     .30597E+02  
  697     .30729E+02  
  698     .30196E+02  
  699     .29465E+02  
  700     .28359E+02  
  701     .27170E+02  
  702     .25874E+02  
  703     .24982E+02  
  704     .24542E+02  
  705     .24851E+02  
  706     .25226E+02  
  707     .25490E+02  
  708     .25866E+02  
  709     .25650E+02  
  710     .25153E+02  
  711     .24682E+02  
  712     .24243E+02  
  713     .23956E+02  
  714     .23788E+02  
  715     .23729E+02  
  716     .24285E+02  
  717     .25041E+02  
  718     .25676E+02  
  719     .25938E+02  
  720     .25915E+02  
  721     .25667E+02  
  722     .25642E+02  
  723     .25670E+02  
  724     .25766E+02  
  725     .25872E+02  
  726     .26157E+02  
  727     .26432E+02  
  728     .26773E+02  
  729     .27084E+02  
  730     .27509E+02  
  731     .27602E+02  
  732     .27461E+02  
  733     .27316E+02  
  734     .26918E+02  
  735     .26507E+02  
  736     .26187E+02  
  737     .25926E+02  
  738     .25461E+02  
  739     .25075E+02  
  740     .24933E+02  
  741     .24860E+02  
  742     .25041E+02  
  743     .25417E+02  
  744     .26027E+02  
  745     .26443E+02  
  746     .26470E+02  
  747     .26076E+02  
  748     .25545E+02  
  749     .25137E+02  
  750     .24840E+02  
  751     .24582E+02  
  752     .24300E+02  
  753     .24255E+02  
  754     .24478E+02  
  755     .24867E+02  
  756     .24989E+02  
  757     .25147E+02  
  758     .25412E+02  
  759     .25944E+02  
  760     .26579E+02  
  761     .27297E+02  
  762     .27785E+02  
  763     .27846E+02  
  764     .27644E+02  
  765     .27170E+02  
  766     .26803E+02  
  767     .26676E+02  
  768     .26639E+02  
  769     .26757E+02  
  770     .26687E+02  
  771     .26372E+02  
  772     .26038E+02  
  773     .25707E+02  
  774     .25846E+02  
  775     .26161E+02  
  776     .26216E+02  
  777     .26185E+02  
  778     .26070E+02  
  779     .25723E+02  
  780     .25337E+02  
  781     .24867E+02  
  782     .24739E+02  
  783     .25104E+02  
  784     .25556E+02  
  785     .26116E+02  
  786     .26561E+02  
  787     .26616E+02  
  788     .26173E+02  
  789     .25590E+02  
  790     .24748E+02  
  791     .23551E+02  
  792     .22543E+02  
  793     .21987E+02  
  794     .21938E+02  
  795     .22473E+02  
  796     .23496E+02  
  797     .24716E+02  
  798     .26033E+02  
  799     .27006E+02  
  800     .27429E+02  
  801     .27474E+02  
  802     .26987E+02  
  803     .26427E+02  
  804     .26363E+02  
  805     .26935E+02  
  806     .27980E+02  
  807     .29083E+02  
  808     .29923E+02  
  809     .30486E+02  
  810     .30634E+02  
  811     .30351E+02  
  812     .29632E+02  
  813     .28733E+02  
  814     .27653E+02  
  815     .26713E+02  
  816     .25593E+02  
  817     .24223E+02  
  818     .22941E+02  
  819     .22085E+02  
  820     .21781E+02  
  821     .21793E+02  
  822     .21546E+02  
  823     .21052E+02  
  824     .20654E+02  
  825     .20787E+02  
  826     .21953E+02  
  827     .23794E+02  
  828     .25275E+02  
  829     .26276E+02  
  830     .26776E+02  
  831     .27128E+02  
  832     .27555E+02  
  833     .27681E+02  
  834     .27593E+02  
  835     .27627E+02  
  836     .27714E+02  
  837     .27675E+02  
  838     .27830E+02  
  839     .27951E+02  
  840     .27862E+02  
  841     .27865E+02  
  842     .27814E+02  
  843     .28086E+02  
  844     .28575E+02  
  845     .28514E+02  
  846     .27848E+02  
  847     .26817E+02  
  848     .26024E+02  
  849     .25455E+02  
  850     .25061E+02  
  851     .24742E+02  
  852     .24415E+02  
  853     .23884E+02  
  854     .23484E+02  
  855     .23355E+02  
  856     .23360E+02  
  857     .23613E+02  
  858     .23907E+02  
  859     .24634E+02  
  860     .25901E+02  
  861     .27184E+02  
  862     .27771E+02  
  863     .27859E+02  
  864     .27576E+02  
  865     .27092E+02  
  866     .26578E+02  
  867     .25774E+02  
  868     .24887E+02  
  869     .23863E+02  
  870     .22761E+02  
  871     .22533E+02  
  872     .22993E+02  
  873     .23619E+02  
  874     .24162E+02  
  875     .24473E+02  
  876     .24754E+02  
  877     .25234E+02  
  878     .25941E+02  
  879     .26754E+02  
  880     .27541E+02  
  881     .28029E+02  
  882     .28112E+02  
  883     .27820E+02  
  884     .27564E+02  
  885     .27751E+02  
  886     .28334E+02  
  887     .28988E+02  
  888     .29483E+02  
  889     .29926E+02  
  890     .30193E+02  
  891     .30342E+02  
  892     .29848E+02  
  893     .28616E+02  
  894     .27144E+02  
  895     .25837E+02  
  896     .24920E+02  
  897     .24122E+02  
  898     .23050E+02  
  899     .22286E+02  
  900     .21054E+02  
  901     .20078E+02  
  902     .19529E+02  
  903     .19235E+02  
  904     .19618E+02  
  905     .20394E+02  
  906     .21264E+02  
  907     .22433E+02  
  908     .23304E+02  
  909     .24065E+02  
  910     .24956E+02  
  911     .26153E+02  
  912     .27698E+02  
  913     .29393E+02  
  914     .30756E+02  
  915     .31572E+02  
  916     .32059E+02  
  917     .32074E+02  
  918     .31875E+02  
  919     .31462E+02  
  920     .30841E+02  
  921     .30368E+02  
  922     .29831E+02  
  923     .29120E+02  
  924     .28104E+02  
  925     .26766E+02  
  926     .25225E+02  
  927     .24071E+02  
  928     .23304E+02  
  929     .22930E+02  
  930     .22778E+02  
  931     .22639E+02  
  932     .22527E+02  
  933     .22573E+02  
  934     .22568E+02  
  935     .22588E+02  
  936     .22660E+02  
  937     .23208E+02  
  938     .24519E+02  
  939     .26121E+02  
  940     .27360E+02  
  941     .28032E+02  
  942     .28285E+02  
  943     .28218E+02  
  944     .27760E+02  
  945     .27069E+02  
  946     .26220E+02  
  947     .24775E+02  
  948     .23459E+02  
  949     .22577E+02  
  950     .22212E+02  
  951     .22307E+02  
  952     .22565E+02  
  953     .23010E+02  
  954     .23794E+02  
  955     .25004E+02  
  956     .26362E+02  
  957     .27644E+02  
  958     .28432E+02  
  959     .28960E+02  
  960     .29699E+02  
  961     .30345E+02  
  962     .30838E+02  
  963     .31209E+02  
  964     .31019E+02  
  965     .30701E+02  
  966     .30091E+02  
  967     .29436E+02  
  968     .28753E+02  
  969     .27905E+02  
  970     .27061E+02  
  971     .25998E+02  
  972     .24656E+02  
  973     .23522E+02  
  974     .22188E+02  
  975     .20600E+02  
  976     .18704E+02  
  977     .18643E+02  
  978     .19453E+02  
  979     .20210E+02  
  980     .20870E+02  
  981     .21669E+02  
  982     .22724E+02  
  983     .24047E+02  
  984     .25426E+02  
  985     .26839E+02  
  986     .27991E+02  
  987     .29003E+02  
  988     .29903E+02  
  989     .30465E+02  
  990     .30681E+02  
  991     .30824E+02  
  992     .31063E+02  
  993     .31203E+02  
  994     .30971E+02  
  995     .30094E+02  
  996     .28811E+02  
  997     .27248E+02  
  998     .25568E+02  
  999     .24113E+02  
 1000     .22048E+02  
 1001     .21813E+02  
 1002     .22826E+02  
 1003     .23898E+02  
 1004     .24889E+02  
 1005     .25381E+02  
 1006     .25929E+02  
 1007     .25995E+02  
 1008     .25792E+02  
 1009     .25145E+02  
 1010     .24647E+02  
 1011     .24538E+02  
 1012     .24565E+02  
 1013     .24432E+02  
 1014     .24386E+02  
 1015     .24472E+02  
 1016     .24574E+02  
 1017     .24426E+02  
 1018     .24642E+02  
 1019     .25113E+02  
 1020     .25892E+02  
 1021     .26575E+02  
 1022     .27162E+02  
 1023     .27722E+02  
 1024     .28133E+02  
 1025     .28250E+02  
 1026     .28090E+02  
 1027     .27695E+02  
 1028     .27148E+02  
 1029     .26760E+02  
 1030     .26536E+02  
 1031     .26615E+02  
 1032     .26774E+02  
 1033     .26569E+02  
 1034     .26150E+02  
 1035     .25627E+02  
 1036     .25329E+02  
 1037     .25272E+02  
 1038     .25162E+02  
 1039     .25165E+02  
 1040     .25219E+02  
 1041     .25147E+02  
 1042     .24778E+02  
 1043     .23949E+02  
 1044     .22634E+02  
 1045     .21201E+02  
 1046     .20921E+02  
 1047     .21746E+02  
 1048     .22918E+02  
 1049     .24036E+02  
 1050     .25348E+02  
 1051     .26558E+02  
 1052     .27684E+02  
 1053     .28830E+02  
 1054     .29810E+02  
 1055     .30595E+02  
 1056     .31100E+02  
 1057     .31258E+02  
 1058     .30980E+02  
 1059     .30586E+02  
 1060     .30041E+02  
 1061     .29202E+02  
 1062     .28202E+02  
 1063     .26917E+02  
 1064     .25492E+02  
 1065     .23872E+02  
 1066     .22408E+02  
 1067     .21355E+02  
 1068     .20387E+02  
 1069     .20146E+02  
 1070     .21181E+02  
 1071     .22111E+02  
 1072     .23129E+02  
 1073     .24010E+02  
 1074     .24585E+02  
 1075     .24940E+02  
 1076     .25260E+02  
 1077     .25341E+02  
 1078     .25608E+02  
 1079     .25917E+02  
 1080     .26082E+02  
 1081     .26070E+02  
 1082     .26481E+02  
 1083     .27156E+02  
 1084     .27774E+02  
 1085     .28319E+02  
 1086     .28738E+02  
 1087     .28853E+02  
 1088     .29069E+02  
 1089     .29428E+02  
 1090     .29601E+02  
 1091     .29508E+02  
 1092     .29248E+02  
 1093     .28850E+02  
 1094     .28227E+02  
 1095     .27273E+02  
 1096     .26239E+02  
 1097     .25171E+02  
 1098     .23723E+02  
 1099     .22313E+02  
 1100     .21157E+02  
 1101     .20825E+02  
 1102     .20959E+02  
 1103     .21418E+02  
 1104     .22115E+02  
 1105     .23264E+02  
 1106     .24987E+02  
 1107     .26082E+02  
 1108     .26572E+02  
 1109     .26622E+02  
 1110     .26536E+02  
 1111     .26237E+02  
 1112     .26015E+02  
 1113     .25806E+02  
 1114     .25651E+02  
 1115     .25703E+02  
 1116     .25921E+02  
 1117     .26254E+02  
 1118     .26656E+02  
 1119     .27118E+02  
 1120     .27521E+02  
 1121     .27905E+02  
 1122     .28291E+02  
 1123     .28501E+02  
 1124     .28592E+02  
 1125     .28531E+02  
 1126     .28540E+02  
 1127     .28503E+02  
 1128     .28400E+02  
 1129     .27905E+02  
 1130     .27064E+02  
 1131     .25904E+02  
 1132     .24877E+02  
 1133     .23999E+02  
 1134     .23481E+02  
 1135     .23240E+02  
 1136     .22847E+02  
 1137     .22465E+02  
 1138     .22157E+02  
 1139     .22454E+02  
 1140     .23246E+02  
 1141     .23817E+02  
 1142     .24202E+02  
 1143     .24943E+02  
 1144     .26035E+02  
 1145     .26774E+02  
 1146     .27216E+02  
 1147     .27425E+02  
 1148     .27466E+02  
 1149     .27098E+02  
 1150     .26684E+02  
 1151     .26039E+02  
 1152     .25575E+02  
 1153     .25157E+02  
 1154     .25193E+02  
 1155     .25470E+02  
 1156     .26154E+02  
 1157     .26938E+02  
 1158     .27607E+02  
 1159     .28041E+02  
 1160     .28293E+02  
 1161     .28122E+02  
 1162     .27621E+02  
 1163     .26782E+02  
 1164     .26449E+02  
 1165     .26618E+02  
 1166     .26722E+02  
 1167     .26727E+02  
 1168     .26773E+02  
 1169     .26773E+02  
 1170     .26618E+02  
 1171     .26450E+02  
 1172     .26199E+02  
 1173     .26056E+02  
 1174     .25427E+02  
 1175     .24504E+02  
 1176     .23574E+02  
 1177     .22830E+02  
 1178     .21899E+02  
 1179     .21749E+02  
 1180     .21853E+02  
 1181     .22215E+02  
 1182     .22889E+02  
 1183     .23152E+02  
 1184     .23422E+02  
 1185     .23815E+02  
 1186     .24335E+02  
 1187     .25085E+02  
 1188     .25753E+02  
 1189     .26423E+02  
 1190     .26974E+02  
 1191     .28089E+02  
 1192     .29739E+02  
 1193     .31402E+02  
 1194     .32399E+02  
 1195     .32974E+02  
 1196     .33024E+02  
 1197     .32459E+02  
 1198     .31293E+02  
 1199     .30106E+02  
 1200     .28790E+02  
 1201     .27665E+02  
 1202     .26136E+02  
 1203     .24338E+02  
 1204     .22637E+02  
 1205     .21505E+02  
 1206     .20721E+02  
 1207     .20672E+02  
 1208     .21503E+02  
 1209     .21990E+02  
 1210     .22162E+02  
 1211     .22298E+02  
 1212     .22484E+02  
 1213     .22556E+02  
 1214     .22249E+02  
 1215     .21925E+02  
 1216     .22034E+02  
 1217     .22674E+02  
 1218     .23174E+02  
 1219     .24174E+02  
 1220     .25463E+02  
 1221     .26983E+02  
 1222     .28506E+02  
 1223     .29864E+02  
 1224     .30770E+02  
 1225     .31600E+02  
 1226     .32063E+02  
 1227     .32160E+02  
 1228     .32118E+02  
 1229     .31726E+02  
 1230     .30956E+02  
 1231     .29994E+02  
 1232     .29067E+02  
 1233     .28126E+02  
 1234     .27236E+02  
 1235     .26490E+02  
 1236     .25618E+02  
 1237     .24481E+02  
 1238     .23472E+02  
 1239     .22599E+02  
 1240     .21842E+02  
 1241     .21355E+02  
 1242     .20531E+02  
 1243     .19859E+02  
 1244     .19925E+02  
 1245     .20338E+02  
 1246     .21114E+02  
 1247     .21961E+02  
 1248     .23050E+02  
 1249     .24470E+02  
 1250     .25772E+02  
 1251     .26995E+02  
 1252     .27888E+02  
 1253     .28460E+02  
 1254     .29161E+02  
 1255     .30022E+02  
 1256     .30802E+02  
 1257     .31394E+02  
 1258     .31695E+02  
 1259     .31365E+02  
 1260     .30646E+02  
 1261     .29729E+02  
 1262     .28756E+02  
 1263     .27753E+02  
 1264     .26625E+02  
 1265     .25595E+02  
 1266     .24570E+02  
 1267     .24140E+02  
 1268     .24044E+02  
 1269     .24074E+02  
 1270     .23599E+02  
 1271     .22717E+02  
 1272     .21646E+02  
 1273     .20776E+02  
 1274     .20770E+02  
 1275     .21442E+02  
 1276     .22103E+02  
 1277     .22873E+02  
 1278     .23798E+02  
 1279     .24963E+02  
 1280     .26496E+02  
 1281     .27814E+02  
 1282     .29012E+02  
 1283     .29905E+02  
 1284     .30276E+02  
 1285     .30180E+02  
 1286     .29871E+02  
 1287     .29092E+02  
 1288     .27961E+02  
 1289     .26877E+02  
 1290     .26210E+02  
 1291     .25892E+02  
 1292     .25687E+02  
 1293     .25423E+02  
 1294     .24857E+02  
 1295     .24326E+02  
 1296     .24104E+02  
 1297     .24011E+02  
 1298     .24004E+02  
 1299     .24142E+02  
 1300     .24271E+02  
 1301     .24691E+02  
 1302     .25125E+02  
 1303     .25624E+02  
 1304     .26148E+02  
 1305     .26754E+02  
 1306     .27268E+02  
 1307     .27510E+02  
 1308     .27389E+02  
 1309     .27158E+02  
 1310     .26981E+02  
 1311     .26855E+02  
 1312     .26720E+02  
 1313     .26529E+02  
 1314     .25987E+02  
 1315     .25387E+02  
 1316     .24832E+02  
 1317     .24716E+02  
 1318     .24439E+02  
 1319     .24007E+02  
 1320     .23852E+02  
 1321     .23930E+02  
 1322     .24551E+02  
 1323     .25196E+02  
 1324     .25315E+02  
 1325     .25343E+02  
 1326     .25579E+02  
 1327     .25917E+02  
 1328     .26412E+02  
 1329     .26828E+02  
 1330     .27201E+02  
 1331     .27449E+02  
 1332     .27854E+02  
 1333     .27991E+02  
 1334     .28092E+02  
 1335     .27915E+02  
 1336     .27629E+02  
 1337     .27064E+02  
 1338     .26539E+02  
 1339     .26013E+02  
 1340     .25501E+02  
 1341     .24959E+02  
 1342     .24410E+02  
 1343     .23998E+02  
 1344     .24369E+02  
 1345     .24714E+02  
 1346     .25091E+02  
 1347     .25507E+02  
 1348     .26391E+02  
 1349     .27320E+02  
 1350     .27900E+02  
 1351     .27923E+02  
 1352     .27625E+02  
 1353     .27161E+02  
 1354     .26490E+02  
 1355     .25616E+02  
 1356     .24559E+02  
 1357     .23542E+02  
 1358     .22556E+02  
 1359     .22045E+02  
 1360     .21526E+02  
 1361     .20713E+02  
 1362     .20798E+02  
 1363     .21533E+02  
 1364     .22655E+02  
 1365     .24197E+02  
 1366     .26061E+02  
 1367     .27696E+02  
 1368     .28728E+02  
 1369     .29425E+02  
 1370     .29735E+02  
 1371     .29977E+02  
 1372     .30080E+02  
 1373     .30075E+02  
 1374     .30003E+02  
 1375     .29928E+02  
 1376     .29801E+02  
 1377     .29543E+02  
 1378     .29285E+02  
 1379     .28963E+02  
 1380     .28357E+02  
 1381     .27724E+02  
 1382     .26926E+02  
 1383     .25937E+02  
 1384     .25122E+02  
 1385     .24125E+02  
 1386     .22424E+02  
 1387     .20542E+02  
 1388     .18535E+02  
 1389     .17940E+02  
 1390     .17825E+02  
 1391     .19328E+02  
 1392     .21048E+02  
 1393     .22505E+02  
 1394     .23630E+02  
 1395     .24691E+02  
 1396     .25716E+02  
 1397     .27265E+02  
 1398     .28710E+02  
 1399     .29790E+02  
 1400     .30364E+02  
 1401     .30753E+02  
 1402     .31312E+02  
 1403     .31551E+02  
 1404     .31410E+02  
 1405     .31296E+02  
 1406     .30917E+02  
 1407     .30037E+02  
 1408     .28925E+02  
 1409     .27435E+02  
 1410     .26144E+02  
 1411     .24775E+02  
 1412     .23452E+02  
 1413     .22385E+02  
 1414     .21824E+02  
 1415     .21714E+02  
 1416     .22925E+02  
 1417     .23846E+02  
 1418     .24338E+02  
 1419     .24462E+02  
 1420     .24536E+02  
 1421     .25019E+02  
 1422     .25980E+02  
 1423     .26383E+02  
 1424     .26865E+02  
 1425     .27145E+02  
 1426     .27225E+02  
 1427     .27082E+02  
 1428     .26601E+02  
 1429     .25667E+02  
 1430     .24714E+02  
 1431     .23922E+02  
 1432     .23487E+02  
 1433     .23738E+02  
 1434     .24196E+02  
 1435     .25047E+02  
 1436     .25904E+02  
 1437     .26745E+02  
 1438     .27386E+02  
 1439     .27941E+02  
 1440     .28253E+02  
 1441     .28304E+02  
 1442     .27894E+02  
 1443     .27125E+02  
 1444     .26121E+02  
 1445     .25265E+02  
 1446     .24426E+02  
 1447     .24090E+02  
 1448     .24252E+02  
 1449     .24712E+02  
 1450     .25056E+02  
 1451     .25756E+02  
 1452     .26484E+02  
 1453     .26710E+02  
 1454     .27003E+02  
 1455     .27448E+02  
 1456     .27928E+02  
 1457     .28511E+02  
 1458     .28868E+02  
 1459     .28854E+02  
 1460     .28636E+02  
 1461     .28216E+02  
 1462     .27575E+02  
 1463     .26331E+02  
 1464     .24987E+02  
 1465     .23936E+02  
 1466     .23375E+02  
 1467     .23436E+02  
 1468     .23749E+02  
 1469     .23899E+02  
 1470     .23849E+02  
 1471     .23300E+02  
 1472     .22683E+02  
 1473     .22464E+02  
 1474     .22369E+02  
 1475     .22703E+02  
 1476     .23314E+02  
 1477     .24004E+02  
 1478     .24760E+02  
 1479     .25420E+02  
 1480     .25843E+02  
 1481     .26533E+02  
 1482     .27498E+02  
 1483     .28380E+02  
 1484     .29347E+02  
 1485     .30192E+02  
 1486     .30692E+02  
 1487     .30882E+02  
 1488     .30755E+02  
 1489     .30376E+02  
 1490     .29813E+02  
 1491     .29328E+02  
 1492     .28722E+02  
 1493     .27975E+02  
 1494     .27079E+02  
 1495     .26162E+02  
 1496     .25202E+02  
 1497     .24393E+02  
 1498     .23751E+02  
 1499     .23300E+02  
 1500     .22881E+02  
 1501     .22405E+02  
 1502     .21680E+02  
 1503     .21324E+02  
 1504     .21218E+02  
 1505     .21712E+02  
 1506     .22708E+02  
 1507     .23972E+02  
 1508     .25237E+02  
 1509     .26533E+02  
 1510     .27549E+02  
 1511     .28400E+02  
 1512     .28761E+02  
 1513     .28770E+02  
 1514     .28314E+02  
 1515     .27576E+02  
 1516     .26983E+02  
 1517     .26684E+02  
 1518     .26234E+02  
 1519     .26145E+02  
 1520     .26133E+02  
 1521     .26523E+02  
 1522     .26636E+02  
 1523     .26944E+02  
 1524     .27642E+02  
 1525     .28130E+02  
 1526     .28251E+02  
 1527     .28055E+02  
 1528     .27529E+02  
 1529     .26691E+02  
 1530     .25559E+02  
 1531     .24403E+02  
 1532     .23453E+02  
 1533     .22602E+02  
 1534     .21994E+02  
 1535     .21724E+02  
 1536     .21807E+02  
 1537     .22453E+02  
 1538     .23643E+02  
 1539     .24545E+02  
 1540     .25275E+02  
 1541     .25912E+02  
 1542     .26765E+02  
 1543     .27530E+02  
 1544     .28234E+02  
 1545     .28538E+02  
 1546     .28586E+02  
 1547     .28350E+02  
 1548     .27917E+02  
 1549     .27589E+02  
 1550     .27159E+02  
 1551     .26694E+02  
 1552     .26242E+02  
 1553     .25929E+02  
 1554     .25832E+02  
 1555     .25725E+02  
 1556     .25479E+02  
 1557     .25357E+02  
 1558     .25352E+02  
 1559     .25398E+02  
 1560     .25601E+02  
 1561     .25680E+02  
 1562     .25835E+02  
 1563     .26009E+02  
 1564     .26251E+02  
 1565     .26579E+02  
 1566     .26768E+02  
 1567     .26762E+02  
 1568     .26774E+02  
 1569     .26587E+02  
 1570     .26055E+02  
 1571     .25634E+02  
 1572     .24921E+02  
 1573     .24268E+02  
 1574     .23628E+02  
 1575     .23037E+02  
 1576     .22504E+02  
 1577     .21694E+02  
 1578     .21258E+02  
 1579     .21592E+02  
 1580     .22703E+02  
 1581     .24536E+02  
 1582     .26383E+02  
 1583     .27929E+02  
 1584     .29106E+02  
 1585     .29472E+02  
 1586     .29301E+02  
 1587     .28989E+02  
 1588     .28342E+02  
 1589     .27859E+02  
 1590     .27630E+02  
 1591     .27719E+02  
 1592     .27905E+02  
 1593     .28035E+02  
 1594     .28184E+02  
 1595     .28419E+02  
 1596     .28538E+02  
 1597     .28488E+02  
 1598     .28434E+02  
 1599     .28098E+02  
 1600     .27635E+02  
 1601     .26954E+02  
 1602     .26199E+02  
 1603     .24933E+02  
 1604     .23525E+02  
 1605     .21878E+02  
 1606     .20094E+02  
 1607     .18753E+02  
 1608     .18994E+02  
 1609     .19044E+02  
 1610     .20344E+02  
 1611     .21803E+02  
 1612     .23304E+02  
 1613     .24582E+02  
 1614     .25834E+02  
 1615     .26863E+02  
 1616     .27920E+02  
 1617     .28736E+02  
 1618     .29041E+02  
 1619     .29156E+02  
 1620     .29158E+02  
 1621     .29156E+02  
 1622     .29255E+02  
 1623     .29414E+02  
 1624     .29567E+02  
 1625     .29744E+02  
 1626     .29887E+02  
 1627     .29776E+02  
 1628     .29468E+02  
 1629     .28768E+02  
 1630     .27874E+02  
 1631     .26734E+02  
 1632     .25369E+02  
 1633     .24269E+02  
 1634     .22899E+02  
 1635     .21511E+02  
 1636     .20907E+02  
 1637     .20982E+02  
 1638     .21525E+02  
 1639     .21907E+02  
 1640     .22227E+02  
 1641     .22800E+02  
 1642     .23630E+02  
 1643     .24897E+02  
 1644     .26311E+02  
 1645     .27656E+02  
 1646     .28362E+02  
 1647     .28521E+02  
 1648     .28254E+02  
 1649     .27667E+02  
 1650     .26975E+02  
 1651     .26222E+02  
 1652     .25547E+02  
 1653     .25073E+02  
 1654     .24918E+02  
 1655     .24953E+02  
 1656     .25145E+02  
 1657     .25604E+02  
 1658     .26236E+02  
 1659     .26931E+02  
 1660     .27595E+02  
 1661     .27951E+02  
 1662     .28081E+02  
 1663     .27848E+02  
 1664     .27349E+02  
 1665     .26627E+02  
 1666     .25930E+02  
 1667     .25506E+02  
 1668     .25475E+02  
 1669     .25558E+02  
 1670     .25605E+02  
 1671     .25607E+02  
 1672     .25590E+02  
 1673     .25588E+02  
 1674     .25877E+02  
 1675     .26375E+02  
 1676     .26593E+02  
 1677     .26403E+02  
 1678     .25740E+02  
 1679     .25085E+02  
 1680     .24602E+02  
 1681     .24202E+02  
 1682     .23731E+02  
 1683     .23631E+02  
 1684     .24007E+02  
 1685     .24495E+02  
 1686     .25002E+02  
 1687     .25512E+02  
 1688     .25667E+02  
 1689     .25243E+02  
 1690     .24694E+02  
 1691     .24169E+02  
 1692     .24146E+02  
 1693     .24886E+02  
 1694     .25863E+02  
 1695     .26874E+02  
 1696     .27714E+02  
 1697     .28435E+02  
 1698     .28847E+02  
 1699     .29166E+02  
 1700     .29386E+02  
 1701     .29632E+02  
 1702     .29663E+02  
 1703     .29563E+02  
 1704     .29264E+02  
 1705     .28724E+02  
 1706     .28231E+02  
 1707     .27487E+02  
 1708     .26315E+02  
 1709     .24993E+02  
 1710     .23025E+02  
 1711     .20284E+02  
 1712     .17294E+02  
 1713     .17839E+02  
 1714     .19393E+02  
 1715     .21368E+02  
 1716     .22961E+02  
 1717     .24832E+02  
 1718     .26667E+02  
 1719     .28173E+02  
 1720     .29368E+02  
 1721     .29885E+02  
 1722     .30304E+02  
 1723     .30604E+02  
 1724     .30551E+02  
 1725     .30218E+02  
 1726     .29397E+02  
 1727     .28182E+02  
 1728     .27099E+02  
 1729     .26159E+02  
 1730     .25797E+02  
 1731     .25354E+02  
 1732     .24736E+02  
 1733     .24088E+02  
 1734     .23757E+02  
 1735     .23840E+02  
 1736     .23872E+02  
 1737     .23537E+02  
 1738     .23229E+02  
 1739     .23119E+02  
 1740     .23126E+02  
 1741     .23855E+02  
 1742     .24564E+02  
 1743     .25091E+02  
 1744     .25719E+02  
 1745     .26380E+02  
 1746     .26935E+02  
 1747     .27328E+02  
 1748     .27379E+02  
 1749     .27343E+02  
 1750     .27352E+02  
 1751     .27599E+02  
 1752     .27943E+02  
 1753     .28304E+02  
 1754     .28477E+02  
 1755     .28327E+02  
 1756     .27656E+02  
 1757     .26625E+02  
 1758     .25314E+02  
 1759     .24174E+02  
 1760     .23564E+02  
 1761     .23484E+02  
 1762     .23798E+02  
 1763     .24102E+02  
 1764     .24364E+02  
 1765     .24533E+02  
 1766     .24940E+02  
 1767     .25559E+02  
 1768     .26257E+02  
 1769     .26622E+02  
 1770     .26866E+02  
 1771     .26957E+02  
 1772     .27056E+02  
 1773     .27053E+02  
 1774     .27027E+02  
 1775     .26911E+02  
 1776     .26826E+02  
 1777     .26593E+02  
 1778     .26299E+02  
 1779     .25737E+02  
 1780     .25168E+02  
 1781     .24582E+02  
 1782     .24389E+02  
 1783     .24593E+02  
 1784     .25004E+02  
 1785     .25478E+02  
 1786     .26131E+02  
 1787     .26520E+02  
 1788     .26730E+02  
 1789     .26532E+02  
 1790     .26177E+02  
 1791     .25861E+02  
 1792     .25717E+02  
 1793     .25676E+02  
 1794     .25576E+02  
 1795     .25415E+02  
 1796     .25229E+02  
 1797     .25079E+02  
 1798     .24772E+02  
 1799     .24611E+02  
 1800     .24347E+02  
 1801     .24189E+02  
 1802     .24360E+02  
 1803     .25145E+02  
 1804     .26110E+02  
 1805     .27033E+02  
 1806     .27817E+02  
 1807     .28778E+02  
 1808     .29741E+02  
 1809     .30405E+02  
 1810     .30397E+02  
 1811     .29974E+02  
 1812     .29248E+02  
 1813     .28437E+02  
 1814     .27622E+02  
 1815     .26940E+02  
 1816     .26021E+02  
 1817     .24651E+02  
 1818     .23117E+02  
 1819     .22045E+02  
 1820     .21470E+02  
 1821     .21399E+02  
 1822     .21410E+02  
 1823     .21161E+02  
 1824     .21151E+02  
 1825     .21338E+02  
 1826     .22471E+02  
 1827     .23895E+02  
 1828     .25087E+02  
 1829     .25938E+02  
 1830     .26855E+02  
 1831     .27612E+02  
 1832     .28371E+02  
 1833     .28860E+02  
 1834     .29304E+02  
 1835     .29595E+02  
 1836     .29601E+02  
 1837     .29506E+02  
 1838     .29322E+02  
 1839     .29084E+02  
 1840     .28586E+02  
 1841     .27756E+02  
 1842     .26770E+02  
 1843     .25872E+02  
 1844     .25443E+02  
 1845     .25070E+02  
 1846     .24731E+02  
 1847     .24561E+02  
 1848     .24726E+02  
 1849     .25050E+02  
 1850     .25340E+02  
 1851     .25254E+02  
 1852     .24970E+02  
 1853     .24863E+02  
 1854     .24855E+02  
 1855     .25098E+02  
 1856     .25512E+02  
 1857     .25481E+02  
 1858     .25256E+02  
 1859     .25228E+02  
 1860     .25277E+02  
 1861     .25228E+02  
 1862     .25139E+02  
 1863     .24884E+02  
 1864     .24456E+02  
 1865     .24260E+02  
 1866     .24625E+02  
 1867     .25225E+02  
 1868     .25736E+02  
 1869     .26483E+02  
 1870     .27153E+02  
 1871     .27791E+02  
 1872     .27903E+02  
 1873     .27497E+02  
 1874     .26832E+02  
 1875     .26259E+02  
 1876     .25993E+02  
 1877     .25881E+02  
 1878     .25937E+02  
 1879     .26082E+02  
 1880     .26062E+02  
 1881     .25868E+02  
 1882     .25588E+02  
 1883     .25079E+02  
 1884     .24834E+02  
 1885     .24938E+02  
 1886     .25633E+02  
 1887     .26389E+02  
 1888     .26909E+02  
 1889     .27181E+02  
 1890     .27161E+02  
 1891     .26975E+02  
 1892     .26618E+02  
 1893     .26535E+02  
 1894     .26820E+02  
 1895     .27219E+02  
 1896     .27263E+02  
 1897     .26852E+02  
 1898     .26254E+02  
 1899     .25223E+02  
 1900     .24182E+02  
 1901     .23636E+02  
 1902     .23613E+02  
 1903     .24390E+02  
 1904     .25105E+02  
 1905     .25696E+02  
 1906     .26111E+02  
 1907     .26338E+02  
 1908     .26644E+02  
 1909     .26713E+02  
 1910     .26443E+02  
 1911     .25854E+02  
 1912     .25033E+02  
 1913     .24097E+02  
 1914     .23665E+02  
 1915     .23784E+02  
 1916     .24039E+02  
 1917     .24289E+02  
 1918     .24607E+02  
 1919     .25102E+02  
 1920     .25473E+02  
 1921     .25888E+02  
 1922     .26263E+02  
 1923     .26547E+02  
 1924     .26805E+02  
 1925     .27188E+02  
 1926     .27576E+02  
 1927     .27992E+02  
 1928     .28549E+02  
 1929     .28952E+02  
 1930     .29112E+02  
 1931     .29009E+02  
 1932     .28704E+02  
 1933     .27938E+02  
 1934     .27199E+02  
 1935     .26676E+02  
 1936     .26138E+02  
 1937     .25588E+02  
 1938     .24803E+02  
 1939     .24171E+02  
 1940     .23603E+02  
 1941     .22964E+02  
 1942     .22143E+02  
 1943     .21873E+02  
 1944     .22287E+02  
 1945     .23189E+02  
 1946     .24416E+02  
 1947     .25466E+02  
 1948     .26147E+02  
 1949     .26349E+02  
 1950     .26429E+02  
 1951     .26581E+02  
 1952     .26793E+02  
 1953     .26832E+02  
 1954     .26785E+02  
 1955     .26435E+02  
 1956     .26138E+02  
 1957     .26167E+02  
 1958     .26562E+02  
 1959     .26997E+02  
 1960     .27072E+02  
 1961     .27187E+02  
 1962     .27194E+02  
 1963     .27303E+02  
 1964     .27392E+02  
 1965     .27179E+02  
 1966     .26747E+02  
 1967     .26424E+02  
 1968     .26329E+02  
 1969     .26176E+02  
 1970     .25700E+02  
 1971     .25153E+02  
 1972     .24373E+02  
 1973     .23682E+02  
 1974     .23444E+02  
 1975     .23630E+02  
 1976     .23915E+02  
 1977     .24202E+02  
 1978     .24315E+02  
 1979     .24527E+02  
 1980     .25142E+02  
 1981     .26124E+02  
 1982     .27239E+02  
 1983     .28236E+02  
 1984     .29049E+02  
 1985     .29494E+02  
 1986     .29561E+02  
 1987     .29442E+02  
 1988     .28816E+02  
 1989     .27658E+02  
 1990     .26240E+02  
 1991     .24944E+02  
 1992     .24001E+02  
 1993     .23237E+02  
 1994     .21899E+02  
 1995     .21160E+02  
 1996     .20598E+02  
 1997     .20295E+02  
 1998     .20384E+02  
 1999     .21108E+02  
 2000     .22533E+02  
 2001     .24531E+02  
 2002     .26572E+02  
 2003     .28532E+02  
 2004     .30074E+02  
 2005     .31068E+02  
 2006     .31611E+02  
 2007     .31671E+02  
 2008     .31462E+02  
 2009     .31115E+02  
 2010     .30532E+02  
 2011     .29707E+02  
 2012     .28607E+02  
 2013     .27504E+02  
 2014     .26276E+02  
 2015     .25068E+02  
 2016     .24243E+02  
 2017     .23745E+02  
 2018     .23221E+02  
 2019     .22694E+02  
 2020     .22158E+02  
 2021     .21933E+02  
 2022     .21635E+02  
 2023     .21327E+02  
 2024     .20868E+02  
 2025     .20980E+02  
 2026     .21450E+02  
 2027     .22241E+02  
 2028     .23643E+02  
 2029     .25591E+02  
 2030     .27356E+02  
 2031     .28673E+02  
 2032     .29584E+02  
 2033     .29945E+02  
 2034     .30147E+02  
 2035     .30222E+02  
 2036     .30041E+02  
 2037     .29735E+02  
 2038     .29123E+02  
 2039     .28454E+02  
 2040     .27980E+02  
 2041     .27380E+02  
 2042     .26615E+02  
 2043     .25647E+02  
 2044     .24553E+02  
 2045     .23588E+02  
 2046     .22778E+02  
 2047     .22445E+02  
 2048     .22586E+02  
 2049     .23356E+02  
 2050     .24291E+02  
 2051     .24940E+02  
 2052     .25561E+02  
 2053     .26243E+02  
 2054     .27202E+02  
 2055     .27948E+02  
 2056     .28403E+02  
 2057     .28535E+02  
 2058     .28457E+02  
 2059     .28254E+02  
 2060     .27915E+02  
 2061     .27616E+02  
 2062     .27317E+02  
 2063     .26828E+02  
 2064     .25869E+02  
 2065     .24496E+02  
 2066     .22961E+02  
 2067     .21464E+02  
 2068     .20536E+02  
 2069     .19902E+02  
 2070     .20037E+02  
 2071     .20882E+02  
 2072     .22065E+02  
 2073     .23387E+02  
 2074     .24878E+02  
 2075     .26009E+02  
 2076     .27073E+02  
 2077     .28185E+02  
 2078     .29299E+02  
 2079     .29931E+02  
 2080     .30338E+02  
 2081     .30515E+02  
 2082     .30264E+02  
 2083     .29928E+02  
 2084     .29525E+02  
 2085     .29456E+02  
 2086     .29578E+02  
 2087     .29686E+02  
 2088     .29658E+02  
 2089     .29442E+02  
 2090     .28926E+02  
 2091     .28207E+02  
 2092     .27245E+02  
 2093     .25953E+02  
 2094     .24289E+02  
 2095     .22738E+02  
 2096     .21054E+02  
 2097     .19969E+02  
 2098     .19698E+02  
 2099     .19940E+02  
 2100     .19900E+02  
 2101     .20442E+02  
 2102     .21487E+02  
 2103     .22565E+02  
 2104     .23375E+02  
 2105     .24208E+02  
 2106     .25032E+02  
 2107     .25421E+02  
 2108     .26006E+02  
 2109     .26466E+02  
 2110     .27040E+02  
 2111     .27869E+02  
 2112     .28583E+02  
 2113     .29135E+02  
 2114     .29600E+02  
 2115     .29732E+02  
 2116     .30002E+02  
 2117     .30235E+02  
 2118     .30120E+02  
 2119     .29936E+02  
 2120     .29406E+02  
 2121     .28555E+02  
 2122     .27572E+02  
 2123     .26719E+02  
 2124     .25980E+02  
 2125     .25570E+02  
 2126     .25509E+02  
 2127     .25568E+02  
 2128     .25682E+02  
 2129     .26170E+02  
 2130     .26677E+02  
 2131     .26694E+02  
 2132     .26415E+02  
 2133     .26085E+02  
 2134     .25575E+02  
 2135     .24875E+02  
 2136     .23961E+02  
 2137     .22445E+02  
 2138     .20720E+02  
 2139     .19414E+02  
 2140     .19144E+02  
 2141     .19882E+02  
 2142     .21442E+02  
 2143     .23183E+02  
 2144     .24959E+02  
 2145     .26257E+02  
 2146     .26970E+02  
 2147     .27162E+02  
 2148     .27320E+02  
 2149     .27530E+02  
 2150     .27607E+02  
 2151     .27776E+02  
 2152     .28073E+02  
 2153     .28406E+02  
 2154     .28742E+02  
 2155     .29184E+02  
 2156     .29552E+02  
 2157     .29876E+02  
 2158     .29828E+02  
 2159     .29695E+02  
 2160     .29650E+02  
 2161     .29713E+02  
 2162     .29506E+02  
 2163     .28978E+02  
 2164     .27975E+02  
 2165     .26727E+02  
 2166     .25383E+02  
 2167     .24266E+02  
 2168     .23472E+02  
 2169     .23263E+02  
 2170     .23356E+02  
 2171     .23238E+02  
 2172     .22746E+02  
 2173     .21810E+02  
 2174     .20896E+02  
 2175     .20190E+02  
 2176     .20264E+02  
 2177     .20784E+02  
 2178     .21526E+02  
 2179     .22764E+02  
 2180     .23899E+02  
 2181     .25567E+02  
 2182     .26717E+02  
 2183     .27273E+02  
 2184     .27483E+02  
 2185     .27567E+02  
 2186     .27586E+02  
 2187     .27553E+02  
 2188     .27578E+02  
 2189     .27860E+02  
 2190     .28300E+02  
 2191     .28847E+02  
 2192     .29564E+02  
 2193     .30239E+02  
 2194     .30661E+02  
 2195     .30569E+02  
 2196     .30029E+02  
 2197     .29047E+02  
 2198     .28149E+02  
 2199     .27283E+02  
 2200     .26682E+02  
 2201     .26303E+02  
 2202     .26067E+02  
 2203     .25834E+02  
 2204     .25653E+02  
 2205     .25104E+02  
 2206     .24400E+02  
 2207     .23883E+02  
 2208     .23720E+02  
 2209     .23930E+02  
 2210     .23542E+02  
 2211     .22401E+02  
 2212     .21146E+02  
 2213     .19930E+02  
 2214     .19402E+02  
 2215     .18959E+02  
 2216     .19178E+02  
 2217     .20031E+02  
 2218     .21915E+02  
 2219     .24154E+02  
 2220     .25851E+02  
 2221     .27184E+02  
 2222     .27971E+02  
 2223     .28580E+02  
 2224     .29126E+02  
 2225     .29638E+02  
 2226     .30015E+02  
 2227     .30453E+02  
 2228     .30640E+02  
 2229     .30457E+02  
 2230     .30269E+02  
 2231     .30287E+02  
 2232     .30092E+02  
 2233     .29864E+02  
 2234     .29679E+02  
 2235     .29741E+02  
 2236     .29584E+02  
 2237     .29413E+02  
 2238     .28905E+02  
 2239     .27879E+02  
 2240     .26412E+02  
 2241     .24881E+02  
 2242     .23764E+02  
 2243     .22971E+02  
 2244     .22494E+02  
 2245     .22301E+02  
 2246     .22039E+02  
 2247     .21418E+02  
 2248     .20391E+02  
 2249     .19014E+02  
 2250     .18363E+02  
 2251     .18184E+02  
 2252     .19038E+02  
 2253     .20422E+02  
 2254     .22051E+02  
 2255     .23979E+02  
 2256     .26012E+02  
 2257     .27632E+02  
 2258     .29090E+02  
 2259     .30519E+02  
 2260     .31643E+02  
 2261     .32350E+02  
 2262     .32528E+02  
 2263     .32321E+02  
 2264     .31941E+02  
 2265     .31282E+02  
 2266     .30664E+02  
 2267     .29637E+02  
 2268     .28531E+02  
 2269     .27006E+02  
 2270     .25351E+02  
 2271     .23870E+02  
 2272     .22915E+02  
 2273     .22639E+02  
 2274     .23353E+02  
 2275     .23953E+02  
 2276     .24142E+02  
 2277     .24225E+02  
 2278     .24501E+02  
 2279     .25251E+02  
 2280     .26220E+02  
 2281     .26889E+02  
 2282     .27130E+02  
 2283     .27058E+02  
 2284     .26526E+02  
 2285     .25806E+02  
 2286     .24973E+02  
 2287     .24887E+02  
 2288     .25252E+02  
 2289     .25378E+02  
 2290     .25283E+02  
 2291     .25156E+02  
 2292     .25056E+02  
 2293     .24901E+02  
 2294     .24584E+02  
 2295     .24192E+02  
 2296     .23784E+02  
 2297     .23323E+02  
 2298     .23378E+02  
 2299     .23889E+02  
 2300     .24832E+02  
 2301     .25906E+02  
 2302     .26312E+02  
 2303     .26075E+02  
 2304     .26078E+02  
 2305     .26133E+02  
 2306     .26076E+02  
 2307     .26496E+02  
 2308     .27217E+02  
 2309     .28331E+02  
 2310     .29517E+02  
 2311     .30135E+02  
 2312     .30397E+02  
 2313     .30353E+02  
 2314     .29919E+02  
 2315     .29213E+02  
 2316     .28405E+02  
 2317     .27263E+02  
 2318     .26277E+02  
 2319     .25478E+02  
 2320     .24955E+02  
 2321     .24620E+02  
 2322     .24531E+02  
 2323     .24591E+02  
 2324     .24286E+02  
 2325     .23373E+02  
 2326     .21711E+02  
 2327     .20198E+02  
 2328     .19569E+02  
 2329     .20241E+02  
 2330     .21230E+02  
 2331     .22663E+02  
 2332     .24450E+02  
 2333     .26314E+02  
 2334     .27699E+02  
 2335     .28491E+02  
 2336     .28834E+02  
 2337     .28744E+02  
 2338     .28596E+02  
 2339     .28106E+02  
 2340     .27656E+02  
 2341     .27216E+02  
 2342     .26503E+02  
 2343     .25884E+02  
 2344     .25878E+02  
 2345     .26153E+02  
 2346     .26541E+02  
 2347     .26848E+02  
 2348     .27124E+02  
 2349     .27497E+02  
 2350     .28069E+02  
 2351     .28659E+02  
 2352     .28758E+02  
 2353     .28630E+02  
 2354     .28063E+02  
 2355     .27099E+02  
 2356     .25763E+02  
 2357     .24513E+02  
 2358     .23136E+02  
 2359     .22281E+02  
 2360     .21473E+02  
 2361     .21098E+02  
 2362     .21806E+02  
 2363     .22712E+02  
 2364     .23898E+02  
 2365     .25137E+02  
 2366     .25929E+02  
 2367     .26240E+02  
 2368     .26148E+02  
 2369     .25834E+02  
 2370     .25786E+02  
 2371     .26058E+02  
 2372     .26395E+02  
 2373     .26823E+02  
 2374     .27283E+02  
 2375     .27917E+02  
 2376     .28412E+02  
 2377     .28647E+02  
 2378     .28802E+02  
 2379     .28655E+02  
 2380     .28481E+02  
 2381     .27929E+02  
 2382     .27027E+02  
 2383     .26029E+02  
 2384     .25167E+02  
 2385     .24048E+02  
 2386     .23182E+02  
 2387     .22988E+02  
 2388     .22950E+02  
 2389     .23044E+02  
 2390     .23633E+02  
 2391     .24631E+02  
 2392     .25467E+02  
 2393     .25868E+02  
 2394     .25539E+02  
 2395     .24929E+02  
 2396     .24708E+02  
 2397     .24955E+02  
 2398     .25837E+02  
 2399     .27017E+02  
 2400     .28228E+02  
 2401     .28816E+02  
 2402     .28768E+02  
 2403     .27991E+02  
 2404     .26661E+02  
 2405     .25325E+02  
 2406     .23990E+02  
 2407     .23139E+02  
 2408     .23062E+02  
 2409     .23702E+02  
 2410     .25170E+02  
 2411     .26877E+02  
 2412     .28463E+02  
 2413     .29379E+02  
 2414     .29623E+02  
 2415     .29377E+02  
 2416     .28578E+02  
 2417     .27529E+02  
 2418     .26543E+02  
 2419     .25493E+02  
 2420     .24505E+02  
 2421     .23775E+02  
 2422     .23399E+02  
 2423     .23140E+02  
 2424     .23235E+02  
 2425     .23272E+02  
 2426     .23226E+02  
 2427     .22938E+02  
 2428     .22344E+02  
 2429     .21965E+02  
 2430     .22122E+02  
 2431     .22092E+02  
 2432     .22476E+02  
 2433     .23725E+02  
 2434     .25450E+02  
 2435     .27448E+02  
 2436     .29250E+02  
 2437     .30519E+02  
 2438     .31393E+02  
 2439     .31829E+02  
 2440     .32071E+02  
 2441     .31911E+02  
 2442     .31629E+02  
 2443     .30962E+02  
 2444     .29856E+02  
 2445     .28357E+02  
 2446     .26266E+02  
 2447     .24073E+02  
 2448     .22751E+02  
 2449     .22439E+02  
 2450     .22545E+02  
 2451     .23022E+02  
 2452     .23439E+02  
 2453     .23777E+02  
 2454     .24148E+02  
 2455     .24361E+02  
 2456     .24194E+02  
 2457     .24015E+02  
 2458     .23870E+02  
 2459     .23685E+02  
 2460     .23607E+02  
 2461     .23679E+02  
 2462     .23488E+02  
 2463     .23416E+02  
 2464     .23666E+02  
 2465     .24024E+02  
 2466     .24386E+02  
 2467     .24798E+02  
 2468     .25225E+02  
 2469     .25832E+02  
 2470     .26435E+02  
 2471     .26928E+02  
 2472     .27606E+02  
 2473     .28356E+02  
 2474     .29368E+02  
 2475     .30608E+02  
 2476     .31724E+02  
 2477     .32662E+02  
 2478     .33050E+02  
 2479     .32709E+02  
 2480     .32109E+02  
 2481     .31006E+02  
 2482     .29517E+02  
 2483     .27638E+02  
 2484     .25779E+02  
 2485     .24263E+02  
 2486     .23533E+02  
 2487     .23238E+02  
 2488     .22890E+02  
 2489     .22231E+02  
 2490     .21151E+02  
 2491     .19618E+02  
 2492     .17283E+02  
 2493     .14351E+02  
 2494     .15883E+02  
 2495     .18017E+02  
 2496     .20167E+02  
 2497     .22062E+02  
 2498     .24085E+02  
 2499     .26136E+02  
 2500     .28080E+02  
 2501     .29672E+02  
 2502     .30907E+02  
 2503     .31591E+02  
 2504     .31881E+02  
 2505     .32157E+02  
 2506     .32241E+02  
 2507     .32321E+02  
 2508     .32266E+02  
 2509     .32085E+02  
 2510     .31847E+02  
 2511     .31307E+02  
 2512     .30427E+02  
 2513     .29552E+02  
 2514     .28883E+02  
 2515     .27997E+02  
 2516     .26766E+02  
 2517     .25585E+02  
 2518     .24174E+02  
 2519     .22792E+02  
 2520     .21425E+02  
 2521     .20623E+02  
 2522     .20186E+02  
 2523     .20177E+02  
 2524     .20347E+02  
 2525     .20743E+02  
 2526     .21200E+02  
 2527     .21671E+02  
 2528     .22048E+02  
 2529     .22315E+02  
 2530     .23119E+02  
 2531     .24021E+02  
 2532     .25400E+02  
 2533     .26866E+02  
 2534     .27935E+02  
 2535     .28693E+02  
 2536     .29089E+02  
 2537     .29471E+02  
 2538     .29890E+02  
 2539     .30106E+02  
 2540     .30189E+02  
 2541     .30178E+02  
 2542     .29963E+02  
 2543     .29755E+02  
 2544     .29411E+02  
 2545     .29037E+02  
 2546     .28469E+02  
 2547     .27909E+02  
 2548     .27181E+02  
 2549     .26352E+02  
 2550     .25303E+02  
 2551     .24496E+02  
 2552     .23935E+02  
 2553     .23639E+02  
 2554     .23726E+02  
 2555     .23599E+02  
 2556     .23478E+02  
 2557     .23617E+02  
 2558     .23582E+02  
 2559     .23333E+02  
 2560     .22953E+02  
"End-of-Channel" 
 
