0.001  (-0.00033 0 0) 
0.002  (-0.00066 0 0) 
0.003  (-0.00099 0 0) 
0.004  (-0.00132 0 0) 
0.005  (-0.00165 0 0) 
0.006  (-0.00198 0 0) 
0.007  (-0.00231 0 0) 
0.008  (-0.00264 0 0) 
0.009  (-0.00297 0 0) 
0.01  (-0.0033 0 0) 
0.011  (-0.00363 0 0) 
0.012  (-0.00396 0 0) 
0.013  (-0.00429 0 0) 
0.014  (-0.00462 0 0) 
0.015  (-0.00495 0 0) 
0.016  (-0.00528 0 0) 
0.017  (-0.00561 0 0) 
0.018  (-0.00594 0 0) 
0.019  (-0.00627 0 0) 
0.02  (-0.0066 0 0) 
0.021  (-0.00693 0 0) 
0.022  (-0.00726 0 0) 
0.023  (-0.00759 0 0) 
0.024  (-0.00792 0 0) 
0.025  (-0.00825 0 0) 
0.026  (-0.00858 0 0) 
0.027  (-0.00891 0 0) 
0.028  (-0.00924 0 0) 
0.029  (-0.00957 0 0) 
0.03  (-0.0099 0 0) 
0.031  (-0.01023 0 0) 
0.032  (-0.01056 0 0) 
0.033  (-0.01089 0 0) 
0.034  (-0.01122 0 0) 
0.035  (-0.01155 0 0) 
0.036  (-0.01188 0 0) 
0.037  (-0.01221 0 0) 
0.038  (-0.01254 0 0) 
0.039  (-0.01287 0 0) 
0.04  (-0.0132 0 0) 
0.041  (-0.01353 0 0) 
0.042  (-0.01386 0 0) 
0.043  (-0.01419 0 0) 
0.044  (-0.01452 0 0) 
0.045  (-0.01485 0 0) 
0.046  (-0.01518 0 0) 
0.047  (-0.01551 0 0) 
0.048  (-0.01584 0 0) 
0.049  (-0.01617 0 0) 
0.05  (-0.0165 0 0) 
0.051  (-0.01683 0 0) 
0.052  (-0.01716 0 0) 
0.053  (-0.01749 0 0) 
0.054  (-0.01782 0 0) 
0.055  (-0.01815 0 0) 
0.056  (-0.01848 0 0) 
0.057  (-0.01881 0 0) 
0.058  (-0.01914 0 0) 
0.059  (-0.01947 0 0) 
0.06  (-0.0198 0 0) 
0.061  (-0.02013 0 0) 
0.062  (-0.02046 0 0) 
0.063  (-0.02079 0 0) 
0.064  (-0.02112 0 0) 
0.065  (-0.02145 0 0) 
0.066  (-0.02178 0 0) 
0.067  (-0.02211 0 0) 
0.068  (-0.02244 0 0) 
0.069  (-0.02277 0 0) 
0.07  (-0.0231 0 0) 
0.071  (-0.02343 0 0) 
0.072  (-0.02376 0 0) 
0.073  (-0.02409 0 0) 
0.074  (-0.02442 0 0) 
0.075  (-0.02475 0 0) 
0.076  (-0.02508 0 0) 
0.077  (-0.02541 0 0) 
0.078  (-0.02574 0 0) 
0.079  (-0.02607 0 0) 
0.08  (-0.0264 0 0) 
0.081  (-0.02673 0 0) 
0.082  (-0.02706 0 0) 
0.083  (-0.02739 0 0) 
0.084  (-0.02772 0 0) 
0.085  (-0.02805 0 0) 
0.086  (-0.02838 0 0) 
0.087  (-0.02871 0 0) 
0.088  (-0.02904 0 0) 
0.089  (-0.02937 0 0) 
0.09  (-0.0297 0 0) 
0.091  (-0.03003 0 0) 
0.092  (-0.03036 0 0) 
0.093  (-0.03069 0 0) 
0.094  (-0.03102 0 0) 
0.095  (-0.03135 0 0) 
0.096  (-0.03168 0 0) 
0.097  (-0.03201 0 0) 
0.098  (-0.03234 0 0) 
0.099  (-0.03267 0 0) 
0.1  (-0.033 0 0) 
0.101  (-0.03333 0 0) 
0.102  (-0.03366 0 0) 
0.103  (-0.03399 0 0) 
0.104  (-0.03432 0 0) 
0.105  (-0.03465 0 0) 
0.106  (-0.03498 0 0) 
0.107  (-0.03531 0 0) 
0.108  (-0.03564 0 0) 
0.109  (-0.03597 0 0) 
0.11  (-0.0363 0 0) 
0.111  (-0.03663 0 0) 
0.112  (-0.03696 0 0) 
0.113  (-0.03729 0 0) 
0.114  (-0.03762 0 0) 
0.115  (-0.03795 0 0) 
0.116  (-0.03828 0 0) 
0.117  (-0.03861 0 0) 
0.118  (-0.03894 0 0) 
0.119  (-0.03927 0 0) 
0.12  (-0.0396 0 0) 
0.121  (-0.03993 0 0) 
0.122  (-0.04026 0 0) 
0.123  (-0.04059 0 0) 
0.124  (-0.04092 0 0) 
0.125  (-0.04125 0 0) 
0.126  (-0.04158 0 0) 
0.127  (-0.04191 0 0) 
0.128  (-0.04224 0 0) 
0.129  (-0.04257 0 0) 
0.13  (-0.0429 0 0) 
0.131  (-0.04323 0 0) 
0.132  (-0.04356 0 0) 
0.133  (-0.04389 0 0) 
0.134  (-0.04422 0 0) 
0.135  (-0.04455 0 0) 
0.136  (-0.04488 0 0) 
0.137  (-0.04521 0 0) 
0.138  (-0.04554 0 0) 
0.139  (-0.04587 0 0) 
0.14  (-0.0462 0 0) 
0.141  (-0.04653 0 0) 
0.142  (-0.04686 0 0) 
0.143  (-0.04719 0 0) 
0.144  (-0.04752 0 0) 
0.145  (-0.04785 0 0) 
0.146  (-0.04818 0 0) 
0.147  (-0.04851 0 0) 
0.148  (-0.04884 0 0) 
0.149  (-0.04917 0 0) 
0.15  (-0.0495 0 0) 
0.151  (-0.04983 0 0) 
0.152  (-0.05016 0 0) 
0.153  (-0.05049 0 0) 
0.154  (-0.05082 0 0) 
0.155  (-0.05115 0 0) 
0.156  (-0.05148 0 0) 
0.157  (-0.05181 0 0) 
0.158  (-0.05214 0 0) 
0.159  (-0.05247 0 0) 
0.16  (-0.0528 0 0) 
0.161  (-0.05313 0 0) 
0.162  (-0.05346 0 0) 
0.163  (-0.05379 0 0) 
0.164  (-0.05412 0 0) 
0.165  (-0.05445 0 0) 
0.166  (-0.05478 0 0) 
0.167  (-0.05511 0 0) 
0.168  (-0.05544 0 0) 
0.169  (-0.05577 0 0) 
0.17  (-0.0561 0 0) 
0.171  (-0.05643 0 0) 
0.172  (-0.05676 0 0) 
0.173  (-0.05709 0 0) 
0.174  (-0.05742 0 0) 
0.175  (-0.05775 0 0) 
0.176  (-0.05808 0 0) 
0.177  (-0.05841 0 0) 
0.178  (-0.05874 0 0) 
0.179  (-0.05907 0 0) 
0.18  (-0.0594 0 0) 
0.181  (-0.05973 0 0) 
0.182  (-0.06006 0 0) 
0.183  (-0.06039 0 0) 
0.184  (-0.06072 0 0) 
0.185  (-0.06105 0 0) 
0.186  (-0.06138 0 0) 
0.187  (-0.06171 0 0) 
0.188  (-0.06204 0 0) 
0.189  (-0.06237 0 0) 
0.19  (-0.0627 0 0) 
0.191  (-0.06303 0 0) 
0.192  (-0.06336 0 0) 
0.193  (-0.06369 0 0) 
0.194  (-0.06402 0 0) 
0.195  (-0.06435 0 0) 
0.196  (-0.06468 0 0) 
0.197  (-0.06501 0 0) 
0.198  (-0.06534 0 0) 
0.199  (-0.06567 0 0) 
0.2  (-0.066 0 0) 
0.201  (-0.06633 0 0) 
0.202  (-0.06666 0 0) 
0.203  (-0.06699 0 0) 
0.204  (-0.06732 0 0) 
0.205  (-0.06765 0 0) 
0.206  (-0.06798 0 0) 
0.207  (-0.06831 0 0) 
0.208  (-0.06864 0 0) 
0.209  (-0.06897 0 0) 
0.21  (-0.0693 0 0) 
0.211  (-0.06963 0 0) 
0.212  (-0.06996 0 0) 
0.213  (-0.07029 0 0) 
0.214  (-0.07062 0 0) 
0.215  (-0.07095 0 0) 
0.216  (-0.07128 0 0) 
0.217  (-0.07161 0 0) 
0.218  (-0.07194 0 0) 
0.219  (-0.07227 0 0) 
0.22  (-0.0726 0 0) 
0.221  (-0.07293 0 0) 
0.222  (-0.07326 0 0) 
0.223  (-0.07359 0 0) 
0.224  (-0.07392 0 0) 
0.225  (-0.07425 0 0) 
0.226  (-0.07458 0 0) 
0.227  (-0.07491 0 0) 
0.228  (-0.07524 0 0) 
0.229  (-0.07557 0 0) 
0.23  (-0.0759 0 0) 
0.231  (-0.07623 0 0) 
0.232  (-0.07656 0 0) 
0.233  (-0.07689 0 0) 
0.234  (-0.07722 0 0) 
0.235  (-0.07755 0 0) 
0.236  (-0.07788 0 0) 
0.237  (-0.07821 0 0) 
0.238  (-0.07854 0 0) 
0.239  (-0.07887 0 0) 
0.24  (-0.0792 0 0) 
0.241  (-0.07953 0 0) 
0.242  (-0.07986 0 0) 
0.243  (-0.08019 0 0) 
0.244  (-0.08052 0 0) 
0.245  (-0.08085 0 0) 
0.246  (-0.08118 0 0) 
0.247  (-0.08151 0 0) 
0.248  (-0.08184 0 0) 
0.249  (-0.08217 0 0) 
0.25  (-0.0825 0 0) 
0.251  (-0.08283 0 0) 
0.252  (-0.08316 0 0) 
0.253  (-0.08349 0 0) 
0.254  (-0.08382 0 0) 
0.255  (-0.08415 0 0) 
0.256  (-0.08448 0 0) 
0.257  (-0.08481 0 0) 
0.258  (-0.08514 0 0) 
0.259  (-0.08547 0 0) 
0.26  (-0.0858 0 0) 
0.261  (-0.08613 0 0) 
0.262  (-0.08646 0 0) 
0.263  (-0.08679 0 0) 
0.264  (-0.08712 0 0) 
0.265  (-0.08745 0 0) 
0.266  (-0.08778 0 0) 
0.267  (-0.08811 0 0) 
0.268  (-0.08844 0 0) 
0.269  (-0.08877 0 0) 
0.27  (-0.0891 0 0) 
0.271  (-0.08943 0 0) 
0.272  (-0.08976 0 0) 
0.273  (-0.09009 0 0) 
0.274  (-0.09042 0 0) 
0.275  (-0.09075 0 0) 
0.276  (-0.09108 0 0) 
0.277  (-0.09141 0 0) 
0.278  (-0.09174 0 0) 
0.279  (-0.09207 0 0) 
0.28  (-0.0924 0 0) 
0.281  (-0.09273 0 0) 
0.282  (-0.09306 0 0) 
0.283  (-0.09339 0 0) 
0.284  (-0.09372 0 0) 
0.285  (-0.09405 0 0) 
0.286  (-0.09438 0 0) 
0.287  (-0.09471 0 0) 
0.288  (-0.09504 0 0) 
0.289  (-0.09537 0 0) 
0.29  (-0.0957 0 0) 
0.291  (-0.09603 0 0) 
0.292  (-0.09636 0 0) 
0.293  (-0.09669 0 0) 
0.294  (-0.09702 0 0) 
0.295  (-0.09735 0 0) 
0.296  (-0.09768 0 0) 
0.297  (-0.09801 0 0) 
0.298  (-0.09834 0 0) 
0.299  (-0.09867 0 0) 
0.3  (-0.099 0 0) 
0.301  (-0.09933 0 0) 
0.302  (-0.09966 0 0) 
0.303  (-0.09999 0 0) 
0.304  (-0.10032 0 0) 
0.305  (-0.10065 0 0) 
0.306  (-0.10098 0 0) 
0.307  (-0.10131 0 0) 
0.308  (-0.10164 0 0) 
0.309  (-0.10197 0 0) 
0.31  (-0.1023 0 0) 
0.311  (-0.10263 0 0) 
0.312  (-0.10296 0 0) 
0.313  (-0.10329 0 0) 
0.314  (-0.10362 0 0) 
0.315  (-0.10395 0 0) 
0.316  (-0.10428 0 0) 
0.317  (-0.10461 0 0) 
0.318  (-0.10494 0 0) 
0.319  (-0.10527 0 0) 
0.32  (-0.1056 0 0) 
0.321  (-0.10593 0 0) 
0.322  (-0.10626 0 0) 
0.323  (-0.10659 0 0) 
0.324  (-0.10692 0 0) 
0.325  (-0.10725 0 0) 
0.326  (-0.10758 0 0) 
0.327  (-0.10791 0 0) 
0.328  (-0.10824 0 0) 
0.329  (-0.10857 0 0) 
0.33  (-0.1089 0 0) 
0.331  (-0.10923 0 0) 
0.332  (-0.10956 0 0) 
0.333  (-0.10989 0 0) 
0.334  (-0.11022 0 0) 
0.335  (-0.11055 0 0) 
0.336  (-0.11088 0 0) 
0.337  (-0.11121 0 0) 
0.338  (-0.11154 0 0) 
0.339  (-0.11187 0 0) 
0.34  (-0.1122 0 0) 
0.341  (-0.11253 0 0) 
0.342  (-0.11286 0 0) 
0.343  (-0.11319 0 0) 
0.344  (-0.11352 0 0) 
0.345  (-0.11385 0 0) 
0.346  (-0.11418 0 0) 
0.347  (-0.11451 0 0) 
0.348  (-0.11484 0 0) 
0.349  (-0.11517 0 0) 
0.35  (-0.1155 0 0) 
0.351  (-0.11583 0 0) 
0.352  (-0.11616 0 0) 
0.353  (-0.11649 0 0) 
0.354  (-0.11682 0 0) 
0.355  (-0.11715 0 0) 
0.356  (-0.11748 0 0) 
0.357  (-0.11781 0 0) 
0.358  (-0.11814 0 0) 
0.359  (-0.11847 0 0) 
0.36  (-0.1188 0 0) 
0.361  (-0.11913 0 0) 
0.362  (-0.11946 0 0) 
0.363  (-0.11979 0 0) 
0.364  (-0.12012 0 0) 
0.365  (-0.12045 0 0) 
0.366  (-0.12078 0 0) 
0.367  (-0.12111 0 0) 
0.368  (-0.12144 0 0) 
0.369  (-0.12177 0 0) 
0.37  (-0.1221 0 0) 
0.371  (-0.12243 0 0) 
0.372  (-0.12276 0 0) 
0.373  (-0.12309 0 0) 
0.374  (-0.12342 0 0) 
0.375  (-0.12375 0 0) 
0.376  (-0.12408 0 0) 
0.377  (-0.12441 0 0) 
0.378  (-0.12474 0 0) 
0.379  (-0.12507 0 0) 
0.38  (-0.1254 0 0) 
0.381  (-0.12573 0 0) 
0.382  (-0.12606 0 0) 
0.383  (-0.12639 0 0) 
0.384  (-0.12672 0 0) 
0.385  (-0.12705 0 0) 
0.386  (-0.12738 0 0) 
0.387  (-0.12771 0 0) 
0.388  (-0.12804 0 0) 
0.389  (-0.12837 0 0) 
0.39  (-0.1287 0 0) 
0.391  (-0.12903 0 0) 
0.392  (-0.12936 0 0) 
0.393  (-0.12969 0 0) 
0.394  (-0.13002 0 0) 
0.395  (-0.13035 0 0) 
0.396  (-0.13068 0 0) 
0.397  (-0.13101 0 0) 
0.398  (-0.13134 0 0) 
0.399  (-0.13167 0 0) 
0.4  (-0.132 0 0) 
0.401  (-0.13233 0 0) 
0.402  (-0.13266 0 0) 
0.403  (-0.13299 0 0) 
0.404  (-0.13332 0 0) 
0.405  (-0.13365 0 0) 
0.406  (-0.13398 0 0) 
0.407  (-0.13431 0 0) 
0.408  (-0.13464 0 0) 
0.409  (-0.13497 0 0) 
0.41  (-0.1353 0 0) 
0.411  (-0.13563 0 0) 
0.412  (-0.13596 0 0) 
0.413  (-0.13629 0 0) 
0.414  (-0.13662 0 0) 
0.415  (-0.13695 0 0) 
0.416  (-0.13728 0 0) 
0.417  (-0.13761 0 0) 
0.418  (-0.13794 0 0) 
0.419  (-0.13827 0 0) 
0.42  (-0.1386 0 0) 
0.421  (-0.13893 0 0) 
0.422  (-0.13926 0 0) 
0.423  (-0.13959 0 0) 
0.424  (-0.13992 0 0) 
0.425  (-0.14025 0 0) 
0.426  (-0.14058 0 0) 
0.427  (-0.14091 0 0) 
0.428  (-0.14124 0 0) 
0.429  (-0.14157 0 0) 
0.43  (-0.1419 0 0) 
0.431  (-0.14223 0 0) 
0.432  (-0.14256 0 0) 
0.433  (-0.14289 0 0) 
0.434  (-0.14322 0 0) 
0.435  (-0.14355 0 0) 
0.436  (-0.14388 0 0) 
0.437  (-0.14421 0 0) 
0.438  (-0.14454 0 0) 
0.439  (-0.14487 0 0) 
0.44  (-0.1452 0 0) 
0.441  (-0.14553 0 0) 
0.442  (-0.14586 0 0) 
0.443  (-0.14619 0 0) 
0.444  (-0.14652 0 0) 
0.445  (-0.14685 0 0) 
0.446  (-0.14718 0 0) 
0.447  (-0.14751 0 0) 
0.448  (-0.14784 0 0) 
0.449  (-0.14817 0 0) 
0.45  (-0.1485 0 0) 
0.451  (-0.14883 0 0) 
0.452  (-0.14916 0 0) 
0.453  (-0.14949 0 0) 
0.454  (-0.14982 0 0) 
0.455  (-0.15015 0 0) 
0.456  (-0.15048 0 0) 
0.457  (-0.15081 0 0) 
0.458  (-0.15114 0 0) 
0.459  (-0.15147 0 0) 
0.46  (-0.1518 0 0) 
0.461  (-0.15213 0 0) 
0.462  (-0.15246 0 0) 
0.463  (-0.15279 0 0) 
0.464  (-0.15312 0 0) 
0.465  (-0.15345 0 0) 
0.466  (-0.15378 0 0) 
0.467  (-0.15411 0 0) 
0.468  (-0.15444 0 0) 
0.469  (-0.15477 0 0) 
0.47  (-0.1551 0 0) 
0.471  (-0.15543 0 0) 
0.472  (-0.15576 0 0) 
0.473  (-0.15609 0 0) 
0.474  (-0.15642 0 0) 
0.475  (-0.15675 0 0) 
0.476  (-0.15708 0 0) 
0.477  (-0.15741 0 0) 
0.478  (-0.15774 0 0) 
0.479  (-0.15807 0 0) 
0.48  (-0.1584 0 0) 
0.481  (-0.15873 0 0) 
0.482  (-0.15906 0 0) 
0.483  (-0.15939 0 0) 
0.484  (-0.15972 0 0) 
0.485  (-0.16005 0 0) 
0.486  (-0.16038 0 0) 
0.487  (-0.16071 0 0) 
0.488  (-0.16104 0 0) 
0.489  (-0.16137 0 0) 
0.49  (-0.1617 0 0) 
0.491  (-0.16203 0 0) 
0.492  (-0.16236 0 0) 
0.493  (-0.16269 0 0) 
0.494  (-0.16302 0 0) 
0.495  (-0.16335 0 0) 
0.496  (-0.16368 0 0) 
0.497  (-0.16401 0 0) 
0.498  (-0.16434 0 0) 
0.499  (-0.16467 0 0) 
0.5  (-0.165 0 0) 
0.501  (-0.16533 0 0) 
0.502  (-0.16566 0 0) 
0.503  (-0.16599 0 0) 
0.504  (-0.16632 0 0) 
0.505  (-0.16665 0 0) 
0.506  (-0.16698 0 0) 
0.507  (-0.16731 0 0) 
0.508  (-0.16764 0 0) 
0.509  (-0.16797 0 0) 
0.51  (-0.1683 0 0) 
0.511  (-0.16863 0 0) 
0.512  (-0.16896 0 0) 
0.513  (-0.16929 0 0) 
0.514  (-0.16962 0 0) 
0.515  (-0.16995 0 0) 
0.516  (-0.17028 0 0) 
0.517  (-0.17061 0 0) 
0.518  (-0.17094 0 0) 
0.519  (-0.17127 0 0) 
0.52  (-0.1716 0 0) 
0.521  (-0.17193 0 0) 
0.522  (-0.17226 0 0) 
0.523  (-0.17259 0 0) 
0.524  (-0.17292 0 0) 
0.525  (-0.17325 0 0) 
0.526  (-0.17358 0 0) 
0.527  (-0.17391 0 0) 
0.528  (-0.17424 0 0) 
0.529  (-0.17457 0 0) 
0.53  (-0.1749 0 0) 
0.531  (-0.17523 0 0) 
0.532  (-0.17556 0 0) 
0.533  (-0.17589 0 0) 
0.534  (-0.17622 0 0) 
0.535  (-0.17655 0 0) 
0.536  (-0.17688 0 0) 
0.537  (-0.17721 0 0) 
0.538  (-0.17754 0 0) 
0.539  (-0.17787 0 0) 
0.54  (-0.1782 0 0) 
0.541  (-0.17853 0 0) 
0.542  (-0.17886 0 0) 
0.543  (-0.17919 0 0) 
0.544  (-0.17952 0 0) 
0.545  (-0.17985 0 0) 
0.546  (-0.18018 0 0) 
0.547  (-0.18051 0 0) 
0.548  (-0.18084 0 0) 
0.549  (-0.18117 0 0) 
0.55  (-0.1815 0 0) 
0.551  (-0.18183 0 0) 
0.552  (-0.18216 0 0) 
0.553  (-0.18249 0 0) 
0.554  (-0.18282 0 0) 
0.555  (-0.18315 0 0) 
0.556  (-0.18348 0 0) 
0.557  (-0.18381 0 0) 
0.558  (-0.18414 0 0) 
0.559  (-0.18447 0 0) 
0.56  (-0.1848 0 0) 
0.561  (-0.18513 0 0) 
0.562  (-0.18546 0 0) 
0.563  (-0.18579 0 0) 
0.564  (-0.18612 0 0) 
0.565  (-0.18645 0 0) 
0.566  (-0.18678 0 0) 
0.567  (-0.18711 0 0) 
0.568  (-0.18744 0 0) 
0.569  (-0.18777 0 0) 
0.57  (-0.1881 0 0) 
0.571  (-0.18843 0 0) 
0.572  (-0.18876 0 0) 
0.573  (-0.18909 0 0) 
0.574  (-0.18942 0 0) 
0.575  (-0.18975 0 0) 
0.576  (-0.19008 0 0) 
0.577  (-0.19041 0 0) 
0.578  (-0.19074 0 0) 
0.579  (-0.19107 0 0) 
0.58  (-0.1914 0 0) 
0.581  (-0.19173 0 0) 
0.582  (-0.19206 0 0) 
0.583  (-0.19239 0 0) 
0.584  (-0.19272 0 0) 
0.585  (-0.19305 0 0) 
0.586  (-0.19338 0 0) 
0.587  (-0.19371 0 0) 
0.588  (-0.19404 0 0) 
0.589  (-0.19437 0 0) 
0.59  (-0.1947 0 0) 
0.591  (-0.19503 0 0) 
0.592  (-0.19536 0 0) 
0.593  (-0.19569 0 0) 
0.594  (-0.19602 0 0) 
0.595  (-0.19635 0 0) 
0.596  (-0.19668 0 0) 
0.597  (-0.19701 0 0) 
0.598  (-0.19734 0 0) 
0.599  (-0.19767 0 0) 
0.6  (-0.198 0 0) 
0.601  (-0.19833 0 0) 
0.602  (-0.19866 0 0) 
0.603  (-0.19899 0 0) 
0.604  (-0.19932 0 0) 
0.605  (-0.19965 0 0) 
0.606  (-0.19998 0 0) 
0.607  (-0.20031 0 0) 
0.608  (-0.20064 0 0) 
0.609  (-0.20097 0 0) 
0.61  (-0.2013 0 0) 
0.611  (-0.20163 0 0) 
0.612  (-0.20196 0 0) 
0.613  (-0.20229 0 0) 
0.614  (-0.20262 0 0) 
0.615  (-0.20295 0 0) 
0.616  (-0.20328 0 0) 
0.617  (-0.20361 0 0) 
0.618  (-0.20394 0 0) 
0.619  (-0.20427 0 0) 
0.62  (-0.2046 0 0) 
0.621  (-0.20493 0 0) 
0.622  (-0.20526 0 0) 
0.623  (-0.20559 0 0) 
0.624  (-0.20592 0 0) 
0.625  (-0.20625 0 0) 
0.626  (-0.20658 0 0) 
0.627  (-0.20691 0 0) 
0.628  (-0.20724 0 0) 
0.629  (-0.20757 0 0) 
0.63  (-0.2079 0 0) 
0.631  (-0.20823 0 0) 
0.632  (-0.20856 0 0) 
0.633  (-0.20889 0 0) 
0.634  (-0.20922 0 0) 
0.635  (-0.20955 0 0) 
0.636  (-0.20988 0 0) 
0.637  (-0.21021 0 0) 
0.638  (-0.21054 0 0) 
0.639  (-0.21087 0 0) 
0.64  (-0.2112 0 0) 
0.641  (-0.21153 0 0) 
0.642  (-0.21186 0 0) 
0.643  (-0.21219 0 0) 
0.644  (-0.21252 0 0) 
0.645  (-0.21285 0 0) 
0.646  (-0.21318 0 0) 
0.647  (-0.21351 0 0) 
0.648  (-0.21384 0 0) 
0.649  (-0.21417 0 0) 
0.65  (-0.2145 0 0) 
0.651  (-0.21483 0 0) 
0.652  (-0.21516 0 0) 
0.653  (-0.21549 0 0) 
0.654  (-0.21582 0 0) 
0.655  (-0.21615 0 0) 
0.656  (-0.21648 0 0) 
0.657  (-0.21681 0 0) 
0.658  (-0.21714 0 0) 
0.659  (-0.21747 0 0) 
0.66  (-0.2178 0 0) 
0.661  (-0.21813 0 0) 
0.662  (-0.21846 0 0) 
0.663  (-0.21879 0 0) 
0.664  (-0.21912 0 0) 
0.665  (-0.21945 0 0) 
0.666  (-0.21978 0 0) 
0.667  (-0.22011 0 0) 
0.668  (-0.22044 0 0) 
0.669  (-0.22077 0 0) 
0.67  (-0.2211 0 0) 
0.671  (-0.22143 0 0) 
0.672  (-0.22176 0 0) 
0.673  (-0.22209 0 0) 
0.674  (-0.22242 0 0) 
0.675  (-0.22275 0 0) 
0.676  (-0.22308 0 0) 
0.677  (-0.22341 0 0) 
0.678  (-0.22374 0 0) 
0.679  (-0.22407 0 0) 
0.68  (-0.2244 0 0) 
0.681  (-0.22473 0 0) 
0.682  (-0.22506 0 0) 
0.683  (-0.22539 0 0) 
0.684  (-0.22572 0 0) 
0.685  (-0.22605 0 0) 
0.686  (-0.22638 0 0) 
0.687  (-0.22671 0 0) 
0.688  (-0.22704 0 0) 
0.689  (-0.22737 0 0) 
0.69  (-0.2277 0 0) 
0.691  (-0.22803 0 0) 
0.692  (-0.22836 0 0) 
0.693  (-0.22869 0 0) 
0.694  (-0.22902 0 0) 
0.695  (-0.22935 0 0) 
0.696  (-0.22968 0 0) 
0.697  (-0.23001 0 0) 
0.698  (-0.23034 0 0) 
0.699  (-0.23067 0 0) 
0.7  (-0.231 0 0) 
0.701  (-0.23133 0 0) 
0.702  (-0.23166 0 0) 
0.703  (-0.23199 0 0) 
0.704  (-0.23232 0 0) 
0.705  (-0.23265 0 0) 
0.706  (-0.23298 0 0) 
0.707  (-0.23331 0 0) 
0.708  (-0.23364 0 0) 
0.709  (-0.23397 0 0) 
0.71  (-0.2343 0 0) 
0.711  (-0.23463 0 0) 
0.712  (-0.23496 0 0) 
0.713  (-0.23529 0 0) 
0.714  (-0.23562 0 0) 
0.715  (-0.23595 0 0) 
0.716  (-0.23628 0 0) 
0.717  (-0.23661 0 0) 
0.718  (-0.23694 0 0) 
0.719  (-0.23727 0 0) 
0.72  (-0.2376 0 0) 
0.721  (-0.23793 0 0) 
0.722  (-0.23826 0 0) 
0.723  (-0.23859 0 0) 
0.724  (-0.23892 0 0) 
0.725  (-0.23925 0 0) 
0.726  (-0.23958 0 0) 
0.727  (-0.23991 0 0) 
0.728  (-0.24024 0 0) 
0.729  (-0.24057 0 0) 
0.73  (-0.2409 0 0) 
0.731  (-0.24123 0 0) 
0.732  (-0.24156 0 0) 
0.733  (-0.24189 0 0) 
0.734  (-0.24222 0 0) 
0.735  (-0.24255 0 0) 
0.736  (-0.24288 0 0) 
0.737  (-0.24321 0 0) 
0.738  (-0.24354 0 0) 
0.739  (-0.24387 0 0) 
0.74  (-0.2442 0 0) 
0.741  (-0.24453 0 0) 
0.742  (-0.24486 0 0) 
0.743  (-0.24519 0 0) 
0.744  (-0.24552 0 0) 
0.745  (-0.24585 0 0) 
0.746  (-0.24618 0 0) 
0.747  (-0.24651 0 0) 
0.748  (-0.24684 0 0) 
0.749  (-0.24717 0 0) 
0.75  (-0.2475 0 0) 
0.751  (-0.24783 0 0) 
0.752  (-0.24816 0 0) 
0.753  (-0.24849 0 0) 
0.754  (-0.24882 0 0) 
0.755  (-0.24915 0 0) 
0.756  (-0.24948 0 0) 
0.757  (-0.24981 0 0) 
0.758  (-0.25014 0 0) 
0.759  (-0.25047 0 0) 
0.76  (-0.2508 0 0) 
0.761  (-0.25113 0 0) 
0.762  (-0.25146 0 0) 
0.763  (-0.25179 0 0) 
0.764  (-0.25212 0 0) 
0.765  (-0.25245 0 0) 
0.766  (-0.25278 0 0) 
0.767  (-0.25311 0 0) 
0.768  (-0.25344 0 0) 
0.769  (-0.25377 0 0) 
0.77  (-0.2541 0 0) 
0.771  (-0.25443 0 0) 
0.772  (-0.25476 0 0) 
0.773  (-0.25509 0 0) 
0.774  (-0.25542 0 0) 
0.775  (-0.25575 0 0) 
0.776  (-0.25608 0 0) 
0.777  (-0.25641 0 0) 
0.778  (-0.25674 0 0) 
0.779  (-0.25707 0 0) 
0.78  (-0.2574 0 0) 
0.781  (-0.25773 0 0) 
0.782  (-0.25806 0 0) 
0.783  (-0.25839 0 0) 
0.784  (-0.25872 0 0) 
0.785  (-0.25905 0 0) 
0.786  (-0.25938 0 0) 
0.787  (-0.25971 0 0) 
0.788  (-0.26004 0 0) 
0.789  (-0.26037 0 0) 
0.79  (-0.2607 0 0) 
0.791  (-0.26103 0 0) 
0.792  (-0.26136 0 0) 
0.793  (-0.26169 0 0) 
0.794  (-0.26202 0 0) 
0.795  (-0.26235 0 0) 
0.796  (-0.26268 0 0) 
0.797  (-0.26301 0 0) 
0.798  (-0.26334 0 0) 
0.799  (-0.26367 0 0) 
0.8  (-0.264 0 0) 
0.801  (-0.26433 0 0) 
0.802  (-0.26466 0 0) 
0.803  (-0.26499 0 0) 
0.804  (-0.26532 0 0) 
0.805  (-0.26565 0 0) 
0.806  (-0.26598 0 0) 
0.807  (-0.26631 0 0) 
0.808  (-0.26664 0 0) 
0.809  (-0.26697 0 0) 
0.81  (-0.2673 0 0) 
0.811  (-0.26763 0 0) 
0.812  (-0.26796 0 0) 
0.813  (-0.26829 0 0) 
0.814  (-0.26862 0 0) 
0.815  (-0.26895 0 0) 
0.816  (-0.26928 0 0) 
0.817  (-0.26961 0 0) 
0.818  (-0.26994 0 0) 
0.819  (-0.27027 0 0) 
0.82  (-0.2706 0 0) 
0.821  (-0.27093 0 0) 
0.822  (-0.27126 0 0) 
0.823  (-0.27159 0 0) 
0.824  (-0.27192 0 0) 
0.825  (-0.27225 0 0) 
0.826  (-0.27258 0 0) 
0.827  (-0.27291 0 0) 
0.828  (-0.27324 0 0) 
0.829  (-0.27357 0 0) 
0.83  (-0.2739 0 0) 
0.831  (-0.27423 0 0) 
0.832  (-0.27456 0 0) 
0.833  (-0.27489 0 0) 
0.834  (-0.27522 0 0) 
0.835  (-0.27555 0 0) 
0.836  (-0.27588 0 0) 
0.837  (-0.27621 0 0) 
0.838  (-0.27654 0 0) 
0.839  (-0.27687 0 0) 
0.84  (-0.2772 0 0) 
0.841  (-0.27753 0 0) 
0.842  (-0.27786 0 0) 
0.843  (-0.27819 0 0) 
0.844  (-0.27852 0 0) 
0.845  (-0.27885 0 0) 
0.846  (-0.27918 0 0) 
0.847  (-0.27951 0 0) 
0.848  (-0.27984 0 0) 
0.849  (-0.28017 0 0) 
0.85  (-0.2805 0 0) 
0.851  (-0.28083 0 0) 
0.852  (-0.28116 0 0) 
0.853  (-0.28149 0 0) 
0.854  (-0.28182 0 0) 
0.855  (-0.28215 0 0) 
0.856  (-0.28248 0 0) 
0.857  (-0.28281 0 0) 
0.858  (-0.28314 0 0) 
0.859  (-0.28347 0 0) 
0.86  (-0.2838 0 0) 
0.861  (-0.28413 0 0) 
0.862  (-0.28446 0 0) 
0.863  (-0.28479 0 0) 
0.864  (-0.28512 0 0) 
0.865  (-0.28545 0 0) 
0.866  (-0.28578 0 0) 
0.867  (-0.28611 0 0) 
0.868  (-0.28644 0 0) 
0.869  (-0.28677 0 0) 
0.87  (-0.2871 0 0) 
0.871  (-0.28743 0 0) 
0.872  (-0.28776 0 0) 
0.873  (-0.28809 0 0) 
0.874  (-0.28842 0 0) 
0.875  (-0.28875 0 0) 
0.876  (-0.28908 0 0) 
0.877  (-0.28941 0 0) 
0.878  (-0.28974 0 0) 
0.879  (-0.29007 0 0) 
0.88  (-0.2904 0 0) 
0.881  (-0.29073 0 0) 
0.882  (-0.29106 0 0) 
0.883  (-0.29139 0 0) 
0.884  (-0.29172 0 0) 
0.885  (-0.29205 0 0) 
0.886  (-0.29238 0 0) 
0.887  (-0.29271 0 0) 
0.888  (-0.29304 0 0) 
0.889  (-0.29337 0 0) 
0.89  (-0.2937 0 0) 
0.891  (-0.29403 0 0) 
0.892  (-0.29436 0 0) 
0.893  (-0.29469 0 0) 
0.894  (-0.29502 0 0) 
0.895  (-0.29535 0 0) 
0.896  (-0.29568 0 0) 
0.897  (-0.29601 0 0) 
0.898  (-0.29634 0 0) 
0.899  (-0.29667 0 0) 
0.9  (-0.297 0 0) 
0.901  (-0.29733 0 0) 
0.902  (-0.29766 0 0) 
0.903  (-0.29799 0 0) 
0.904  (-0.29832 0 0) 
0.905  (-0.29865 0 0) 
0.906  (-0.29898 0 0) 
0.907  (-0.29931 0 0) 
0.908  (-0.29964 0 0) 
0.909  (-0.29997 0 0) 
0.91  (-0.3003 0 0) 
0.911  (-0.30063 0 0) 
0.912  (-0.30096 0 0) 
0.913  (-0.30129 0 0) 
0.914  (-0.30162 0 0) 
0.915  (-0.30195 0 0) 
0.916  (-0.30228 0 0) 
0.917  (-0.30261 0 0) 
0.918  (-0.30294 0 0) 
0.919  (-0.30327 0 0) 
0.92  (-0.3036 0 0) 
0.921  (-0.30393 0 0) 
0.922  (-0.30426 0 0) 
0.923  (-0.30459 0 0) 
0.924  (-0.30492 0 0) 
0.925  (-0.30525 0 0) 
0.926  (-0.30558 0 0) 
0.927  (-0.30591 0 0) 
0.928  (-0.30624 0 0) 
0.929  (-0.30657 0 0) 
0.93  (-0.3069 0 0) 
0.931  (-0.30723 0 0) 
0.932  (-0.30756 0 0) 
0.933  (-0.30789 0 0) 
0.934  (-0.30822 0 0) 
0.935  (-0.30855 0 0) 
0.936  (-0.30888 0 0) 
0.937  (-0.30921 0 0) 
0.938  (-0.30954 0 0) 
0.939  (-0.30987 0 0) 
0.94  (-0.3102 0 0) 
0.941  (-0.31053 0 0) 
0.942  (-0.31086 0 0) 
0.943  (-0.31119 0 0) 
0.944  (-0.31152 0 0) 
0.945  (-0.31185 0 0) 
0.946  (-0.31218 0 0) 
0.947  (-0.31251 0 0) 
0.948  (-0.31284 0 0) 
0.949  (-0.31317 0 0) 
0.95  (-0.3135 0 0) 
0.951  (-0.31383 0 0) 
0.952  (-0.31416 0 0) 
0.953  (-0.31449 0 0) 
0.954  (-0.31482 0 0) 
0.955  (-0.31515 0 0) 
0.956  (-0.31548 0 0) 
0.957  (-0.31581 0 0) 
0.958  (-0.31614 0 0) 
0.959  (-0.31647 0 0) 
0.96  (-0.3168 0 0) 
0.961  (-0.31713 0 0) 
0.962  (-0.31746 0 0) 
0.963  (-0.31779 0 0) 
0.964  (-0.31812 0 0) 
0.965  (-0.31845 0 0) 
0.966  (-0.31878 0 0) 
0.967  (-0.31911 0 0) 
0.968  (-0.31944 0 0) 
0.969  (-0.31977 0 0) 
0.97  (-0.3201 0 0) 
0.971  (-0.32043 0 0) 
0.972  (-0.32076 0 0) 
0.973  (-0.32109 0 0) 
0.974  (-0.32142 0 0) 
0.975  (-0.32175 0 0) 
0.976  (-0.32208 0 0) 
0.977  (-0.32241 0 0) 
0.978  (-0.32274 0 0) 
0.979  (-0.32307 0 0) 
0.98  (-0.3234 0 0) 
0.981  (-0.32373 0 0) 
0.982  (-0.32406 0 0) 
0.983  (-0.32439 0 0) 
0.984  (-0.32472 0 0) 
0.985  (-0.32505 0 0) 
0.986  (-0.32538 0 0) 
0.987  (-0.32571 0 0) 
0.988  (-0.32604 0 0) 
0.989  (-0.32637 0 0) 
0.99  (-0.3267 0 0) 
0.991  (-0.32703 0 0) 
0.992  (-0.32736 0 0) 
0.993  (-0.32769 0 0) 
0.994  (-0.32802 0 0) 
0.995  (-0.32835 0 0) 
0.996  (-0.32868 0 0) 
0.997  (-0.32901 0 0) 
0.998  (-0.32934 0 0) 
0.999  (-0.32967 0 0) 
1  (-0.33 0 0) 
1.001  (-0.33033 0 0) 
1.002  (-0.33066 0 0) 
1.003  (-0.33099 0 0) 
1.004  (-0.33132 0 0) 
1.005  (-0.33165 0 0) 
1.006  (-0.33198 0 0) 
1.007  (-0.33231 0 0) 
1.008  (-0.33264 0 0) 
1.009  (-0.33297 0 0) 
1.01  (-0.3333 0 0) 
1.011  (-0.33363 0 0) 
1.012  (-0.33396 0 0) 
1.013  (-0.33429 0 0) 
1.014  (-0.33462 0 0) 
1.015  (-0.33495 0 0) 
1.016  (-0.33528 0 0) 
1.017  (-0.33561 0 0) 
1.018  (-0.33594 0 0) 
1.019  (-0.33627 0 0) 
1.02  (-0.3366 0 0) 
1.021  (-0.33693 0 0) 
1.022  (-0.33726 0 0) 
1.023  (-0.33759 0 0) 
1.024  (-0.33792 0 0) 
1.025  (-0.33825 0 0) 
1.026  (-0.33858 0 0) 
1.027  (-0.33891 0 0) 
1.028  (-0.33924 0 0) 
1.029  (-0.33957 0 0) 
1.03  (-0.3399 0 0) 
1.031  (-0.34023 0 0) 
1.032  (-0.34056 0 0) 
1.033  (-0.34089 0 0) 
1.034  (-0.34122 0 0) 
1.035  (-0.34155 0 0) 
1.036  (-0.34188 0 0) 
1.037  (-0.34221 0 0) 
1.038  (-0.34254 0 0) 
1.039  (-0.34287 0 0) 
1.04  (-0.3432 0 0) 
1.041  (-0.34353 0 0) 
1.042  (-0.34386 0 0) 
1.043  (-0.34419 0 0) 
1.044  (-0.34452 0 0) 
1.045  (-0.34485 0 0) 
1.046  (-0.34518 0 0) 
1.047  (-0.34551 0 0) 
1.048  (-0.34584 0 0) 
1.049  (-0.34617 0 0) 
1.05  (-0.3465 0 0) 
1.051  (-0.34683 0 0) 
1.052  (-0.34716 0 0) 
1.053  (-0.34749 0 0) 
1.054  (-0.34782 0 0) 
1.055  (-0.34815 0 0) 
1.056  (-0.34848 0 0) 
1.057  (-0.34881 0 0) 
1.058  (-0.34914 0 0) 
1.059  (-0.34947 0 0) 
1.06  (-0.3498 0 0) 
1.061  (-0.35013 0 0) 
1.062  (-0.35046 0 0) 
1.063  (-0.35079 0 0) 
1.064  (-0.35112 0 0) 
1.065  (-0.35145 0 0) 
1.066  (-0.35178 0 0) 
1.067  (-0.35211 0 0) 
1.068  (-0.35244 0 0) 
1.069  (-0.35277 0 0) 
1.07  (-0.3531 0 0) 
1.071  (-0.35343 0 0) 
1.072  (-0.35376 0 0) 
1.073  (-0.35409 0 0) 
1.074  (-0.35442 0 0) 
1.075  (-0.35475 0 0) 
1.076  (-0.35508 0 0) 
1.077  (-0.35541 0 0) 
1.078  (-0.35574 0 0) 
1.079  (-0.35607 0 0) 
1.08  (-0.3564 0 0) 
1.081  (-0.35673 0 0) 
1.082  (-0.35706 0 0) 
1.083  (-0.35739 0 0) 
1.084  (-0.35772 0 0) 
1.085  (-0.35805 0 0) 
1.086  (-0.35838 0 0) 
1.087  (-0.35871 0 0) 
1.088  (-0.35904 0 0) 
1.089  (-0.35937 0 0) 
1.09  (-0.3597 0 0) 
1.091  (-0.36003 0 0) 
1.092  (-0.36036 0 0) 
1.093  (-0.36069 0 0) 
1.094  (-0.36102 0 0) 
1.095  (-0.36135 0 0) 
1.096  (-0.36168 0 0) 
1.097  (-0.36201 0 0) 
1.098  (-0.36234 0 0) 
1.099  (-0.36267 0 0) 
1.1  (-0.363 0 0) 
1.101  (-0.36333 0 0) 
1.102  (-0.36366 0 0) 
1.103  (-0.36399 0 0) 
1.104  (-0.36432 0 0) 
1.105  (-0.36465 0 0) 
1.106  (-0.36498 0 0) 
1.107  (-0.36531 0 0) 
1.108  (-0.36564 0 0) 
1.109  (-0.36597 0 0) 
1.11  (-0.3663 0 0) 
1.111  (-0.36663 0 0) 
1.112  (-0.36696 0 0) 
1.113  (-0.36729 0 0) 
1.114  (-0.36762 0 0) 
1.115  (-0.36795 0 0) 
1.116  (-0.36828 0 0) 
1.117  (-0.36861 0 0) 
1.118  (-0.36894 0 0) 
1.119  (-0.36927 0 0) 
1.12  (-0.3696 0 0) 
1.121  (-0.36993 0 0) 
1.122  (-0.37026 0 0) 
1.123  (-0.37059 0 0) 
1.124  (-0.37092 0 0) 
1.125  (-0.37125 0 0) 
1.126  (-0.37158 0 0) 
1.127  (-0.37191 0 0) 
1.128  (-0.37224 0 0) 
1.129  (-0.37257 0 0) 
1.13  (-0.3729 0 0) 
1.131  (-0.37323 0 0) 
1.132  (-0.37356 0 0) 
1.133  (-0.37389 0 0) 
1.134  (-0.37422 0 0) 
1.135  (-0.37455 0 0) 
1.136  (-0.37488 0 0) 
1.137  (-0.37521 0 0) 
1.138  (-0.37554 0 0) 
1.139  (-0.37587 0 0) 
1.14  (-0.3762 0 0) 
1.141  (-0.37653 0 0) 
1.142  (-0.37686 0 0) 
1.143  (-0.37719 0 0) 
1.144  (-0.37752 0 0) 
1.145  (-0.37785 0 0) 
1.146  (-0.37818 0 0) 
1.147  (-0.37851 0 0) 
1.148  (-0.37884 0 0) 
1.149  (-0.37917 0 0) 
1.15  (-0.3795 0 0) 
1.151  (-0.37983 0 0) 
1.152  (-0.38016 0 0) 
1.153  (-0.38049 0 0) 
1.154  (-0.38082 0 0) 
1.155  (-0.38115 0 0) 
1.156  (-0.38148 0 0) 
1.157  (-0.38181 0 0) 
1.158  (-0.38214 0 0) 
1.159  (-0.38247 0 0) 
1.16  (-0.3828 0 0) 
1.161  (-0.38313 0 0) 
1.162  (-0.38346 0 0) 
1.163  (-0.38379 0 0) 
1.164  (-0.38412 0 0) 
1.165  (-0.38445 0 0) 
1.166  (-0.38478 0 0) 
1.167  (-0.38511 0 0) 
1.168  (-0.38544 0 0) 
1.169  (-0.38577 0 0) 
1.17  (-0.3861 0 0) 
1.171  (-0.38643 0 0) 
1.172  (-0.38676 0 0) 
1.173  (-0.38709 0 0) 
1.174  (-0.38742 0 0) 
1.175  (-0.38775 0 0) 
1.176  (-0.38808 0 0) 
1.177  (-0.38841 0 0) 
1.178  (-0.38874 0 0) 
1.179  (-0.38907 0 0) 
1.18  (-0.3894 0 0) 
1.181  (-0.38973 0 0) 
1.182  (-0.39006 0 0) 
1.183  (-0.39039 0 0) 
1.184  (-0.39072 0 0) 
1.185  (-0.39105 0 0) 
1.186  (-0.39138 0 0) 
1.187  (-0.39171 0 0) 
1.188  (-0.39204 0 0) 
1.189  (-0.39237 0 0) 
1.19  (-0.3927 0 0) 
1.191  (-0.39303 0 0) 
1.192  (-0.39336 0 0) 
1.193  (-0.39369 0 0) 
1.194  (-0.39402 0 0) 
1.195  (-0.39435 0 0) 
1.196  (-0.39468 0 0) 
1.197  (-0.39501 0 0) 
1.198  (-0.39534 0 0) 
1.199  (-0.39567 0 0) 
1.2  (-0.396 0 0) 
1.201  (-0.39633 0 0) 
1.202  (-0.39666 0 0) 
1.203  (-0.39699 0 0) 
1.204  (-0.39732 0 0) 
1.205  (-0.39765 0 0) 
1.206  (-0.39798 0 0) 
1.207  (-0.39831 0 0) 
1.208  (-0.39864 0 0) 
1.209  (-0.39897 0 0) 
1.21  (-0.3993 0 0) 
1.211  (-0.39963 0 0) 
1.212  (-0.39996 0 0) 
1.213  (-0.40029 0 0) 
1.214  (-0.40062 0 0) 
1.215  (-0.40095 0 0) 
1.216  (-0.40128 0 0) 
1.217  (-0.40161 0 0) 
1.218  (-0.40194 0 0) 
1.219  (-0.40227 0 0) 
1.22  (-0.4026 0 0) 
1.221  (-0.40293 0 0) 
1.222  (-0.40326 0 0) 
1.223  (-0.40359 0 0) 
1.224  (-0.40392 0 0) 
1.225  (-0.40425 0 0) 
1.226  (-0.40458 0 0) 
1.227  (-0.40491 0 0) 
1.228  (-0.40524 0 0) 
1.229  (-0.40557 0 0) 
1.23  (-0.4059 0 0) 
1.231  (-0.40623 0 0) 
1.232  (-0.40656 0 0) 
1.233  (-0.40689 0 0) 
1.234  (-0.40722 0 0) 
1.235  (-0.40755 0 0) 
1.236  (-0.40788 0 0) 
1.237  (-0.40821 0 0) 
1.238  (-0.40854 0 0) 
1.239  (-0.40887 0 0) 
1.24  (-0.4092 0 0) 
1.241  (-0.40953 0 0) 
1.242  (-0.40986 0 0) 
1.243  (-0.41019 0 0) 
1.244  (-0.41052 0 0) 
1.245  (-0.41085 0 0) 
1.246  (-0.41118 0 0) 
1.247  (-0.41151 0 0) 
1.248  (-0.41184 0 0) 
1.249  (-0.41217 0 0) 
1.25  (-0.4125 0 0) 
1.251  (-0.41283 0 0) 
1.252  (-0.41316 0 0) 
1.253  (-0.41349 0 0) 
1.254  (-0.41382 0 0) 
1.255  (-0.41415 0 0) 
1.256  (-0.41448 0 0) 
1.257  (-0.41481 0 0) 
1.258  (-0.41514 0 0) 
1.259  (-0.41547 0 0) 
1.26  (-0.4158 0 0) 
1.261  (-0.41613 0 0) 
1.262  (-0.41646 0 0) 
1.263  (-0.41679 0 0) 
1.264  (-0.41712 0 0) 
1.265  (-0.41745 0 0) 
1.266  (-0.41778 0 0) 
1.267  (-0.41811 0 0) 
1.268  (-0.41844 0 0) 
1.269  (-0.41877 0 0) 
1.27  (-0.4191 0 0) 
1.271  (-0.41943 0 0) 
1.272  (-0.41976 0 0) 
1.273  (-0.42009 0 0) 
1.274  (-0.42042 0 0) 
1.275  (-0.42075 0 0) 
1.276  (-0.42108 0 0) 
1.277  (-0.42141 0 0) 
1.278  (-0.42174 0 0) 
1.279  (-0.42207 0 0) 
1.28  (-0.4224 0 0) 
1.281  (-0.42273 0 0) 
1.282  (-0.42306 0 0) 
1.283  (-0.42339 0 0) 
1.284  (-0.42372 0 0) 
1.285  (-0.42405 0 0) 
1.286  (-0.42438 0 0) 
1.287  (-0.42471 0 0) 
1.288  (-0.42504 0 0) 
1.289  (-0.42537 0 0) 
1.29  (-0.4257 0 0) 
1.291  (-0.42603 0 0) 
1.292  (-0.42636 0 0) 
1.293  (-0.42669 0 0) 
1.294  (-0.42702 0 0) 
1.295  (-0.42735 0 0) 
1.296  (-0.42768 0 0) 
1.297  (-0.42801 0 0) 
1.298  (-0.42834 0 0) 
1.299  (-0.42867 0 0) 
1.3  (-0.429 0 0) 
1.301  (-0.42933 0 0) 
1.302  (-0.42966 0 0) 
1.303  (-0.42999 0 0) 
1.304  (-0.43032 0 0) 
1.305  (-0.43065 0 0) 
1.306  (-0.43098 0 0) 
1.307  (-0.43131 0 0) 
1.308  (-0.43164 0 0) 
1.309  (-0.43197 0 0) 
1.31  (-0.4323 0 0) 
1.311  (-0.43263 0 0) 
1.312  (-0.43296 0 0) 
1.313  (-0.43329 0 0) 
1.314  (-0.43362 0 0) 
1.315  (-0.43395 0 0) 
1.316  (-0.43428 0 0) 
1.317  (-0.43461 0 0) 
1.318  (-0.43494 0 0) 
1.319  (-0.43527 0 0) 
1.32  (-0.4356 0 0) 
1.321  (-0.43593 0 0) 
1.322  (-0.43626 0 0) 
1.323  (-0.43659 0 0) 
1.324  (-0.43692 0 0) 
1.325  (-0.43725 0 0) 
1.326  (-0.43758 0 0) 
1.327  (-0.43791 0 0) 
1.328  (-0.43824 0 0) 
1.329  (-0.43857 0 0) 
1.33  (-0.4389 0 0) 
1.331  (-0.43923 0 0) 
1.332  (-0.43956 0 0) 
1.333  (-0.43989 0 0) 
1.334  (-0.44022 0 0) 
1.335  (-0.44055 0 0) 
1.336  (-0.44088 0 0) 
1.337  (-0.44121 0 0) 
1.338  (-0.44154 0 0) 
1.339  (-0.44187 0 0) 
1.34  (-0.4422 0 0) 
1.341  (-0.44253 0 0) 
1.342  (-0.44286 0 0) 
1.343  (-0.44319 0 0) 
1.344  (-0.44352 0 0) 
1.345  (-0.44385 0 0) 
1.346  (-0.44418 0 0) 
1.347  (-0.44451 0 0) 
1.348  (-0.44484 0 0) 
1.349  (-0.44517 0 0) 
1.35  (-0.4455 0 0) 
1.351  (-0.44583 0 0) 
1.352  (-0.44616 0 0) 
1.353  (-0.44649 0 0) 
1.354  (-0.44682 0 0) 
1.355  (-0.44715 0 0) 
1.356  (-0.44748 0 0) 
1.357  (-0.44781 0 0) 
1.358  (-0.44814 0 0) 
1.359  (-0.44847 0 0) 
1.36  (-0.4488 0 0) 
1.361  (-0.44913 0 0) 
1.362  (-0.44946 0 0) 
1.363  (-0.44979 0 0) 
1.364  (-0.45012 0 0) 
1.365  (-0.45045 0 0) 
1.366  (-0.45078 0 0) 
1.367  (-0.45111 0 0) 
1.368  (-0.45144 0 0) 
1.369  (-0.45177 0 0) 
1.37  (-0.4521 0 0) 
1.371  (-0.45243 0 0) 
1.372  (-0.45276 0 0) 
1.373  (-0.45309 0 0) 
1.374  (-0.45342 0 0) 
1.375  (-0.45375 0 0) 
1.376  (-0.45408 0 0) 
1.377  (-0.45441 0 0) 
1.378  (-0.45474 0 0) 
1.379  (-0.45507 0 0) 
1.38  (-0.4554 0 0) 
1.381  (-0.45573 0 0) 
1.382  (-0.45606 0 0) 
1.383  (-0.45639 0 0) 
1.384  (-0.45672 0 0) 
1.385  (-0.45705 0 0) 
1.386  (-0.45738 0 0) 
1.387  (-0.45771 0 0) 
1.388  (-0.45804 0 0) 
1.389  (-0.45837 0 0) 
1.39  (-0.4587 0 0) 
1.391  (-0.45903 0 0) 
1.392  (-0.45936 0 0) 
1.393  (-0.45969 0 0) 
1.394  (-0.46002 0 0) 
1.395  (-0.46035 0 0) 
1.396  (-0.46068 0 0) 
1.397  (-0.46101 0 0) 
1.398  (-0.46134 0 0) 
1.399  (-0.46167 0 0) 
1.4  (-0.462 0 0) 
1.401  (-0.46233 0 0) 
1.402  (-0.46266 0 0) 
1.403  (-0.46299 0 0) 
1.404  (-0.46332 0 0) 
1.405  (-0.46365 0 0) 
1.406  (-0.46398 0 0) 
1.407  (-0.46431 0 0) 
1.408  (-0.46464 0 0) 
1.409  (-0.46497 0 0) 
1.41  (-0.4653 0 0) 
1.411  (-0.46563 0 0) 
1.412  (-0.46596 0 0) 
1.413  (-0.46629 0 0) 
1.414  (-0.46662 0 0) 
1.415  (-0.46695 0 0) 
1.416  (-0.46728 0 0) 
1.417  (-0.46761 0 0) 
1.418  (-0.46794 0 0) 
1.419  (-0.46827 0 0) 
1.42  (-0.4686 0 0) 
1.421  (-0.46893 0 0) 
1.422  (-0.46926 0 0) 
1.423  (-0.46959 0 0) 
1.424  (-0.46992 0 0) 
1.425  (-0.47025 0 0) 
1.426  (-0.47058 0 0) 
1.427  (-0.47091 0 0) 
1.428  (-0.47124 0 0) 
1.429  (-0.47157 0 0) 
1.43  (-0.4719 0 0) 
1.431  (-0.47223 0 0) 
1.432  (-0.47256 0 0) 
1.433  (-0.47289 0 0) 
1.434  (-0.47322 0 0) 
1.435  (-0.47355 0 0) 
1.436  (-0.47388 0 0) 
1.437  (-0.47421 0 0) 
1.438  (-0.47454 0 0) 
1.439  (-0.47487 0 0) 
1.44  (-0.4752 0 0) 
1.441  (-0.47553 0 0) 
1.442  (-0.47586 0 0) 
1.443  (-0.47619 0 0) 
1.444  (-0.47652 0 0) 
1.445  (-0.47685 0 0) 
1.446  (-0.47718 0 0) 
1.447  (-0.47751 0 0) 
1.448  (-0.47784 0 0) 
1.449  (-0.47817 0 0) 
1.45  (-0.4785 0 0) 
1.451  (-0.47883 0 0) 
1.452  (-0.47916 0 0) 
1.453  (-0.47949 0 0) 
1.454  (-0.47982 0 0) 
1.455  (-0.48015 0 0) 
1.456  (-0.48048 0 0) 
1.457  (-0.48081 0 0) 
1.458  (-0.48114 0 0) 
1.459  (-0.48147 0 0) 
1.46  (-0.4818 0 0) 
1.461  (-0.48213 0 0) 
1.462  (-0.48246 0 0) 
1.463  (-0.48279 0 0) 
1.464  (-0.48312 0 0) 
1.465  (-0.48345 0 0) 
1.466  (-0.48378 0 0) 
1.467  (-0.48411 0 0) 
1.468  (-0.48444 0 0) 
1.469  (-0.48477 0 0) 
1.47  (-0.4851 0 0) 
1.471  (-0.48543 0 0) 
1.472  (-0.48576 0 0) 
1.473  (-0.48609 0 0) 
1.474  (-0.48642 0 0) 
1.475  (-0.48675 0 0) 
1.476  (-0.48708 0 0) 
1.477  (-0.48741 0 0) 
1.478  (-0.48774 0 0) 
1.479  (-0.48807 0 0) 
1.48  (-0.4884 0 0) 
1.481  (-0.48873 0 0) 
1.482  (-0.48906 0 0) 
1.483  (-0.48939 0 0) 
1.484  (-0.48972 0 0) 
1.485  (-0.49005 0 0) 
1.486  (-0.49038 0 0) 
1.487  (-0.49071 0 0) 
1.488  (-0.49104 0 0) 
1.489  (-0.49137 0 0) 
1.49  (-0.4917 0 0) 
1.491  (-0.49203 0 0) 
1.492  (-0.49236 0 0) 
1.493  (-0.49269 0 0) 
1.494  (-0.49302 0 0) 
1.495  (-0.49335 0 0) 
1.496  (-0.49368 0 0) 
1.497  (-0.49401 0 0) 
1.498  (-0.49434 0 0) 
1.499  (-0.49467 0 0) 
1.5  (-0.495 0 0) 
1.501  (-0.49533 0 0) 
1.502  (-0.49566 0 0) 
1.503  (-0.49599 0 0) 
1.504  (-0.49632 0 0) 
1.505  (-0.49665 0 0) 
1.506  (-0.49698 0 0) 
1.507  (-0.49731 0 0) 
1.508  (-0.49764 0 0) 
1.509  (-0.49797 0 0) 
1.51  (-0.4983 0 0) 
1.511  (-0.49863 0 0) 
1.512  (-0.49896 0 0) 
1.513  (-0.49929 0 0) 
1.514  (-0.49962 0 0) 
1.515  (-0.49995 0 0) 
1.516  (-0.50028 0 0) 
1.517  (-0.50061 0 0) 
1.518  (-0.50094 0 0) 
1.519  (-0.50127 0 0) 
1.52  (-0.5016 0 0) 
1.521  (-0.50193 0 0) 
1.522  (-0.50226 0 0) 
1.523  (-0.50259 0 0) 
1.524  (-0.50292 0 0) 
1.525  (-0.50325 0 0) 
1.526  (-0.50358 0 0) 
1.527  (-0.50391 0 0) 
1.528  (-0.50424 0 0) 
1.529  (-0.50457 0 0) 
1.53  (-0.5049 0 0) 
1.531  (-0.50523 0 0) 
1.532  (-0.50556 0 0) 
1.533  (-0.50589 0 0) 
1.534  (-0.50622 0 0) 
1.535  (-0.50655 0 0) 
1.536  (-0.50688 0 0) 
1.537  (-0.50721 0 0) 
1.538  (-0.50754 0 0) 
1.539  (-0.50787 0 0) 
1.54  (-0.5082 0 0) 
1.541  (-0.50853 0 0) 
1.542  (-0.50886 0 0) 
1.543  (-0.50919 0 0) 
1.544  (-0.50952 0 0) 
1.545  (-0.50985 0 0) 
1.546  (-0.51018 0 0) 
1.547  (-0.51051 0 0) 
1.548  (-0.51084 0 0) 
1.549  (-0.51117 0 0) 
1.55  (-0.5115 0 0) 
1.551  (-0.51183 0 0) 
1.552  (-0.51216 0 0) 
1.553  (-0.51249 0 0) 
1.554  (-0.51282 0 0) 
1.555  (-0.51315 0 0) 
1.556  (-0.51348 0 0) 
1.557  (-0.51381 0 0) 
1.558  (-0.51414 0 0) 
1.559  (-0.51447 0 0) 
1.56  (-0.5148 0 0) 
1.561  (-0.51513 0 0) 
1.562  (-0.51546 0 0) 
1.563  (-0.51579 0 0) 
1.564  (-0.51612 0 0) 
1.565  (-0.51645 0 0) 
1.566  (-0.51678 0 0) 
1.567  (-0.51711 0 0) 
1.568  (-0.51744 0 0) 
1.569  (-0.51777 0 0) 
1.57  (-0.5181 0 0) 
1.571  (-0.51843 0 0) 
1.572  (-0.51876 0 0) 
1.573  (-0.51909 0 0) 
1.574  (-0.51942 0 0) 
1.575  (-0.51975 0 0) 
1.576  (-0.52008 0 0) 
1.577  (-0.52041 0 0) 
1.578  (-0.52074 0 0) 
1.579  (-0.52107 0 0) 
1.58  (-0.5214 0 0) 
1.581  (-0.52173 0 0) 
1.582  (-0.52206 0 0) 
1.583  (-0.52239 0 0) 
1.584  (-0.52272 0 0) 
1.585  (-0.52305 0 0) 
1.586  (-0.52338 0 0) 
1.587  (-0.52371 0 0) 
1.588  (-0.52404 0 0) 
1.589  (-0.52437 0 0) 
1.59  (-0.5247 0 0) 
1.591  (-0.52503 0 0) 
1.592  (-0.52536 0 0) 
1.593  (-0.52569 0 0) 
1.594  (-0.52602 0 0) 
1.595  (-0.52635 0 0) 
1.596  (-0.52668 0 0) 
1.597  (-0.52701 0 0) 
1.598  (-0.52734 0 0) 
1.599  (-0.52767 0 0) 
1.6  (-0.528 0 0) 
1.601  (-0.52833 0 0) 
1.602  (-0.52866 0 0) 
1.603  (-0.52899 0 0) 
1.604  (-0.52932 0 0) 
1.605  (-0.52965 0 0) 
1.606  (-0.52998 0 0) 
1.607  (-0.53031 0 0) 
1.608  (-0.53064 0 0) 
1.609  (-0.53097 0 0) 
1.61  (-0.5313 0 0) 
1.611  (-0.53163 0 0) 
1.612  (-0.53196 0 0) 
1.613  (-0.53229 0 0) 
1.614  (-0.53262 0 0) 
1.615  (-0.53295 0 0) 
1.616  (-0.53328 0 0) 
1.617  (-0.53361 0 0) 
1.618  (-0.53394 0 0) 
1.619  (-0.53427 0 0) 
1.62  (-0.5346 0 0) 
1.621  (-0.53493 0 0) 
1.622  (-0.53526 0 0) 
1.623  (-0.53559 0 0) 
1.624  (-0.53592 0 0) 
1.625  (-0.53625 0 0) 
1.626  (-0.53658 0 0) 
1.627  (-0.53691 0 0) 
1.628  (-0.53724 0 0) 
1.629  (-0.53757 0 0) 
1.63  (-0.5379 0 0) 
1.631  (-0.53823 0 0) 
1.632  (-0.53856 0 0) 
1.633  (-0.53889 0 0) 
1.634  (-0.53922 0 0) 
1.635  (-0.53955 0 0) 
1.636  (-0.53988 0 0) 
1.637  (-0.54021 0 0) 
1.638  (-0.54054 0 0) 
1.639  (-0.54087 0 0) 
1.64  (-0.5412 0 0) 
1.641  (-0.54153 0 0) 
1.642  (-0.54186 0 0) 
1.643  (-0.54219 0 0) 
1.644  (-0.54252 0 0) 
1.645  (-0.54285 0 0) 
1.646  (-0.54318 0 0) 
1.647  (-0.54351 0 0) 
1.648  (-0.54384 0 0) 
1.649  (-0.54417 0 0) 
1.65  (-0.5445 0 0) 
1.651  (-0.54483 0 0) 
1.652  (-0.54516 0 0) 
1.653  (-0.54549 0 0) 
1.654  (-0.54582 0 0) 
1.655  (-0.54615 0 0) 
1.656  (-0.54648 0 0) 
1.657  (-0.54681 0 0) 
1.658  (-0.54714 0 0) 
1.659  (-0.54747 0 0) 
1.66  (-0.5478 0 0) 
1.661  (-0.54813 0 0) 
1.662  (-0.54846 0 0) 
1.663  (-0.54879 0 0) 
1.664  (-0.54912 0 0) 
1.665  (-0.54945 0 0) 
1.666  (-0.54978 0 0) 
1.667  (-0.55011 0 0) 
1.668  (-0.55044 0 0) 
1.669  (-0.55077 0 0) 
1.67  (-0.5511 0 0) 
1.671  (-0.55143 0 0) 
1.672  (-0.55176 0 0) 
1.673  (-0.55209 0 0) 
1.674  (-0.55242 0 0) 
1.675  (-0.55275 0 0) 
1.676  (-0.55308 0 0) 
1.677  (-0.55341 0 0) 
1.678  (-0.55374 0 0) 
1.679  (-0.55407 0 0) 
1.68  (-0.5544 0 0) 
1.681  (-0.55473 0 0) 
1.682  (-0.55506 0 0) 
1.683  (-0.55539 0 0) 
1.684  (-0.55572 0 0) 
1.685  (-0.55605 0 0) 
1.686  (-0.55638 0 0) 
1.687  (-0.55671 0 0) 
1.688  (-0.55704 0 0) 
1.689  (-0.55737 0 0) 
1.69  (-0.5577 0 0) 
1.691  (-0.55803 0 0) 
1.692  (-0.55836 0 0) 
1.693  (-0.55869 0 0) 
1.694  (-0.55902 0 0) 
1.695  (-0.55935 0 0) 
1.696  (-0.55968 0 0) 
1.697  (-0.56001 0 0) 
1.698  (-0.56034 0 0) 
1.699  (-0.56067 0 0) 
1.7  (-0.561 0 0) 
1.701  (-0.56133 0 0) 
1.702  (-0.56166 0 0) 
1.703  (-0.56199 0 0) 
1.704  (-0.56232 0 0) 
1.705  (-0.56265 0 0) 
1.706  (-0.56298 0 0) 
1.707  (-0.56331 0 0) 
1.708  (-0.56364 0 0) 
1.709  (-0.56397 0 0) 
1.71  (-0.5643 0 0) 
1.711  (-0.56463 0 0) 
1.712  (-0.56496 0 0) 
1.713  (-0.56529 0 0) 
1.714  (-0.56562 0 0) 
1.715  (-0.56595 0 0) 
1.716  (-0.56628 0 0) 
1.717  (-0.56661 0 0) 
1.718  (-0.56694 0 0) 
1.719  (-0.56727 0 0) 
1.72  (-0.5676 0 0) 
1.721  (-0.56793 0 0) 
1.722  (-0.56826 0 0) 
1.723  (-0.56859 0 0) 
1.724  (-0.56892 0 0) 
1.725  (-0.56925 0 0) 
1.726  (-0.56958 0 0) 
1.727  (-0.56991 0 0) 
1.728  (-0.57024 0 0) 
1.729  (-0.57057 0 0) 
1.73  (-0.5709 0 0) 
1.731  (-0.57123 0 0) 
1.732  (-0.57156 0 0) 
1.733  (-0.57189 0 0) 
1.734  (-0.57222 0 0) 
1.735  (-0.57255 0 0) 
1.736  (-0.57288 0 0) 
1.737  (-0.57321 0 0) 
1.738  (-0.57354 0 0) 
1.739  (-0.57387 0 0) 
1.74  (-0.5742 0 0) 
1.741  (-0.57453 0 0) 
1.742  (-0.57486 0 0) 
1.743  (-0.57519 0 0) 
1.744  (-0.57552 0 0) 
1.745  (-0.57585 0 0) 
1.746  (-0.57618 0 0) 
1.747  (-0.57651 0 0) 
1.748  (-0.57684 0 0) 
1.749  (-0.57717 0 0) 
1.75  (-0.5775 0 0) 
1.751  (-0.57783 0 0) 
1.752  (-0.57816 0 0) 
1.753  (-0.57849 0 0) 
1.754  (-0.57882 0 0) 
1.755  (-0.57915 0 0) 
1.756  (-0.57948 0 0) 
1.757  (-0.57981 0 0) 
1.758  (-0.58014 0 0) 
1.759  (-0.58047 0 0) 
1.76  (-0.5808 0 0) 
1.761  (-0.58113 0 0) 
1.762  (-0.58146 0 0) 
1.763  (-0.58179 0 0) 
1.764  (-0.58212 0 0) 
1.765  (-0.58245 0 0) 
1.766  (-0.58278 0 0) 
1.767  (-0.58311 0 0) 
1.768  (-0.58344 0 0) 
1.769  (-0.58377 0 0) 
1.77  (-0.5841 0 0) 
1.771  (-0.58443 0 0) 
1.772  (-0.58476 0 0) 
1.773  (-0.58509 0 0) 
1.774  (-0.58542 0 0) 
1.775  (-0.58575 0 0) 
1.776  (-0.58608 0 0) 
1.777  (-0.58641 0 0) 
1.778  (-0.58674 0 0) 
1.779  (-0.58707 0 0) 
1.78  (-0.5874 0 0) 
1.781  (-0.58773 0 0) 
1.782  (-0.58806 0 0) 
1.783  (-0.58839 0 0) 
1.784  (-0.58872 0 0) 
1.785  (-0.58905 0 0) 
1.786  (-0.58938 0 0) 
1.787  (-0.58971 0 0) 
1.788  (-0.59004 0 0) 
1.789  (-0.59037 0 0) 
1.79  (-0.5907 0 0) 
1.791  (-0.59103 0 0) 
1.792  (-0.59136 0 0) 
1.793  (-0.59169 0 0) 
1.794  (-0.59202 0 0) 
1.795  (-0.59235 0 0) 
1.796  (-0.59268 0 0) 
1.797  (-0.59301 0 0) 
1.798  (-0.59334 0 0) 
1.799  (-0.59367 0 0) 
1.8  (-0.594 0 0) 
1.801  (-0.59433 0 0) 
1.802  (-0.59466 0 0) 
1.803  (-0.59499 0 0) 
1.804  (-0.59532 0 0) 
1.805  (-0.59565 0 0) 
1.806  (-0.59598 0 0) 
1.807  (-0.59631 0 0) 
1.808  (-0.59664 0 0) 
1.809  (-0.59697 0 0) 
1.81  (-0.5973 0 0) 
1.811  (-0.59763 0 0) 
1.812  (-0.59796 0 0) 
1.813  (-0.59829 0 0) 
1.814  (-0.59862 0 0) 
1.815  (-0.59895 0 0) 
1.816  (-0.59928 0 0) 
1.817  (-0.59961 0 0) 
1.818  (-0.59994 0 0) 
1.819  (-0.60027 0 0) 
1.82  (-0.6006 0 0) 
1.821  (-0.60093 0 0) 
1.822  (-0.60126 0 0) 
1.823  (-0.60159 0 0) 
1.824  (-0.60192 0 0) 
1.825  (-0.60225 0 0) 
1.826  (-0.60258 0 0) 
1.827  (-0.60291 0 0) 
1.828  (-0.60324 0 0) 
1.829  (-0.60357 0 0) 
1.83  (-0.6039 0 0) 
1.831  (-0.60423 0 0) 
1.832  (-0.60456 0 0) 
1.833  (-0.60489 0 0) 
1.834  (-0.60522 0 0) 
1.835  (-0.60555 0 0) 
1.836  (-0.60588 0 0) 
1.837  (-0.60621 0 0) 
1.838  (-0.60654 0 0) 
1.839  (-0.60687 0 0) 
1.84  (-0.6072 0 0) 
1.841  (-0.60753 0 0) 
1.842  (-0.60786 0 0) 
1.843  (-0.60819 0 0) 
1.844  (-0.60852 0 0) 
1.845  (-0.60885 0 0) 
1.846  (-0.60918 0 0) 
1.847  (-0.60951 0 0) 
1.848  (-0.60984 0 0) 
1.849  (-0.61017 0 0) 
1.85  (-0.6105 0 0) 
1.851  (-0.61083 0 0) 
1.852  (-0.61116 0 0) 
1.853  (-0.61149 0 0) 
1.854  (-0.61182 0 0) 
1.855  (-0.61215 0 0) 
1.856  (-0.61248 0 0) 
1.857  (-0.61281 0 0) 
1.858  (-0.61314 0 0) 
1.859  (-0.61347 0 0) 
1.86  (-0.6138 0 0) 
1.861  (-0.61413 0 0) 
1.862  (-0.61446 0 0) 
1.863  (-0.61479 0 0) 
1.864  (-0.61512 0 0) 
1.865  (-0.61545 0 0) 
1.866  (-0.61578 0 0) 
1.867  (-0.61611 0 0) 
1.868  (-0.61644 0 0) 
1.869  (-0.61677 0 0) 
1.87  (-0.6171 0 0) 
1.871  (-0.61743 0 0) 
1.872  (-0.61776 0 0) 
1.873  (-0.61809 0 0) 
1.874  (-0.61842 0 0) 
1.875  (-0.61875 0 0) 
1.876  (-0.61908 0 0) 
1.877  (-0.61941 0 0) 
1.878  (-0.61974 0 0) 
1.879  (-0.62007 0 0) 
1.88  (-0.6204 0 0) 
1.881  (-0.62073 0 0) 
1.882  (-0.62106 0 0) 
1.883  (-0.62139 0 0) 
1.884  (-0.62172 0 0) 
1.885  (-0.62205 0 0) 
1.886  (-0.62238 0 0) 
1.887  (-0.62271 0 0) 
1.888  (-0.62304 0 0) 
1.889  (-0.62337 0 0) 
1.89  (-0.6237 0 0) 
1.891  (-0.62403 0 0) 
1.892  (-0.62436 0 0) 
1.893  (-0.62469 0 0) 
1.894  (-0.62502 0 0) 
1.895  (-0.62535 0 0) 
1.896  (-0.62568 0 0) 
1.897  (-0.62601 0 0) 
1.898  (-0.62634 0 0) 
1.899  (-0.62667 0 0) 
1.9  (-0.627 0 0) 
1.901  (-0.62733 0 0) 
1.902  (-0.62766 0 0) 
1.903  (-0.62799 0 0) 
1.904  (-0.62832 0 0) 
1.905  (-0.62865 0 0) 
1.906  (-0.62898 0 0) 
1.907  (-0.62931 0 0) 
1.908  (-0.62964 0 0) 
1.909  (-0.62997 0 0) 
1.91  (-0.6303 0 0) 
1.911  (-0.63063 0 0) 
1.912  (-0.63096 0 0) 
1.913  (-0.63129 0 0) 
1.914  (-0.63162 0 0) 
1.915  (-0.63195 0 0) 
1.916  (-0.63228 0 0) 
1.917  (-0.63261 0 0) 
1.918  (-0.63294 0 0) 
1.919  (-0.63327 0 0) 
1.92  (-0.6336 0 0) 
1.921  (-0.63393 0 0) 
1.922  (-0.63426 0 0) 
1.923  (-0.63459 0 0) 
1.924  (-0.63492 0 0) 
1.925  (-0.63525 0 0) 
1.926  (-0.63558 0 0) 
1.927  (-0.63591 0 0) 
1.928  (-0.63624 0 0) 
1.929  (-0.63657 0 0) 
1.93  (-0.6369 0 0) 
1.931  (-0.63723 0 0) 
1.932  (-0.63756 0 0) 
1.933  (-0.63789 0 0) 
1.934  (-0.63822 0 0) 
1.935  (-0.63855 0 0) 
1.936  (-0.63888 0 0) 
1.937  (-0.63921 0 0) 
1.938  (-0.63954 0 0) 
1.939  (-0.63987 0 0) 
1.94  (-0.6402 0 0) 
1.941  (-0.64053 0 0) 
1.942  (-0.64086 0 0) 
1.943  (-0.64119 0 0) 
1.944  (-0.64152 0 0) 
1.945  (-0.64185 0 0) 
1.946  (-0.64218 0 0) 
1.947  (-0.64251 0 0) 
1.948  (-0.64284 0 0) 
1.949  (-0.64317 0 0) 
1.95  (-0.6435 0 0) 
1.951  (-0.64383 0 0) 
1.952  (-0.64416 0 0) 
1.953  (-0.64449 0 0) 
1.954  (-0.64482 0 0) 
1.955  (-0.64515 0 0) 
1.956  (-0.64548 0 0) 
1.957  (-0.64581 0 0) 
1.958  (-0.64614 0 0) 
1.959  (-0.64647 0 0) 
1.96  (-0.6468 0 0) 
1.961  (-0.64713 0 0) 
1.962  (-0.64746 0 0) 
1.963  (-0.64779 0 0) 
1.964  (-0.64812 0 0) 
1.965  (-0.64845 0 0) 
1.966  (-0.64878 0 0) 
1.967  (-0.64911 0 0) 
1.968  (-0.64944 0 0) 
1.969  (-0.64977 0 0) 
1.97  (-0.6501 0 0) 
1.971  (-0.65043 0 0) 
1.972  (-0.65076 0 0) 
1.973  (-0.65109 0 0) 
1.974  (-0.65142 0 0) 
1.975  (-0.65175 0 0) 
1.976  (-0.65208 0 0) 
1.977  (-0.65241 0 0) 
1.978  (-0.65274 0 0) 
1.979  (-0.65307 0 0) 
1.98  (-0.6534 0 0) 
1.981  (-0.65373 0 0) 
1.982  (-0.65406 0 0) 
1.983  (-0.65439 0 0) 
1.984  (-0.65472 0 0) 
1.985  (-0.65505 0 0) 
1.986  (-0.65538 0 0) 
1.987  (-0.65571 0 0) 
1.988  (-0.65604 0 0) 
1.989  (-0.65637 0 0) 
1.99  (-0.6567 0 0) 
1.991  (-0.65703 0 0) 
1.992  (-0.65736 0 0) 
1.993  (-0.65769 0 0) 
1.994  (-0.65802 0 0) 
1.995  (-0.65835 0 0) 
1.996  (-0.65868 0 0) 
1.997  (-0.65901 0 0) 
1.998  (-0.65934 0 0) 
1.999  (-0.65967 0 0) 
2  (-0.66 0 0) 
2.001  (-0.66033 0 0) 
2.002  (-0.66066 0 0) 
2.003  (-0.66099 0 0) 
2.004  (-0.66132 0 0) 
2.005  (-0.66165 0 0) 
2.006  (-0.66198 0 0) 
2.007  (-0.66231 0 0) 
2.008  (-0.66264 0 0) 
2.009  (-0.66297 0 0) 
2.01  (-0.6633 0 0) 
2.011  (-0.66363 0 0) 
2.012  (-0.66396 0 0) 
2.013  (-0.66429 0 0) 
2.014  (-0.66462 0 0) 
2.015  (-0.66495 0 0) 
2.016  (-0.66528 0 0) 
2.017  (-0.66561 0 0) 
2.018  (-0.66594 0 0) 
2.019  (-0.66627 0 0) 
2.02  (-0.6666 0 0) 
2.021  (-0.66693 0 0) 
2.022  (-0.66726 0 0) 
2.023  (-0.66759 0 0) 
2.024  (-0.66792 0 0) 
2.025  (-0.66825 0 0) 
2.026  (-0.66858 0 0) 
2.027  (-0.66891 0 0) 
2.028  (-0.66924 0 0) 
2.029  (-0.66957 0 0) 
2.03  (-0.6699 0 0) 
2.031  (-0.67023 0 0) 
2.032  (-0.67056 0 0) 
2.033  (-0.67089 0 0) 
2.034  (-0.67122 0 0) 
2.035  (-0.67155 0 0) 
2.036  (-0.67188 0 0) 
2.037  (-0.67221 0 0) 
2.038  (-0.67254 0 0) 
2.039  (-0.67287 0 0) 
2.04  (-0.6732 0 0) 
2.041  (-0.67353 0 0) 
2.042  (-0.67386 0 0) 
2.043  (-0.67419 0 0) 
2.044  (-0.67452 0 0) 
2.045  (-0.67485 0 0) 
2.046  (-0.67518 0 0) 
2.047  (-0.67551 0 0) 
2.048  (-0.67584 0 0) 
2.049  (-0.67617 0 0) 
2.05  (-0.6765 0 0) 
2.051  (-0.67683 0 0) 
2.052  (-0.67716 0 0) 
2.053  (-0.67749 0 0) 
2.054  (-0.67782 0 0) 
2.055  (-0.67815 0 0) 
2.056  (-0.67848 0 0) 
2.057  (-0.67881 0 0) 
2.058  (-0.67914 0 0) 
2.059  (-0.67947 0 0) 
2.06  (-0.6798 0 0) 
2.061  (-0.68013 0 0) 
2.062  (-0.68046 0 0) 
2.063  (-0.68079 0 0) 
2.064  (-0.68112 0 0) 
2.065  (-0.68145 0 0) 
2.066  (-0.68178 0 0) 
2.067  (-0.68211 0 0) 
2.068  (-0.68244 0 0) 
2.069  (-0.68277 0 0) 
2.07  (-0.6831 0 0) 
2.071  (-0.68343 0 0) 
2.072  (-0.68376 0 0) 
2.073  (-0.68409 0 0) 
2.074  (-0.68442 0 0) 
2.075  (-0.68475 0 0) 
2.076  (-0.68508 0 0) 
2.077  (-0.68541 0 0) 
2.078  (-0.68574 0 0) 
2.079  (-0.68607 0 0) 
2.08  (-0.6864 0 0) 
2.081  (-0.68673 0 0) 
2.082  (-0.68706 0 0) 
2.083  (-0.68739 0 0) 
2.084  (-0.68772 0 0) 
2.085  (-0.68805 0 0) 
2.086  (-0.68838 0 0) 
2.087  (-0.68871 0 0) 
2.088  (-0.68904 0 0) 
2.089  (-0.68937 0 0) 
2.09  (-0.6897 0 0) 
2.091  (-0.69003 0 0) 
2.092  (-0.69036 0 0) 
2.093  (-0.69069 0 0) 
2.094  (-0.69102 0 0) 
2.095  (-0.69135 0 0) 
2.096  (-0.69168 0 0) 
2.097  (-0.69201 0 0) 
2.098  (-0.69234 0 0) 
2.099  (-0.69267 0 0) 
2.1  (-0.693 0 0) 
2.101  (-0.69333 0 0) 
2.102  (-0.69366 0 0) 
2.103  (-0.69399 0 0) 
2.104  (-0.69432 0 0) 
2.105  (-0.69465 0 0) 
2.106  (-0.69498 0 0) 
2.107  (-0.69531 0 0) 
2.108  (-0.69564 0 0) 
2.109  (-0.69597 0 0) 
2.11  (-0.6963 0 0) 
2.111  (-0.69663 0 0) 
2.112  (-0.69696 0 0) 
2.113  (-0.69729 0 0) 
2.114  (-0.69762 0 0) 
2.115  (-0.69795 0 0) 
2.116  (-0.69828 0 0) 
2.117  (-0.69861 0 0) 
2.118  (-0.69894 0 0) 
2.119  (-0.69927 0 0) 
2.12  (-0.6996 0 0) 
2.121  (-0.69993 0 0) 
2.122  (-0.70026 0 0) 
2.123  (-0.70059 0 0) 
2.124  (-0.70092 0 0) 
2.125  (-0.70125 0 0) 
2.126  (-0.70158 0 0) 
2.127  (-0.70191 0 0) 
2.128  (-0.70224 0 0) 
2.129  (-0.70257 0 0) 
2.13  (-0.7029 0 0) 
2.131  (-0.70323 0 0) 
2.132  (-0.70356 0 0) 
2.133  (-0.70389 0 0) 
2.134  (-0.70422 0 0) 
2.135  (-0.70455 0 0) 
2.136  (-0.70488 0 0) 
2.137  (-0.70521 0 0) 
2.138  (-0.70554 0 0) 
2.139  (-0.70587 0 0) 
2.14  (-0.7062 0 0) 
2.141  (-0.70653 0 0) 
2.142  (-0.70686 0 0) 
2.143  (-0.70719 0 0) 
2.144  (-0.70752 0 0) 
2.145  (-0.70785 0 0) 
2.146  (-0.70818 0 0) 
2.147  (-0.70851 0 0) 
2.148  (-0.70884 0 0) 
2.149  (-0.70917 0 0) 
2.15  (-0.7095 0 0) 
2.151  (-0.70983 0 0) 
2.152  (-0.71016 0 0) 
2.153  (-0.71049 0 0) 
2.154  (-0.71082 0 0) 
2.155  (-0.71115 0 0) 
2.156  (-0.71148 0 0) 
2.157  (-0.71181 0 0) 
2.158  (-0.71214 0 0) 
2.159  (-0.71247 0 0) 
2.16  (-0.7128 0 0) 
2.161  (-0.71313 0 0) 
2.162  (-0.71346 0 0) 
2.163  (-0.71379 0 0) 
2.164  (-0.71412 0 0) 
2.165  (-0.71445 0 0) 
2.166  (-0.71478 0 0) 
2.167  (-0.71511 0 0) 
2.168  (-0.71544 0 0) 
2.169  (-0.71577 0 0) 
2.17  (-0.7161 0 0) 
2.171  (-0.71643 0 0) 
2.172  (-0.71676 0 0) 
2.173  (-0.71709 0 0) 
2.174  (-0.71742 0 0) 
2.175  (-0.71775 0 0) 
2.176  (-0.71808 0 0) 
2.177  (-0.71841 0 0) 
2.178  (-0.71874 0 0) 
2.179  (-0.71907 0 0) 
2.18  (-0.7194 0 0) 
2.181  (-0.71973 0 0) 
2.182  (-0.72006 0 0) 
2.183  (-0.72039 0 0) 
2.184  (-0.72072 0 0) 
2.185  (-0.72105 0 0) 
2.186  (-0.72138 0 0) 
2.187  (-0.72171 0 0) 
2.188  (-0.72204 0 0) 
2.189  (-0.72237 0 0) 
2.19  (-0.7227 0 0) 
2.191  (-0.72303 0 0) 
2.192  (-0.72336 0 0) 
2.193  (-0.72369 0 0) 
2.194  (-0.72402 0 0) 
2.195  (-0.72435 0 0) 
2.196  (-0.72468 0 0) 
2.197  (-0.72501 0 0) 
2.198  (-0.72534 0 0) 
2.199  (-0.72567 0 0) 
2.2  (-0.726 0 0) 
2.201  (-0.72633 0 0) 
2.202  (-0.72666 0 0) 
2.203  (-0.72699 0 0) 
2.204  (-0.72732 0 0) 
2.205  (-0.72765 0 0) 
2.206  (-0.72798 0 0) 
2.207  (-0.72831 0 0) 
2.208  (-0.72864 0 0) 
2.209  (-0.72897 0 0) 
2.21  (-0.7293 0 0) 
2.211  (-0.72963 0 0) 
2.212  (-0.72996 0 0) 
2.213  (-0.73029 0 0) 
2.214  (-0.73062 0 0) 
2.215  (-0.73095 0 0) 
2.216  (-0.73128 0 0) 
2.217  (-0.73161 0 0) 
2.218  (-0.73194 0 0) 
2.219  (-0.73227 0 0) 
2.22  (-0.7326 0 0) 
2.221  (-0.73293 0 0) 
2.222  (-0.73326 0 0) 
2.223  (-0.73359 0 0) 
2.224  (-0.73392 0 0) 
2.225  (-0.73425 0 0) 
2.226  (-0.73458 0 0) 
2.227  (-0.73491 0 0) 
2.228  (-0.73524 0 0) 
2.229  (-0.73557 0 0) 
2.23  (-0.7359 0 0) 
2.231  (-0.73623 0 0) 
2.232  (-0.73656 0 0) 
2.233  (-0.73689 0 0) 
2.234  (-0.73722 0 0) 
2.235  (-0.73755 0 0) 
2.236  (-0.73788 0 0) 
2.237  (-0.73821 0 0) 
2.238  (-0.73854 0 0) 
2.239  (-0.73887 0 0) 
2.24  (-0.7392 0 0) 
2.241  (-0.73953 0 0) 
2.242  (-0.73986 0 0) 
2.243  (-0.74019 0 0) 
2.244  (-0.74052 0 0) 
2.245  (-0.74085 0 0) 
2.246  (-0.74118 0 0) 
2.247  (-0.74151 0 0) 
2.248  (-0.74184 0 0) 
2.249  (-0.74217 0 0) 
2.25  (-0.7425 0 0) 
2.251  (-0.74283 0 0) 
2.252  (-0.74316 0 0) 
2.253  (-0.74349 0 0) 
2.254  (-0.74382 0 0) 
2.255  (-0.74415 0 0) 
2.256  (-0.74448 0 0) 
2.257  (-0.74481 0 0) 
2.258  (-0.74514 0 0) 
2.259  (-0.74547 0 0) 
2.26  (-0.7458 0 0) 
2.261  (-0.74613 0 0) 
2.262  (-0.74646 0 0) 
2.263  (-0.74679 0 0) 
2.264  (-0.74712 0 0) 
2.265  (-0.74745 0 0) 
2.266  (-0.74778 0 0) 
2.267  (-0.74811 0 0) 
2.268  (-0.74844 0 0) 
2.269  (-0.74877 0 0) 
2.27  (-0.7491 0 0) 
2.271  (-0.74943 0 0) 
2.272  (-0.74976 0 0) 
2.273  (-0.75009 0 0) 
2.274  (-0.75042 0 0) 
2.275  (-0.75075 0 0) 
2.276  (-0.75108 0 0) 
2.277  (-0.75141 0 0) 
2.278  (-0.75174 0 0) 
2.279  (-0.75207 0 0) 
2.28  (-0.7524 0 0) 
2.281  (-0.75273 0 0) 
2.282  (-0.75306 0 0) 
2.283  (-0.75339 0 0) 
2.284  (-0.75372 0 0) 
2.285  (-0.75405 0 0) 
2.286  (-0.75438 0 0) 
2.287  (-0.75471 0 0) 
2.288  (-0.75504 0 0) 
2.289  (-0.75537 0 0) 
2.29  (-0.7557 0 0) 
2.291  (-0.75603 0 0) 
2.292  (-0.75636 0 0) 
2.293  (-0.75669 0 0) 
2.294  (-0.75702 0 0) 
2.295  (-0.75735 0 0) 
2.296  (-0.75768 0 0) 
2.297  (-0.75801 0 0) 
2.298  (-0.75834 0 0) 
2.299  (-0.75867 0 0) 
2.3  (-0.759 0 0) 
2.301  (-0.75933 0 0) 
2.302  (-0.75966 0 0) 
2.303  (-0.75999 0 0) 
2.304  (-0.76032 0 0) 
2.305  (-0.76065 0 0) 
2.306  (-0.76098 0 0) 
2.307  (-0.76131 0 0) 
2.308  (-0.76164 0 0) 
2.309  (-0.76197 0 0) 
2.31  (-0.7623 0 0) 
2.311  (-0.76263 0 0) 
2.312  (-0.76296 0 0) 
2.313  (-0.76329 0 0) 
2.314  (-0.76362 0 0) 
2.315  (-0.76395 0 0) 
2.316  (-0.76428 0 0) 
2.317  (-0.76461 0 0) 
2.318  (-0.76494 0 0) 
2.319  (-0.76527 0 0) 
2.32  (-0.7656 0 0) 
2.321  (-0.76593 0 0) 
2.322  (-0.76626 0 0) 
2.323  (-0.76659 0 0) 
2.324  (-0.76692 0 0) 
2.325  (-0.76725 0 0) 
2.326  (-0.76758 0 0) 
2.327  (-0.76791 0 0) 
2.328  (-0.76824 0 0) 
2.329  (-0.76857 0 0) 
2.33  (-0.7689 0 0) 
2.331  (-0.76923 0 0) 
2.332  (-0.76956 0 0) 
2.333  (-0.76989 0 0) 
2.334  (-0.77022 0 0) 
2.335  (-0.77055 0 0) 
2.336  (-0.77088 0 0) 
2.337  (-0.77121 0 0) 
2.338  (-0.77154 0 0) 
2.339  (-0.77187 0 0) 
2.34  (-0.7722 0 0) 
2.341  (-0.77253 0 0) 
2.342  (-0.77286 0 0) 
2.343  (-0.77319 0 0) 
2.344  (-0.77352 0 0) 
2.345  (-0.77385 0 0) 
2.346  (-0.77418 0 0) 
2.347  (-0.77451 0 0) 
2.348  (-0.77484 0 0) 
2.349  (-0.77517 0 0) 
2.35  (-0.7755 0 0) 
2.351  (-0.77583 0 0) 
2.352  (-0.77616 0 0) 
2.353  (-0.77649 0 0) 
2.354  (-0.77682 0 0) 
2.355  (-0.77715 0 0) 
2.356  (-0.77748 0 0) 
2.357  (-0.77781 0 0) 
2.358  (-0.77814 0 0) 
2.359  (-0.77847 0 0) 
2.36  (-0.7788 0 0) 
2.361  (-0.77913 0 0) 
2.362  (-0.77946 0 0) 
2.363  (-0.77979 0 0) 
2.364  (-0.78012 0 0) 
2.365  (-0.78045 0 0) 
2.366  (-0.78078 0 0) 
2.367  (-0.78111 0 0) 
2.368  (-0.78144 0 0) 
2.369  (-0.78177 0 0) 
2.37  (-0.7821 0 0) 
2.371  (-0.78243 0 0) 
2.372  (-0.78276 0 0) 
2.373  (-0.78309 0 0) 
2.374  (-0.78342 0 0) 
2.375  (-0.78375 0 0) 
2.376  (-0.78408 0 0) 
2.377  (-0.78441 0 0) 
2.378  (-0.78474 0 0) 
2.379  (-0.78507 0 0) 
2.38  (-0.7854 0 0) 
2.381  (-0.78573 0 0) 
2.382  (-0.78606 0 0) 
2.383  (-0.78639 0 0) 
2.384  (-0.78672 0 0) 
2.385  (-0.78705 0 0) 
2.386  (-0.78738 0 0) 
2.387  (-0.78771 0 0) 
2.388  (-0.78804 0 0) 
2.389  (-0.78837 0 0) 
2.39  (-0.7887 0 0) 
2.391  (-0.78903 0 0) 
2.392  (-0.78936 0 0) 
2.393  (-0.78969 0 0) 
2.394  (-0.79002 0 0) 
2.395  (-0.79035 0 0) 
2.396  (-0.79068 0 0) 
2.397  (-0.79101 0 0) 
2.398  (-0.79134 0 0) 
2.399  (-0.79167 0 0) 
2.4  (-0.792 0 0) 
2.401  (-0.79233 0 0) 
2.402  (-0.79266 0 0) 
2.403  (-0.79299 0 0) 
2.404  (-0.79332 0 0) 
2.405  (-0.79365 0 0) 
2.406  (-0.79398 0 0) 
2.407  (-0.79431 0 0) 
2.408  (-0.79464 0 0) 
2.409  (-0.79497 0 0) 
2.41  (-0.7953 0 0) 
2.411  (-0.79563 0 0) 
2.412  (-0.79596 0 0) 
2.413  (-0.79629 0 0) 
2.414  (-0.79662 0 0) 
2.415  (-0.79695 0 0) 
2.416  (-0.79728 0 0) 
2.417  (-0.79761 0 0) 
2.418  (-0.79794 0 0) 
2.419  (-0.79827 0 0) 
2.42  (-0.7986 0 0) 
2.421  (-0.79893 0 0) 
2.422  (-0.79926 0 0) 
2.423  (-0.79959 0 0) 
2.424  (-0.79992 0 0) 
2.425  (-0.80025 0 0) 
2.426  (-0.80058 0 0) 
2.427  (-0.80091 0 0) 
2.428  (-0.80124 0 0) 
2.429  (-0.80157 0 0) 
2.43  (-0.8019 0 0) 
2.431  (-0.80223 0 0) 
2.432  (-0.80256 0 0) 
2.433  (-0.80289 0 0) 
2.434  (-0.80322 0 0) 
2.435  (-0.80355 0 0) 
2.436  (-0.80388 0 0) 
2.437  (-0.80421 0 0) 
2.438  (-0.80454 0 0) 
2.439  (-0.80487 0 0) 
2.44  (-0.8052 0 0) 
2.441  (-0.80553 0 0) 
2.442  (-0.80586 0 0) 
2.443  (-0.80619 0 0) 
2.444  (-0.80652 0 0) 
2.445  (-0.80685 0 0) 
2.446  (-0.80718 0 0) 
2.447  (-0.80751 0 0) 
2.448  (-0.80784 0 0) 
2.449  (-0.80817 0 0) 
2.45  (-0.8085 0 0) 
2.451  (-0.80883 0 0) 
2.452  (-0.80916 0 0) 
2.453  (-0.80949 0 0) 
2.454  (-0.80982 0 0) 
2.455  (-0.81015 0 0) 
2.456  (-0.81048 0 0) 
2.457  (-0.81081 0 0) 
2.458  (-0.81114 0 0) 
2.459  (-0.81147 0 0) 
2.46  (-0.8118 0 0) 
2.461  (-0.81213 0 0) 
2.462  (-0.81246 0 0) 
2.463  (-0.81279 0 0) 
2.464  (-0.81312 0 0) 
2.465  (-0.81345 0 0) 
2.466  (-0.81378 0 0) 
2.467  (-0.81411 0 0) 
2.468  (-0.81444 0 0) 
2.469  (-0.81477 0 0) 
2.47  (-0.8151 0 0) 
2.471  (-0.81543 0 0) 
2.472  (-0.81576 0 0) 
2.473  (-0.81609 0 0) 
2.474  (-0.81642 0 0) 
2.475  (-0.81675 0 0) 
2.476  (-0.81708 0 0) 
2.477  (-0.81741 0 0) 
2.478  (-0.81774 0 0) 
2.479  (-0.81807 0 0) 
2.48  (-0.8184 0 0) 
2.481  (-0.81873 0 0) 
2.482  (-0.81906 0 0) 
2.483  (-0.81939 0 0) 
2.484  (-0.81972 0 0) 
2.485  (-0.82005 0 0) 
2.486  (-0.82038 0 0) 
2.487  (-0.82071 0 0) 
2.488  (-0.82104 0 0) 
2.489  (-0.82137 0 0) 
2.49  (-0.8217 0 0) 
2.491  (-0.82203 0 0) 
2.492  (-0.82236 0 0) 
2.493  (-0.82269 0 0) 
2.494  (-0.82302 0 0) 
2.495  (-0.82335 0 0) 
2.496  (-0.82368 0 0) 
2.497  (-0.82401 0 0) 
2.498  (-0.82434 0 0) 
2.499  (-0.82467 0 0) 
2.5  (-0.825 0 0) 
2.501  (-0.82533 0 0) 
2.502  (-0.82566 0 0) 
2.503  (-0.82599 0 0) 
2.504  (-0.82632 0 0) 
2.505  (-0.82665 0 0) 
2.506  (-0.82698 0 0) 
2.507  (-0.82731 0 0) 
2.508  (-0.82764 0 0) 
2.509  (-0.82797 0 0) 
2.51  (-0.8283 0 0) 
2.511  (-0.82863 0 0) 
2.512  (-0.82896 0 0) 
2.513  (-0.82929 0 0) 
2.514  (-0.82962 0 0) 
2.515  (-0.82995 0 0) 
2.516  (-0.83028 0 0) 
2.517  (-0.83061 0 0) 
2.518  (-0.83094 0 0) 
2.519  (-0.83127 0 0) 
2.52  (-0.8316 0 0) 
2.521  (-0.83193 0 0) 
2.522  (-0.83226 0 0) 
2.523  (-0.83259 0 0) 
2.524  (-0.83292 0 0) 
2.525  (-0.83325 0 0) 
2.526  (-0.83358 0 0) 
2.527  (-0.83391 0 0) 
2.528  (-0.83424 0 0) 
2.529  (-0.83457 0 0) 
2.53  (-0.8349 0 0) 
2.531  (-0.83523 0 0) 
2.532  (-0.83556 0 0) 
2.533  (-0.83589 0 0) 
2.534  (-0.83622 0 0) 
2.535  (-0.83655 0 0) 
2.536  (-0.83688 0 0) 
2.537  (-0.83721 0 0) 
2.538  (-0.83754 0 0) 
2.539  (-0.83787 0 0) 
2.54  (-0.8382 0 0) 
2.541  (-0.83853 0 0) 
2.542  (-0.83886 0 0) 
2.543  (-0.83919 0 0) 
2.544  (-0.83952 0 0) 
2.545  (-0.83985 0 0) 
2.546  (-0.84018 0 0) 
2.547  (-0.84051 0 0) 
2.548  (-0.84084 0 0) 
2.549  (-0.84117 0 0) 
2.55  (-0.8415 0 0) 
2.551  (-0.84183 0 0) 
2.552  (-0.84216 0 0) 
2.553  (-0.84249 0 0) 
2.554  (-0.84282 0 0) 
2.555  (-0.84315 0 0) 
2.556  (-0.84348 0 0) 
2.557  (-0.84381 0 0) 
2.558  (-0.84414 0 0) 
2.559  (-0.84447 0 0) 
2.56  (-0.8448 0 0) 
2.561  (-0.84513 0 0) 
2.562  (-0.84546 0 0) 
2.563  (-0.84579 0 0) 
2.564  (-0.84612 0 0) 
2.565  (-0.84645 0 0) 
2.566  (-0.84678 0 0) 
2.567  (-0.84711 0 0) 
2.568  (-0.84744 0 0) 
2.569  (-0.84777 0 0) 
2.57  (-0.8481 0 0) 
2.571  (-0.84843 0 0) 
2.572  (-0.84876 0 0) 
2.573  (-0.84909 0 0) 
2.574  (-0.84942 0 0) 
2.575  (-0.84975 0 0) 
2.576  (-0.85008 0 0) 
2.577  (-0.85041 0 0) 
2.578  (-0.85074 0 0) 
2.579  (-0.85107 0 0) 
2.58  (-0.8514 0 0) 
2.581  (-0.85173 0 0) 
2.582  (-0.85206 0 0) 
2.583  (-0.85239 0 0) 
2.584  (-0.85272 0 0) 
2.585  (-0.85305 0 0) 
2.586  (-0.85338 0 0) 
2.587  (-0.85371 0 0) 
2.588  (-0.85404 0 0) 
2.589  (-0.85437 0 0) 
2.59  (-0.8547 0 0) 
2.591  (-0.85503 0 0) 
2.592  (-0.85536 0 0) 
2.593  (-0.85569 0 0) 
2.594  (-0.85602 0 0) 
2.595  (-0.85635 0 0) 
2.596  (-0.85668 0 0) 
2.597  (-0.85701 0 0) 
2.598  (-0.85734 0 0) 
2.599  (-0.85767 0 0) 
2.6  (-0.858 0 0) 
2.601  (-0.85833 0 0) 
2.602  (-0.85866 0 0) 
2.603  (-0.85899 0 0) 
2.604  (-0.85932 0 0) 
2.605  (-0.85965 0 0) 
2.606  (-0.85998 0 0) 
2.607  (-0.86031 0 0) 
2.608  (-0.86064 0 0) 
2.609  (-0.86097 0 0) 
2.61  (-0.8613 0 0) 
2.611  (-0.86163 0 0) 
2.612  (-0.86196 0 0) 
2.613  (-0.86229 0 0) 
2.614  (-0.86262 0 0) 
2.615  (-0.86295 0 0) 
2.616  (-0.86328 0 0) 
2.617  (-0.86361 0 0) 
2.618  (-0.86394 0 0) 
2.619  (-0.86427 0 0) 
2.62  (-0.8646 0 0) 
2.621  (-0.86493 0 0) 
2.622  (-0.86526 0 0) 
2.623  (-0.86559 0 0) 
2.624  (-0.86592 0 0) 
2.625  (-0.86625 0 0) 
2.626  (-0.86658 0 0) 
2.627  (-0.86691 0 0) 
2.628  (-0.86724 0 0) 
2.629  (-0.86757 0 0) 
2.63  (-0.8679 0 0) 
2.631  (-0.86823 0 0) 
2.632  (-0.86856 0 0) 
2.633  (-0.86889 0 0) 
2.634  (-0.86922 0 0) 
2.635  (-0.86955 0 0) 
2.636  (-0.86988 0 0) 
2.637  (-0.87021 0 0) 
2.638  (-0.87054 0 0) 
2.639  (-0.87087 0 0) 
2.64  (-0.8712 0 0) 
2.641  (-0.87153 0 0) 
2.642  (-0.87186 0 0) 
2.643  (-0.87219 0 0) 
2.644  (-0.87252 0 0) 
2.645  (-0.87285 0 0) 
2.646  (-0.87318 0 0) 
2.647  (-0.87351 0 0) 
2.648  (-0.87384 0 0) 
2.649  (-0.87417 0 0) 
2.65  (-0.8745 0 0) 
2.651  (-0.87483 0 0) 
2.652  (-0.87516 0 0) 
2.653  (-0.87549 0 0) 
2.654  (-0.87582 0 0) 
2.655  (-0.87615 0 0) 
2.656  (-0.87648 0 0) 
2.657  (-0.87681 0 0) 
2.658  (-0.87714 0 0) 
2.659  (-0.87747 0 0) 
2.66  (-0.8778 0 0) 
2.661  (-0.87813 0 0) 
2.662  (-0.87846 0 0) 
2.663  (-0.87879 0 0) 
2.664  (-0.87912 0 0) 
2.665  (-0.87945 0 0) 
2.666  (-0.87978 0 0) 
2.667  (-0.88011 0 0) 
2.668  (-0.88044 0 0) 
2.669  (-0.88077 0 0) 
2.67  (-0.8811 0 0) 
2.671  (-0.88143 0 0) 
2.672  (-0.88176 0 0) 
2.673  (-0.88209 0 0) 
2.674  (-0.88242 0 0) 
2.675  (-0.88275 0 0) 
2.676  (-0.88308 0 0) 
2.677  (-0.88341 0 0) 
2.678  (-0.88374 0 0) 
2.679  (-0.88407 0 0) 
2.68  (-0.8844 0 0) 
2.681  (-0.88473 0 0) 
2.682  (-0.88506 0 0) 
2.683  (-0.88539 0 0) 
2.684  (-0.88572 0 0) 
2.685  (-0.88605 0 0) 
2.686  (-0.88638 0 0) 
2.687  (-0.88671 0 0) 
2.688  (-0.88704 0 0) 
2.689  (-0.88737 0 0) 
2.69  (-0.8877 0 0) 
2.691  (-0.88803 0 0) 
2.692  (-0.88836 0 0) 
2.693  (-0.88869 0 0) 
2.694  (-0.88902 0 0) 
2.695  (-0.88935 0 0) 
2.696  (-0.88968 0 0) 
2.697  (-0.89001 0 0) 
2.698  (-0.89034 0 0) 
2.699  (-0.89067 0 0) 
2.7  (-0.891 0 0) 
2.701  (-0.89133 0 0) 
2.702  (-0.89166 0 0) 
2.703  (-0.89199 0 0) 
2.704  (-0.89232 0 0) 
2.705  (-0.89265 0 0) 
2.706  (-0.89298 0 0) 
2.707  (-0.89331 0 0) 
2.708  (-0.89364 0 0) 
2.709  (-0.89397 0 0) 
2.71  (-0.8943 0 0) 
2.711  (-0.89463 0 0) 
2.712  (-0.89496 0 0) 
2.713  (-0.89529 0 0) 
2.714  (-0.89562 0 0) 
2.715  (-0.89595 0 0) 
2.716  (-0.89628 0 0) 
2.717  (-0.89661 0 0) 
2.718  (-0.89694 0 0) 
2.719  (-0.89727 0 0) 
2.72  (-0.8976 0 0) 
2.721  (-0.89793 0 0) 
2.722  (-0.89826 0 0) 
2.723  (-0.89859 0 0) 
2.724  (-0.89892 0 0) 
2.725  (-0.89925 0 0) 
2.726  (-0.89958 0 0) 
2.727  (-0.89991 0 0) 
2.728  (-0.90024 0 0) 
2.729  (-0.90057 0 0) 
2.73  (-0.9009 0 0) 
2.731  (-0.90123 0 0) 
2.732  (-0.90156 0 0) 
2.733  (-0.90189 0 0) 
2.734  (-0.90222 0 0) 
2.735  (-0.90255 0 0) 
2.736  (-0.90288 0 0) 
2.737  (-0.90321 0 0) 
2.738  (-0.90354 0 0) 
2.739  (-0.90387 0 0) 
2.74  (-0.9042 0 0) 
2.741  (-0.90453 0 0) 
2.742  (-0.90486 0 0) 
2.743  (-0.90519 0 0) 
2.744  (-0.90552 0 0) 
2.745  (-0.90585 0 0) 
2.746  (-0.90618 0 0) 
2.747  (-0.90651 0 0) 
2.748  (-0.90684 0 0) 
2.749  (-0.90717 0 0) 
2.75  (-0.9075 0 0) 
2.751  (-0.90783 0 0) 
2.752  (-0.90816 0 0) 
2.753  (-0.90849 0 0) 
2.754  (-0.90882 0 0) 
2.755  (-0.90915 0 0) 
2.756  (-0.90948 0 0) 
2.757  (-0.90981 0 0) 
2.758  (-0.91014 0 0) 
2.759  (-0.91047 0 0) 
2.76  (-0.9108 0 0) 
2.761  (-0.91113 0 0) 
2.762  (-0.91146 0 0) 
2.763  (-0.91179 0 0) 
2.764  (-0.91212 0 0) 
2.765  (-0.91245 0 0) 
2.766  (-0.91278 0 0) 
2.767  (-0.91311 0 0) 
2.768  (-0.91344 0 0) 
2.769  (-0.91377 0 0) 
2.77  (-0.9141 0 0) 
2.771  (-0.91443 0 0) 
2.772  (-0.91476 0 0) 
2.773  (-0.91509 0 0) 
2.774  (-0.91542 0 0) 
2.775  (-0.91575 0 0) 
2.776  (-0.91608 0 0) 
2.777  (-0.91641 0 0) 
2.778  (-0.91674 0 0) 
2.779  (-0.91707 0 0) 
2.78  (-0.9174 0 0) 
2.781  (-0.91773 0 0) 
2.782  (-0.91806 0 0) 
2.783  (-0.91839 0 0) 
2.784  (-0.91872 0 0) 
2.785  (-0.91905 0 0) 
2.786  (-0.91938 0 0) 
2.787  (-0.91971 0 0) 
2.788  (-0.92004 0 0) 
2.789  (-0.92037 0 0) 
2.79  (-0.9207 0 0) 
2.791  (-0.92103 0 0) 
2.792  (-0.92136 0 0) 
2.793  (-0.92169 0 0) 
2.794  (-0.92202 0 0) 
2.795  (-0.92235 0 0) 
2.796  (-0.92268 0 0) 
2.797  (-0.92301 0 0) 
2.798  (-0.92334 0 0) 
2.799  (-0.92367 0 0) 
2.8  (-0.924 0 0) 
2.801  (-0.92433 0 0) 
2.802  (-0.92466 0 0) 
2.803  (-0.92499 0 0) 
2.804  (-0.92532 0 0) 
2.805  (-0.92565 0 0) 
2.806  (-0.92598 0 0) 
2.807  (-0.92631 0 0) 
2.808  (-0.92664 0 0) 
2.809  (-0.92697 0 0) 
2.81  (-0.9273 0 0) 
2.811  (-0.92763 0 0) 
2.812  (-0.92796 0 0) 
2.813  (-0.92829 0 0) 
2.814  (-0.92862 0 0) 
2.815  (-0.92895 0 0) 
2.816  (-0.92928 0 0) 
2.817  (-0.92961 0 0) 
2.818  (-0.92994 0 0) 
2.819  (-0.93027 0 0) 
2.82  (-0.9306 0 0) 
2.821  (-0.93093 0 0) 
2.822  (-0.93126 0 0) 
2.823  (-0.93159 0 0) 
2.824  (-0.93192 0 0) 
2.825  (-0.93225 0 0) 
2.826  (-0.93258 0 0) 
2.827  (-0.93291 0 0) 
2.828  (-0.93324 0 0) 
2.829  (-0.93357 0 0) 
2.83  (-0.9339 0 0) 
2.831  (-0.93423 0 0) 
2.832  (-0.93456 0 0) 
2.833  (-0.93489 0 0) 
2.834  (-0.93522 0 0) 
2.835  (-0.93555 0 0) 
2.836  (-0.93588 0 0) 
2.837  (-0.93621 0 0) 
2.838  (-0.93654 0 0) 
2.839  (-0.93687 0 0) 
2.84  (-0.9372 0 0) 
2.841  (-0.93753 0 0) 
2.842  (-0.93786 0 0) 
2.843  (-0.93819 0 0) 
2.844  (-0.93852 0 0) 
2.845  (-0.93885 0 0) 
2.846  (-0.93918 0 0) 
2.847  (-0.93951 0 0) 
2.848  (-0.93984 0 0) 
2.849  (-0.94017 0 0) 
2.85  (-0.9405 0 0) 
2.851  (-0.94083 0 0) 
2.852  (-0.94116 0 0) 
2.853  (-0.94149 0 0) 
2.854  (-0.94182 0 0) 
2.855  (-0.94215 0 0) 
2.856  (-0.94248 0 0) 
2.857  (-0.94281 0 0) 
2.858  (-0.94314 0 0) 
2.859  (-0.94347 0 0) 
2.86  (-0.9438 0 0) 
2.861  (-0.94413 0 0) 
2.862  (-0.94446 0 0) 
2.863  (-0.94479 0 0) 
2.864  (-0.94512 0 0) 
2.865  (-0.94545 0 0) 
2.866  (-0.94578 0 0) 
2.867  (-0.94611 0 0) 
2.868  (-0.94644 0 0) 
2.869  (-0.94677 0 0) 
2.87  (-0.9471 0 0) 
2.871  (-0.94743 0 0) 
2.872  (-0.94776 0 0) 
2.873  (-0.94809 0 0) 
2.874  (-0.94842 0 0) 
2.875  (-0.94875 0 0) 
2.876  (-0.94908 0 0) 
2.877  (-0.94941 0 0) 
2.878  (-0.94974 0 0) 
2.879  (-0.95007 0 0) 
2.88  (-0.9504 0 0) 
2.881  (-0.95073 0 0) 
2.882  (-0.95106 0 0) 
2.883  (-0.95139 0 0) 
2.884  (-0.95172 0 0) 
2.885  (-0.95205 0 0) 
2.886  (-0.95238 0 0) 
2.887  (-0.95271 0 0) 
2.888  (-0.95304 0 0) 
2.889  (-0.95337 0 0) 
2.89  (-0.9537 0 0) 
2.891  (-0.95403 0 0) 
2.892  (-0.95436 0 0) 
2.893  (-0.95469 0 0) 
2.894  (-0.95502 0 0) 
2.895  (-0.95535 0 0) 
2.896  (-0.95568 0 0) 
2.897  (-0.95601 0 0) 
2.898  (-0.95634 0 0) 
2.899  (-0.95667 0 0) 
2.9  (-0.957 0 0) 
2.901  (-0.95733 0 0) 
2.902  (-0.95766 0 0) 
2.903  (-0.95799 0 0) 
2.904  (-0.95832 0 0) 
2.905  (-0.95865 0 0) 
2.906  (-0.95898 0 0) 
2.907  (-0.95931 0 0) 
2.908  (-0.95964 0 0) 
2.909  (-0.95997 0 0) 
2.91  (-0.9603 0 0) 
2.911  (-0.96063 0 0) 
2.912  (-0.96096 0 0) 
2.913  (-0.96129 0 0) 
2.914  (-0.96162 0 0) 
2.915  (-0.96195 0 0) 
2.916  (-0.96228 0 0) 
2.917  (-0.96261 0 0) 
2.918  (-0.96294 0 0) 
2.919  (-0.96327 0 0) 
2.92  (-0.9636 0 0) 
2.921  (-0.96393 0 0) 
2.922  (-0.96426 0 0) 
2.923  (-0.96459 0 0) 
2.924  (-0.96492 0 0) 
2.925  (-0.96525 0 0) 
2.926  (-0.96558 0 0) 
2.927  (-0.96591 0 0) 
2.928  (-0.96624 0 0) 
2.929  (-0.96657 0 0) 
2.93  (-0.9669 0 0) 
2.931  (-0.96723 0 0) 
2.932  (-0.96756 0 0) 
2.933  (-0.96789 0 0) 
2.934  (-0.96822 0 0) 
2.935  (-0.96855 0 0) 
2.936  (-0.96888 0 0) 
2.937  (-0.96921 0 0) 
2.938  (-0.96954 0 0) 
2.939  (-0.96987 0 0) 
2.94  (-0.9702 0 0) 
2.941  (-0.97053 0 0) 
2.942  (-0.97086 0 0) 
2.943  (-0.97119 0 0) 
2.944  (-0.97152 0 0) 
2.945  (-0.97185 0 0) 
2.946  (-0.97218 0 0) 
2.947  (-0.97251 0 0) 
2.948  (-0.97284 0 0) 
2.949  (-0.97317 0 0) 
2.95  (-0.9735 0 0) 
2.951  (-0.97383 0 0) 
2.952  (-0.97416 0 0) 
2.953  (-0.97449 0 0) 
2.954  (-0.97482 0 0) 
2.955  (-0.97515 0 0) 
2.956  (-0.97548 0 0) 
2.957  (-0.97581 0 0) 
2.958  (-0.97614 0 0) 
2.959  (-0.97647 0 0) 
2.96  (-0.9768 0 0) 
2.961  (-0.97713 0 0) 
2.962  (-0.97746 0 0) 
2.963  (-0.97779 0 0) 
2.964  (-0.97812 0 0) 
2.965  (-0.97845 0 0) 
2.966  (-0.97878 0 0) 
2.967  (-0.97911 0 0) 
2.968  (-0.97944 0 0) 
2.969  (-0.97977 0 0) 
2.97  (-0.9801 0 0) 
2.971  (-0.98043 0 0) 
2.972  (-0.98076 0 0) 
2.973  (-0.98109 0 0) 
2.974  (-0.98142 0 0) 
2.975  (-0.98175 0 0) 
2.976  (-0.98208 0 0) 
2.977  (-0.98241 0 0) 
2.978  (-0.98274 0 0) 
2.979  (-0.98307 0 0) 
2.98  (-0.9834 0 0) 
2.981  (-0.98373 0 0) 
2.982  (-0.98406 0 0) 
2.983  (-0.98439 0 0) 
2.984  (-0.98472 0 0) 
2.985  (-0.98505 0 0) 
2.986  (-0.98538 0 0) 
2.987  (-0.98571 0 0) 
2.988  (-0.98604 0 0) 
2.989  (-0.98637 0 0) 
2.99  (-0.9867 0 0) 
2.991  (-0.98703 0 0) 
2.992  (-0.98736 0 0) 
2.993  (-0.98769 0 0) 
2.994  (-0.98802 0 0) 
2.995  (-0.98835 0 0) 
2.996  (-0.98868 0 0) 
2.997  (-0.98901 0 0) 
2.998  (-0.98934 0 0) 
2.999  (-0.98967 0 0) 
3  (-0.99 0 0) 
3.001  (-0.99033 0 0) 
3.002  (-0.99066 0 0) 
3.003  (-0.99099 0 0) 
3.004  (-0.99132 0 0) 
3.005  (-0.99165 0 0) 
3.006  (-0.99198 0 0) 
3.007  (-0.99231 0 0) 
3.008  (-0.99264 0 0) 
3.009  (-0.99297 0 0) 
3.01  (-0.9933 0 0) 
3.011  (-0.99363 0 0) 
3.012  (-0.99396 0 0) 
3.013  (-0.99429 0 0) 
3.014  (-0.99462 0 0) 
3.015  (-0.99495 0 0) 
3.016  (-0.99528 0 0) 
3.017  (-0.99561 0 0) 
3.018  (-0.99594 0 0) 
3.019  (-0.99627 0 0) 
3.02  (-0.9966 0 0) 
3.021  (-0.99693 0 0) 
3.022  (-0.99726 0 0) 
3.023  (-0.99759 0 0) 
3.024  (-0.99792 0 0) 
3.025  (-0.99825 0 0) 
3.026  (-0.99858 0 0) 
3.027  (-0.99891 0 0) 
3.028  (-0.99924 0 0) 
3.029  (-0.99957 0 0) 
3.03  (-0.9999 0 0) 
3.031  (-1.00023 0 0) 
3.032  (-1.00056 0 0) 
3.033  (-1.00089 0 0) 
3.034  (-1.00122 0 0) 
3.035  (-1.00155 0 0) 
3.036  (-1.00188 0 0) 
3.037  (-1.00221 0 0) 
3.038  (-1.00254 0 0) 
3.039  (-1.00287 0 0) 
3.04  (-1.0032 0 0) 
3.041  (-1.00353 0 0) 
3.042  (-1.00386 0 0) 
3.043  (-1.00419 0 0) 
3.044  (-1.00452 0 0) 
3.045  (-1.00485 0 0) 
3.046  (-1.00518 0 0) 
3.047  (-1.00551 0 0) 
3.048  (-1.00584 0 0) 
3.049  (-1.00617 0 0) 
3.05  (-1.0065 0 0) 
3.051  (-1.00683 0 0) 
3.052  (-1.00716 0 0) 
3.053  (-1.00749 0 0) 
3.054  (-1.00782 0 0) 
3.055  (-1.00815 0 0) 
3.056  (-1.00848 0 0) 
3.057  (-1.00881 0 0) 
3.058  (-1.00914 0 0) 
3.059  (-1.00947 0 0) 
3.06  (-1.0098 0 0) 
3.061  (-1.01013 0 0) 
3.062  (-1.01046 0 0) 
3.063  (-1.01079 0 0) 
3.064  (-1.01112 0 0) 
3.065  (-1.01145 0 0) 
3.066  (-1.01178 0 0) 
3.067  (-1.01211 0 0) 
3.068  (-1.01244 0 0) 
3.069  (-1.01277 0 0) 
3.07  (-1.0131 0 0) 
3.071  (-1.01343 0 0) 
3.072  (-1.01376 0 0) 
3.073  (-1.01409 0 0) 
3.074  (-1.01442 0 0) 
3.075  (-1.01475 0 0) 
3.076  (-1.01508 0 0) 
3.077  (-1.01541 0 0) 
3.078  (-1.01574 0 0) 
3.079  (-1.01607 0 0) 
3.08  (-1.0164 0 0) 
3.081  (-1.01673 0 0) 
3.082  (-1.01706 0 0) 
3.083  (-1.01739 0 0) 
3.084  (-1.01772 0 0) 
3.085  (-1.01805 0 0) 
3.086  (-1.01838 0 0) 
3.087  (-1.01871 0 0) 
3.088  (-1.01904 0 0) 
3.089  (-1.01937 0 0) 
3.09  (-1.0197 0 0) 
3.091  (-1.02003 0 0) 
3.092  (-1.02036 0 0) 
3.093  (-1.02069 0 0) 
3.094  (-1.02102 0 0) 
3.095  (-1.02135 0 0) 
3.096  (-1.02168 0 0) 
3.097  (-1.02201 0 0) 
3.098  (-1.02234 0 0) 
3.099  (-1.02267 0 0) 
3.1  (-1.023 0 0) 
3.101  (-1.02333 0 0) 
3.102  (-1.02366 0 0) 
3.103  (-1.02399 0 0) 
3.104  (-1.02432 0 0) 
3.105  (-1.02465 0 0) 
3.106  (-1.02498 0 0) 
3.107  (-1.02531 0 0) 
3.108  (-1.02564 0 0) 
3.109  (-1.02597 0 0) 
3.11  (-1.0263 0 0) 
3.111  (-1.02663 0 0) 
3.112  (-1.02696 0 0) 
3.113  (-1.02729 0 0) 
3.114  (-1.02762 0 0) 
3.115  (-1.02795 0 0) 
3.116  (-1.02828 0 0) 
3.117  (-1.02861 0 0) 
3.118  (-1.02894 0 0) 
3.119  (-1.02927 0 0) 
3.12  (-1.0296 0 0) 
3.121  (-1.02993 0 0) 
3.122  (-1.03026 0 0) 
3.123  (-1.03059 0 0) 
3.124  (-1.03092 0 0) 
3.125  (-1.03125 0 0) 
3.126  (-1.03158 0 0) 
3.127  (-1.03191 0 0) 
3.128  (-1.03224 0 0) 
3.129  (-1.03257 0 0) 
3.13  (-1.0329 0 0) 
3.131  (-1.03323 0 0) 
3.132  (-1.03356 0 0) 
3.133  (-1.03389 0 0) 
3.134  (-1.03422 0 0) 
3.135  (-1.03455 0 0) 
3.136  (-1.03488 0 0) 
3.137  (-1.03521 0 0) 
3.138  (-1.03554 0 0) 
3.139  (-1.03587 0 0) 
3.14  (-1.0362 0 0) 
3.141  (-1.03653 0 0) 
3.142  (-1.03686 0 0) 
3.143  (-1.03719 0 0) 
3.144  (-1.03752 0 0) 
3.145  (-1.03785 0 0) 
3.146  (-1.03818 0 0) 
3.147  (-1.03851 0 0) 
3.148  (-1.03884 0 0) 
3.149  (-1.03917 0 0) 
3.15  (-1.0395 0 0) 
3.151  (-1.03983 0 0) 
3.152  (-1.04016 0 0) 
3.153  (-1.04049 0 0) 
3.154  (-1.04082 0 0) 
3.155  (-1.04115 0 0) 
3.156  (-1.04148 0 0) 
3.157  (-1.04181 0 0) 
3.158  (-1.04214 0 0) 
3.159  (-1.04247 0 0) 
3.16  (-1.0428 0 0) 
3.161  (-1.04313 0 0) 
3.162  (-1.04346 0 0) 
3.163  (-1.04379 0 0) 
3.164  (-1.04412 0 0) 
3.165  (-1.04445 0 0) 
3.166  (-1.04478 0 0) 
3.167  (-1.04511 0 0) 
3.168  (-1.04544 0 0) 
3.169  (-1.04577 0 0) 
3.17  (-1.0461 0 0) 
3.171  (-1.04643 0 0) 
3.172  (-1.04676 0 0) 
3.173  (-1.04709 0 0) 
3.174  (-1.04742 0 0) 
3.175  (-1.04775 0 0) 
3.176  (-1.04808 0 0) 
3.177  (-1.04841 0 0) 
3.178  (-1.04874 0 0) 
3.179  (-1.04907 0 0) 
3.18  (-1.0494 0 0) 
3.181  (-1.04973 0 0) 
3.182  (-1.05006 0 0) 
3.183  (-1.05039 0 0) 
3.184  (-1.05072 0 0) 
3.185  (-1.05105 0 0) 
3.186  (-1.05138 0 0) 
3.187  (-1.05171 0 0) 
3.188  (-1.05204 0 0) 
3.189  (-1.05237 0 0) 
3.19  (-1.0527 0 0) 
3.191  (-1.05303 0 0) 
3.192  (-1.05336 0 0) 
3.193  (-1.05369 0 0) 
3.194  (-1.05402 0 0) 
3.195  (-1.05435 0 0) 
3.196  (-1.05468 0 0) 
3.197  (-1.05501 0 0) 
3.198  (-1.05534 0 0) 
3.199  (-1.05567 0 0) 
3.2  (-1.056 0 0) 
3.201  (-1.05633 0 0) 
3.202  (-1.05666 0 0) 
3.203  (-1.05699 0 0) 
3.204  (-1.05732 0 0) 
3.205  (-1.05765 0 0) 
3.206  (-1.05798 0 0) 
3.207  (-1.05831 0 0) 
3.208  (-1.05864 0 0) 
3.209  (-1.05897 0 0) 
3.21  (-1.0593 0 0) 
3.211  (-1.05963 0 0) 
3.212  (-1.05996 0 0) 
3.213  (-1.06029 0 0) 
3.214  (-1.06062 0 0) 
3.215  (-1.06095 0 0) 
3.216  (-1.06128 0 0) 
3.217  (-1.06161 0 0) 
3.218  (-1.06194 0 0) 
3.219  (-1.06227 0 0) 
3.22  (-1.0626 0 0) 
3.221  (-1.06293 0 0) 
3.222  (-1.06326 0 0) 
3.223  (-1.06359 0 0) 
3.224  (-1.06392 0 0) 
3.225  (-1.06425 0 0) 
3.226  (-1.06458 0 0) 
3.227  (-1.06491 0 0) 
3.228  (-1.06524 0 0) 
3.229  (-1.06557 0 0) 
3.23  (-1.0659 0 0) 
3.231  (-1.06623 0 0) 
3.232  (-1.06656 0 0) 
3.233  (-1.06689 0 0) 
3.234  (-1.06722 0 0) 
3.235  (-1.06755 0 0) 
3.236  (-1.06788 0 0) 
3.237  (-1.06821 0 0) 
3.238  (-1.06854 0 0) 
3.239  (-1.06887 0 0) 
3.24  (-1.0692 0 0) 
3.241  (-1.06953 0 0) 
3.242  (-1.06986 0 0) 
3.243  (-1.07019 0 0) 
3.244  (-1.07052 0 0) 
3.245  (-1.07085 0 0) 
3.246  (-1.07118 0 0) 
3.247  (-1.07151 0 0) 
3.248  (-1.07184 0 0) 
3.249  (-1.07217 0 0) 
3.25  (-1.0725 0 0) 
3.251  (-1.07283 0 0) 
3.252  (-1.07316 0 0) 
3.253  (-1.07349 0 0) 
3.254  (-1.07382 0 0) 
3.255  (-1.07415 0 0) 
3.256  (-1.07448 0 0) 
3.257  (-1.07481 0 0) 
3.258  (-1.07514 0 0) 
3.259  (-1.07547 0 0) 
3.26  (-1.0758 0 0) 
3.261  (-1.07613 0 0) 
3.262  (-1.07646 0 0) 
3.263  (-1.07679 0 0) 
3.264  (-1.07712 0 0) 
3.265  (-1.07745 0 0) 
3.266  (-1.07778 0 0) 
3.267  (-1.07811 0 0) 
3.268  (-1.07844 0 0) 
3.269  (-1.07877 0 0) 
3.27  (-1.0791 0 0) 
3.271  (-1.07943 0 0) 
3.272  (-1.07976 0 0) 
3.273  (-1.08009 0 0) 
3.274  (-1.08042 0 0) 
3.275  (-1.08075 0 0) 
3.276  (-1.08108 0 0) 
3.277  (-1.08141 0 0) 
3.278  (-1.08174 0 0) 
3.279  (-1.08207 0 0) 
3.28  (-1.0824 0 0) 
3.281  (-1.08273 0 0) 
3.282  (-1.08306 0 0) 
3.283  (-1.08339 0 0) 
3.284  (-1.08372 0 0) 
3.285  (-1.08405 0 0) 
3.286  (-1.08438 0 0) 
3.287  (-1.08471 0 0) 
3.288  (-1.08504 0 0) 
3.289  (-1.08537 0 0) 
3.29  (-1.0857 0 0) 
3.291  (-1.08603 0 0) 
3.292  (-1.08636 0 0) 
3.293  (-1.08669 0 0) 
3.294  (-1.08702 0 0) 
3.295  (-1.08735 0 0) 
3.296  (-1.08768 0 0) 
3.297  (-1.08801 0 0) 
3.298  (-1.08834 0 0) 
3.299  (-1.08867 0 0) 
3.3  (-1.089 0 0) 
3.301  (-1.08933 0 0) 
3.302  (-1.08966 0 0) 
3.303  (-1.08999 0 0) 
3.304  (-1.09032 0 0) 
3.305  (-1.09065 0 0) 
3.306  (-1.09098 0 0) 
3.307  (-1.09131 0 0) 
3.308  (-1.09164 0 0) 
3.309  (-1.09197 0 0) 
3.31  (-1.0923 0 0) 
3.311  (-1.09263 0 0) 
3.312  (-1.09296 0 0) 
3.313  (-1.09329 0 0) 
3.314  (-1.09362 0 0) 
3.315  (-1.09395 0 0) 
3.316  (-1.09428 0 0) 
3.317  (-1.09461 0 0) 
3.318  (-1.09494 0 0) 
3.319  (-1.09527 0 0) 
3.32  (-1.0956 0 0) 
3.321  (-1.09593 0 0) 
3.322  (-1.09626 0 0) 
3.323  (-1.09659 0 0) 
3.324  (-1.09692 0 0) 
3.325  (-1.09725 0 0) 
3.326  (-1.09758 0 0) 
3.327  (-1.09791 0 0) 
3.328  (-1.09824 0 0) 
3.329  (-1.09857 0 0) 
3.33  (-1.0989 0 0) 
3.331  (-1.09923 0 0) 
3.332  (-1.09956 0 0) 
3.333  (-1.09989 0 0) 
3.334  (-1.10022 0 0) 
3.335  (-1.10055 0 0) 
3.336  (-1.10088 0 0) 
3.337  (-1.10121 0 0) 
3.338  (-1.10154 0 0) 
3.339  (-1.10187 0 0) 
3.34  (-1.1022 0 0) 
3.341  (-1.10253 0 0) 
3.342  (-1.10286 0 0) 
3.343  (-1.10319 0 0) 
3.344  (-1.10352 0 0) 
3.345  (-1.10385 0 0) 
3.346  (-1.10418 0 0) 
3.347  (-1.10451 0 0) 
3.348  (-1.10484 0 0) 
3.349  (-1.10517 0 0) 
3.35  (-1.1055 0 0) 
3.351  (-1.10583 0 0) 
3.352  (-1.10616 0 0) 
3.353  (-1.10649 0 0) 
3.354  (-1.10682 0 0) 
3.355  (-1.10715 0 0) 
3.356  (-1.10748 0 0) 
3.357  (-1.10781 0 0) 
3.358  (-1.10814 0 0) 
3.359  (-1.10847 0 0) 
3.36  (-1.1088 0 0) 
3.361  (-1.10913 0 0) 
3.362  (-1.10946 0 0) 
3.363  (-1.10979 0 0) 
3.364  (-1.11012 0 0) 
3.365  (-1.11045 0 0) 
3.366  (-1.11078 0 0) 
3.367  (-1.11111 0 0) 
3.368  (-1.11144 0 0) 
3.369  (-1.11177 0 0) 
3.37  (-1.1121 0 0) 
3.371  (-1.11243 0 0) 
3.372  (-1.11276 0 0) 
3.373  (-1.11309 0 0) 
3.374  (-1.11342 0 0) 
3.375  (-1.11375 0 0) 
3.376  (-1.11408 0 0) 
3.377  (-1.11441 0 0) 
3.378  (-1.11474 0 0) 
3.379  (-1.11507 0 0) 
3.38  (-1.1154 0 0) 
3.381  (-1.11573 0 0) 
3.382  (-1.11606 0 0) 
3.383  (-1.11639 0 0) 
3.384  (-1.11672 0 0) 
3.385  (-1.11705 0 0) 
3.386  (-1.11738 0 0) 
3.387  (-1.11771 0 0) 
3.388  (-1.11804 0 0) 
3.389  (-1.11837 0 0) 
3.39  (-1.1187 0 0) 
3.391  (-1.11903 0 0) 
3.392  (-1.11936 0 0) 
3.393  (-1.11969 0 0) 
3.394  (-1.12002 0 0) 
3.395  (-1.12035 0 0) 
3.396  (-1.12068 0 0) 
3.397  (-1.12101 0 0) 
3.398  (-1.12134 0 0) 
3.399  (-1.12167 0 0) 
3.4  (-1.122 0 0) 
3.401  (-1.12233 0 0) 
3.402  (-1.12266 0 0) 
3.403  (-1.12299 0 0) 
3.404  (-1.12332 0 0) 
3.405  (-1.12365 0 0) 
3.406  (-1.12398 0 0) 
3.407  (-1.12431 0 0) 
3.408  (-1.12464 0 0) 
3.409  (-1.12497 0 0) 
3.41  (-1.1253 0 0) 
3.411  (-1.12563 0 0) 
3.412  (-1.12596 0 0) 
3.413  (-1.12629 0 0) 
3.414  (-1.12662 0 0) 
3.415  (-1.12695 0 0) 
3.416  (-1.12728 0 0) 
3.417  (-1.12761 0 0) 
3.418  (-1.12794 0 0) 
3.419  (-1.12827 0 0) 
3.42  (-1.1286 0 0) 
3.421  (-1.12893 0 0) 
3.422  (-1.12926 0 0) 
3.423  (-1.12959 0 0) 
3.424  (-1.12992 0 0) 
3.425  (-1.13025 0 0) 
3.426  (-1.13058 0 0) 
3.427  (-1.13091 0 0) 
3.428  (-1.13124 0 0) 
3.429  (-1.13157 0 0) 
3.43  (-1.1319 0 0) 
3.431  (-1.13223 0 0) 
3.432  (-1.13256 0 0) 
3.433  (-1.13289 0 0) 
3.434  (-1.13322 0 0) 
3.435  (-1.13355 0 0) 
3.436  (-1.13388 0 0) 
3.437  (-1.13421 0 0) 
3.438  (-1.13454 0 0) 
3.439  (-1.13487 0 0) 
3.44  (-1.1352 0 0) 
3.441  (-1.13553 0 0) 
3.442  (-1.13586 0 0) 
3.443  (-1.13619 0 0) 
3.444  (-1.13652 0 0) 
3.445  (-1.13685 0 0) 
3.446  (-1.13718 0 0) 
3.447  (-1.13751 0 0) 
3.448  (-1.13784 0 0) 
3.449  (-1.13817 0 0) 
3.45  (-1.1385 0 0) 
3.451  (-1.13883 0 0) 
3.452  (-1.13916 0 0) 
3.453  (-1.13949 0 0) 
3.454  (-1.13982 0 0) 
3.455  (-1.14015 0 0) 
3.456  (-1.14048 0 0) 
3.457  (-1.14081 0 0) 
3.458  (-1.14114 0 0) 
3.459  (-1.14147 0 0) 
3.46  (-1.1418 0 0) 
3.461  (-1.14213 0 0) 
3.462  (-1.14246 0 0) 
3.463  (-1.14279 0 0) 
3.464  (-1.14312 0 0) 
3.465  (-1.14345 0 0) 
3.466  (-1.14378 0 0) 
3.467  (-1.14411 0 0) 
3.468  (-1.14444 0 0) 
3.469  (-1.14477 0 0) 
3.47  (-1.1451 0 0) 
3.471  (-1.14543 0 0) 
3.472  (-1.14576 0 0) 
3.473  (-1.14609 0 0) 
3.474  (-1.14642 0 0) 
3.475  (-1.14675 0 0) 
3.476  (-1.14708 0 0) 
3.477  (-1.14741 0 0) 
3.478  (-1.14774 0 0) 
3.479  (-1.14807 0 0) 
3.48  (-1.1484 0 0) 
3.481  (-1.14873 0 0) 
3.482  (-1.14906 0 0) 
3.483  (-1.14939 0 0) 
3.484  (-1.14972 0 0) 
3.485  (-1.15005 0 0) 
3.486  (-1.15038 0 0) 
3.487  (-1.15071 0 0) 
3.488  (-1.15104 0 0) 
3.489  (-1.15137 0 0) 
3.49  (-1.1517 0 0) 
3.491  (-1.15203 0 0) 
3.492  (-1.15236 0 0) 
3.493  (-1.15269 0 0) 
3.494  (-1.15302 0 0) 
3.495  (-1.15335 0 0) 
3.496  (-1.15368 0 0) 
3.497  (-1.15401 0 0) 
3.498  (-1.15434 0 0) 
3.499  (-1.15467 0 0) 
3.5  (-1.155 0 0) 
3.501  (-1.15533 0 0) 
3.502  (-1.15566 0 0) 
3.503  (-1.15599 0 0) 
3.504  (-1.15632 0 0) 
3.505  (-1.15665 0 0) 
3.506  (-1.15698 0 0) 
3.507  (-1.15731 0 0) 
3.508  (-1.15764 0 0) 
3.509  (-1.15797 0 0) 
3.51  (-1.1583 0 0) 
3.511  (-1.15863 0 0) 
3.512  (-1.15896 0 0) 
3.513  (-1.15929 0 0) 
3.514  (-1.15962 0 0) 
3.515  (-1.15995 0 0) 
3.516  (-1.16028 0 0) 
3.517  (-1.16061 0 0) 
3.518  (-1.16094 0 0) 
3.519  (-1.16127 0 0) 
3.52  (-1.1616 0 0) 
3.521  (-1.16193 0 0) 
3.522  (-1.16226 0 0) 
3.523  (-1.16259 0 0) 
3.524  (-1.16292 0 0) 
3.525  (-1.16325 0 0) 
3.526  (-1.16358 0 0) 
3.527  (-1.16391 0 0) 
3.528  (-1.16424 0 0) 
3.529  (-1.16457 0 0) 
3.53  (-1.1649 0 0) 
3.531  (-1.16523 0 0) 
3.532  (-1.16556 0 0) 
3.533  (-1.16589 0 0) 
3.534  (-1.16622 0 0) 
3.535  (-1.16655 0 0) 
3.536  (-1.16688 0 0) 
3.537  (-1.16721 0 0) 
3.538  (-1.16754 0 0) 
3.539  (-1.16787 0 0) 
3.54  (-1.1682 0 0) 
3.541  (-1.16853 0 0) 
3.542  (-1.16886 0 0) 
3.543  (-1.16919 0 0) 
3.544  (-1.16952 0 0) 
3.545  (-1.16985 0 0) 
3.546  (-1.17018 0 0) 
3.547  (-1.17051 0 0) 
3.548  (-1.17084 0 0) 
3.549  (-1.17117 0 0) 
3.55  (-1.1715 0 0) 
3.551  (-1.17183 0 0) 
3.552  (-1.17216 0 0) 
3.553  (-1.17249 0 0) 
3.554  (-1.17282 0 0) 
3.555  (-1.17315 0 0) 
3.556  (-1.17348 0 0) 
3.557  (-1.17381 0 0) 
3.558  (-1.17414 0 0) 
3.559  (-1.17447 0 0) 
3.56  (-1.1748 0 0) 
3.561  (-1.17513 0 0) 
3.562  (-1.17546 0 0) 
3.563  (-1.17579 0 0) 
3.564  (-1.17612 0 0) 
3.565  (-1.17645 0 0) 
3.566  (-1.17678 0 0) 
3.567  (-1.17711 0 0) 
3.568  (-1.17744 0 0) 
3.569  (-1.17777 0 0) 
3.57  (-1.1781 0 0) 
3.571  (-1.17843 0 0) 
3.572  (-1.17876 0 0) 
3.573  (-1.17909 0 0) 
3.574  (-1.17942 0 0) 
3.575  (-1.17975 0 0) 
3.576  (-1.18008 0 0) 
3.577  (-1.18041 0 0) 
3.578  (-1.18074 0 0) 
3.579  (-1.18107 0 0) 
3.58  (-1.1814 0 0) 
3.581  (-1.18173 0 0) 
3.582  (-1.18206 0 0) 
3.583  (-1.18239 0 0) 
3.584  (-1.18272 0 0) 
3.585  (-1.18305 0 0) 
3.586  (-1.18338 0 0) 
3.587  (-1.18371 0 0) 
3.588  (-1.18404 0 0) 
3.589  (-1.18437 0 0) 
3.59  (-1.1847 0 0) 
3.591  (-1.18503 0 0) 
3.592  (-1.18536 0 0) 
3.593  (-1.18569 0 0) 
3.594  (-1.18602 0 0) 
3.595  (-1.18635 0 0) 
3.596  (-1.18668 0 0) 
3.597  (-1.18701 0 0) 
3.598  (-1.18734 0 0) 
3.599  (-1.18767 0 0) 
3.6  (-1.188 0 0) 
3.601  (-1.18833 0 0) 
3.602  (-1.18866 0 0) 
3.603  (-1.18899 0 0) 
3.604  (-1.18932 0 0) 
3.605  (-1.18965 0 0) 
3.606  (-1.18998 0 0) 
3.607  (-1.19031 0 0) 
3.608  (-1.19064 0 0) 
3.609  (-1.19097 0 0) 
3.61  (-1.1913 0 0) 
3.611  (-1.19163 0 0) 
3.612  (-1.19196 0 0) 
3.613  (-1.19229 0 0) 
3.614  (-1.19262 0 0) 
3.615  (-1.19295 0 0) 
3.616  (-1.19328 0 0) 
3.617  (-1.19361 0 0) 
3.618  (-1.19394 0 0) 
3.619  (-1.19427 0 0) 
3.62  (-1.1946 0 0) 
3.621  (-1.19493 0 0) 
3.622  (-1.19526 0 0) 
3.623  (-1.19559 0 0) 
3.624  (-1.19592 0 0) 
3.625  (-1.19625 0 0) 
3.626  (-1.19658 0 0) 
3.627  (-1.19691 0 0) 
3.628  (-1.19724 0 0) 
3.629  (-1.19757 0 0) 
3.63  (-1.1979 0 0) 
3.631  (-1.19823 0 0) 
3.632  (-1.19856 0 0) 
3.633  (-1.19889 0 0) 
3.634  (-1.19922 0 0) 
3.635  (-1.19955 0 0) 
3.636  (-1.19988 0 0) 
3.637  (-1.20021 0 0) 
3.638  (-1.20054 0 0) 
3.639  (-1.20087 0 0) 
3.64  (-1.2012 0 0) 
3.641  (-1.20153 0 0) 
3.642  (-1.20186 0 0) 
3.643  (-1.20219 0 0) 
3.644  (-1.20252 0 0) 
3.645  (-1.20285 0 0) 
3.646  (-1.20318 0 0) 
3.647  (-1.20351 0 0) 
3.648  (-1.20384 0 0) 
3.649  (-1.20417 0 0) 
3.65  (-1.2045 0 0) 
3.651  (-1.20483 0 0) 
3.652  (-1.20516 0 0) 
3.653  (-1.20549 0 0) 
3.654  (-1.20582 0 0) 
3.655  (-1.20615 0 0) 
3.656  (-1.20648 0 0) 
3.657  (-1.20681 0 0) 
3.658  (-1.20714 0 0) 
3.659  (-1.20747 0 0) 
3.66  (-1.2078 0 0) 
3.661  (-1.20813 0 0) 
3.662  (-1.20846 0 0) 
3.663  (-1.20879 0 0) 
3.664  (-1.20912 0 0) 
3.665  (-1.20945 0 0) 
3.666  (-1.20978 0 0) 
3.667  (-1.21011 0 0) 
3.668  (-1.21044 0 0) 
3.669  (-1.21077 0 0) 
3.67  (-1.2111 0 0) 
3.671  (-1.21143 0 0) 
3.672  (-1.21176 0 0) 
3.673  (-1.21209 0 0) 
3.674  (-1.21242 0 0) 
3.675  (-1.21275 0 0) 
3.676  (-1.21308 0 0) 
3.677  (-1.21341 0 0) 
3.678  (-1.21374 0 0) 
3.679  (-1.21407 0 0) 
3.68  (-1.2144 0 0) 
3.681  (-1.21473 0 0) 
3.682  (-1.21506 0 0) 
3.683  (-1.21539 0 0) 
3.684  (-1.21572 0 0) 
3.685  (-1.21605 0 0) 
3.686  (-1.21638 0 0) 
3.687  (-1.21671 0 0) 
3.688  (-1.21704 0 0) 
3.689  (-1.21737 0 0) 
3.69  (-1.2177 0 0) 
3.691  (-1.21803 0 0) 
3.692  (-1.21836 0 0) 
3.693  (-1.21869 0 0) 
3.694  (-1.21902 0 0) 
3.695  (-1.21935 0 0) 
3.696  (-1.21968 0 0) 
3.697  (-1.22001 0 0) 
3.698  (-1.22034 0 0) 
3.699  (-1.22067 0 0) 
3.7  (-1.221 0 0) 
3.701  (-1.22133 0 0) 
3.702  (-1.22166 0 0) 
3.703  (-1.22199 0 0) 
3.704  (-1.22232 0 0) 
3.705  (-1.22265 0 0) 
3.706  (-1.22298 0 0) 
3.707  (-1.22331 0 0) 
3.708  (-1.22364 0 0) 
3.709  (-1.22397 0 0) 
3.71  (-1.2243 0 0) 
3.711  (-1.22463 0 0) 
3.712  (-1.22496 0 0) 
3.713  (-1.22529 0 0) 
3.714  (-1.22562 0 0) 
3.715  (-1.22595 0 0) 
3.716  (-1.22628 0 0) 
3.717  (-1.22661 0 0) 
3.718  (-1.22694 0 0) 
3.719  (-1.22727 0 0) 
3.72  (-1.2276 0 0) 
3.721  (-1.22793 0 0) 
3.722  (-1.22826 0 0) 
3.723  (-1.22859 0 0) 
3.724  (-1.22892 0 0) 
3.725  (-1.22925 0 0) 
3.726  (-1.22958 0 0) 
3.727  (-1.22991 0 0) 
3.728  (-1.23024 0 0) 
3.729  (-1.23057 0 0) 
3.73  (-1.2309 0 0) 
3.731  (-1.23123 0 0) 
3.732  (-1.23156 0 0) 
3.733  (-1.23189 0 0) 
3.734  (-1.23222 0 0) 
3.735  (-1.23255 0 0) 
3.736  (-1.23288 0 0) 
3.737  (-1.23321 0 0) 
3.738  (-1.23354 0 0) 
3.739  (-1.23387 0 0) 
3.74  (-1.2342 0 0) 
3.741  (-1.23453 0 0) 
3.742  (-1.23486 0 0) 
3.743  (-1.23519 0 0) 
3.744  (-1.23552 0 0) 
3.745  (-1.23585 0 0) 
3.746  (-1.23618 0 0) 
3.747  (-1.23651 0 0) 
3.748  (-1.23684 0 0) 
3.749  (-1.23717 0 0) 
3.75  (-1.2375 0 0) 
3.751  (-1.23783 0 0) 
3.752  (-1.23816 0 0) 
3.753  (-1.23849 0 0) 
3.754  (-1.23882 0 0) 
3.755  (-1.23915 0 0) 
3.756  (-1.23948 0 0) 
3.757  (-1.23981 0 0) 
3.758  (-1.24014 0 0) 
3.759  (-1.24047 0 0) 
3.76  (-1.2408 0 0) 
3.761  (-1.24113 0 0) 
3.762  (-1.24146 0 0) 
3.763  (-1.24179 0 0) 
3.764  (-1.24212 0 0) 
3.765  (-1.24245 0 0) 
3.766  (-1.24278 0 0) 
3.767  (-1.24311 0 0) 
3.768  (-1.24344 0 0) 
3.769  (-1.24377 0 0) 
3.77  (-1.2441 0 0) 
3.771  (-1.24443 0 0) 
3.772  (-1.24476 0 0) 
3.773  (-1.24509 0 0) 
3.774  (-1.24542 0 0) 
3.775  (-1.24575 0 0) 
3.776  (-1.24608 0 0) 
3.777  (-1.24641 0 0) 
3.778  (-1.24674 0 0) 
3.779  (-1.24707 0 0) 
3.78  (-1.2474 0 0) 
3.781  (-1.24773 0 0) 
3.782  (-1.24806 0 0) 
3.783  (-1.24839 0 0) 
3.784  (-1.24872 0 0) 
3.785  (-1.24905 0 0) 
3.786  (-1.24938 0 0) 
3.787  (-1.24971 0 0) 
3.788  (-1.25004 0 0) 
3.789  (-1.25037 0 0) 
3.79  (-1.2507 0 0) 
3.791  (-1.25103 0 0) 
3.792  (-1.25136 0 0) 
3.793  (-1.25169 0 0) 
3.794  (-1.25202 0 0) 
3.795  (-1.25235 0 0) 
3.796  (-1.25268 0 0) 
3.797  (-1.25301 0 0) 
3.798  (-1.25334 0 0) 
3.799  (-1.25367 0 0) 
3.8  (-1.254 0 0) 
3.801  (-1.25433 0 0) 
3.802  (-1.25466 0 0) 
3.803  (-1.25499 0 0) 
3.804  (-1.25532 0 0) 
3.805  (-1.25565 0 0) 
3.806  (-1.25598 0 0) 
3.807  (-1.25631 0 0) 
3.808  (-1.25664 0 0) 
3.809  (-1.25697 0 0) 
3.81  (-1.2573 0 0) 
3.811  (-1.25763 0 0) 
3.812  (-1.25796 0 0) 
3.813  (-1.25829 0 0) 
3.814  (-1.25862 0 0) 
3.815  (-1.25895 0 0) 
3.816  (-1.25928 0 0) 
3.817  (-1.25961 0 0) 
3.818  (-1.25994 0 0) 
3.819  (-1.26027 0 0) 
3.82  (-1.2606 0 0) 
3.821  (-1.26093 0 0) 
3.822  (-1.26126 0 0) 
3.823  (-1.26159 0 0) 
3.824  (-1.26192 0 0) 
3.825  (-1.26225 0 0) 
3.826  (-1.26258 0 0) 
3.827  (-1.26291 0 0) 
3.828  (-1.26324 0 0) 
3.829  (-1.26357 0 0) 
3.83  (-1.2639 0 0) 
3.831  (-1.26423 0 0) 
3.832  (-1.26456 0 0) 
3.833  (-1.26489 0 0) 
3.834  (-1.26522 0 0) 
3.835  (-1.26555 0 0) 
3.836  (-1.26588 0 0) 
3.837  (-1.26621 0 0) 
3.838  (-1.26654 0 0) 
3.839  (-1.26687 0 0) 
3.84  (-1.2672 0 0) 
3.841  (-1.26753 0 0) 
3.842  (-1.26786 0 0) 
3.843  (-1.26819 0 0) 
3.844  (-1.26852 0 0) 
3.845  (-1.26885 0 0) 
3.846  (-1.26918 0 0) 
3.847  (-1.26951 0 0) 
3.848  (-1.26984 0 0) 
3.849  (-1.27017 0 0) 
3.85  (-1.2705 0 0) 
3.851  (-1.27083 0 0) 
3.852  (-1.27116 0 0) 
3.853  (-1.27149 0 0) 
3.854  (-1.27182 0 0) 
3.855  (-1.27215 0 0) 
3.856  (-1.27248 0 0) 
3.857  (-1.27281 0 0) 
3.858  (-1.27314 0 0) 
3.859  (-1.27347 0 0) 
3.86  (-1.2738 0 0) 
3.861  (-1.27413 0 0) 
3.862  (-1.27446 0 0) 
3.863  (-1.27479 0 0) 
3.864  (-1.27512 0 0) 
3.865  (-1.27545 0 0) 
3.866  (-1.27578 0 0) 
3.867  (-1.27611 0 0) 
3.868  (-1.27644 0 0) 
3.869  (-1.27677 0 0) 
3.87  (-1.2771 0 0) 
3.871  (-1.27743 0 0) 
3.872  (-1.27776 0 0) 
3.873  (-1.27809 0 0) 
3.874  (-1.27842 0 0) 
3.875  (-1.27875 0 0) 
3.876  (-1.27908 0 0) 
3.877  (-1.27941 0 0) 
3.878  (-1.27974 0 0) 
3.879  (-1.28007 0 0) 
3.88  (-1.2804 0 0) 
3.881  (-1.28073 0 0) 
3.882  (-1.28106 0 0) 
3.883  (-1.28139 0 0) 
3.884  (-1.28172 0 0) 
3.885  (-1.28205 0 0) 
3.886  (-1.28238 0 0) 
3.887  (-1.28271 0 0) 
3.888  (-1.28304 0 0) 
3.889  (-1.28337 0 0) 
3.89  (-1.2837 0 0) 
3.891  (-1.28403 0 0) 
3.892  (-1.28436 0 0) 
3.893  (-1.28469 0 0) 
3.894  (-1.28502 0 0) 
3.895  (-1.28535 0 0) 
3.896  (-1.28568 0 0) 
3.897  (-1.28601 0 0) 
3.898  (-1.28634 0 0) 
3.899  (-1.28667 0 0) 
3.9  (-1.287 0 0) 
3.901  (-1.28733 0 0) 
3.902  (-1.28766 0 0) 
3.903  (-1.28799 0 0) 
3.904  (-1.28832 0 0) 
3.905  (-1.28865 0 0) 
3.906  (-1.28898 0 0) 
3.907  (-1.28931 0 0) 
3.908  (-1.28964 0 0) 
3.909  (-1.28997 0 0) 
3.91  (-1.2903 0 0) 
3.911  (-1.29063 0 0) 
3.912  (-1.29096 0 0) 
3.913  (-1.29129 0 0) 
3.914  (-1.29162 0 0) 
3.915  (-1.29195 0 0) 
3.916  (-1.29228 0 0) 
3.917  (-1.29261 0 0) 
3.918  (-1.29294 0 0) 
3.919  (-1.29327 0 0) 
3.92  (-1.2936 0 0) 
3.921  (-1.29393 0 0) 
3.922  (-1.29426 0 0) 
3.923  (-1.29459 0 0) 
3.924  (-1.29492 0 0) 
3.925  (-1.29525 0 0) 
3.926  (-1.29558 0 0) 
3.927  (-1.29591 0 0) 
3.928  (-1.29624 0 0) 
3.929  (-1.29657 0 0) 
3.93  (-1.2969 0 0) 
3.931  (-1.29723 0 0) 
3.932  (-1.29756 0 0) 
3.933  (-1.29789 0 0) 
3.934  (-1.29822 0 0) 
3.935  (-1.29855 0 0) 
3.936  (-1.29888 0 0) 
3.937  (-1.29921 0 0) 
3.938  (-1.29954 0 0) 
3.939  (-1.29987 0 0) 
3.94  (-1.3002 0 0) 
3.941  (-1.30053 0 0) 
3.942  (-1.30086 0 0) 
3.943  (-1.30119 0 0) 
3.944  (-1.30152 0 0) 
3.945  (-1.30185 0 0) 
3.946  (-1.30218 0 0) 
3.947  (-1.30251 0 0) 
3.948  (-1.30284 0 0) 
3.949  (-1.30317 0 0) 
3.95  (-1.3035 0 0) 
3.951  (-1.30383 0 0) 
3.952  (-1.30416 0 0) 
3.953  (-1.30449 0 0) 
3.954  (-1.30482 0 0) 
3.955  (-1.30515 0 0) 
3.956  (-1.30548 0 0) 
3.957  (-1.30581 0 0) 
3.958  (-1.30614 0 0) 
3.959  (-1.30647 0 0) 
3.96  (-1.3068 0 0) 
3.961  (-1.30713 0 0) 
3.962  (-1.30746 0 0) 
3.963  (-1.30779 0 0) 
3.964  (-1.30812 0 0) 
3.965  (-1.30845 0 0) 
3.966  (-1.30878 0 0) 
3.967  (-1.30911 0 0) 
3.968  (-1.30944 0 0) 
3.969  (-1.30977 0 0) 
3.97  (-1.3101 0 0) 
3.971  (-1.31043 0 0) 
3.972  (-1.31076 0 0) 
3.973  (-1.31109 0 0) 
3.974  (-1.31142 0 0) 
3.975  (-1.31175 0 0) 
3.976  (-1.31208 0 0) 
3.977  (-1.31241 0 0) 
3.978  (-1.31274 0 0) 
3.979  (-1.31307 0 0) 
3.98  (-1.3134 0 0) 
3.981  (-1.31373 0 0) 
3.982  (-1.31406 0 0) 
3.983  (-1.31439 0 0) 
3.984  (-1.31472 0 0) 
3.985  (-1.31505 0 0) 
3.986  (-1.31538 0 0) 
3.987  (-1.31571 0 0) 
3.988  (-1.31604 0 0) 
3.989  (-1.31637 0 0) 
3.99  (-1.3167 0 0) 
3.991  (-1.31703 0 0) 
3.992  (-1.31736 0 0) 
3.993  (-1.31769 0 0) 
3.994  (-1.31802 0 0) 
3.995  (-1.31835 0 0) 
3.996  (-1.31868 0 0) 
3.997  (-1.31901 0 0) 
3.998  (-1.31934 0 0) 
3.999  (-1.31967 0 0) 
4  (-1.32 0 0) 
