Time(s) Pressure(mBar)
36.862000 5.068963 
36.863000 4.201869 
36.864000 3.707675 
36.865000 3.394310 
36.866000 3.184551 
36.867000 3.039413 
36.868000 2.936562 
36.869000 2.862376 
36.870000 2.808074 
36.871000 2.767267 
36.872000 2.736367 
36.873000 2.712798 
36.874000 2.694668 
36.875000 2.680605 
36.876000 2.669443 
36.877000 2.660466 
36.878000 2.653254 
36.879000 2.647325 
36.880000 2.642356 
36.881000 2.638122 
36.882000 2.634369 
36.883000 2.631106 
36.884000 2.628156 
36.885000 2.625451 
36.886000 2.622981 
36.887000 2.621090 
36.888000 2.618650 
36.889000 2.616602 
36.890000 2.614642 
36.891000 2.612731 
36.892000 2.610888 
36.893000 2.609114 
36.894000 2.607350 
36.895000 2.605645 
36.896000 2.603891 
36.897000 2.602186 
36.898000 2.600461 
36.899000 2.598746 
36.900000 2.597060 
36.901000 2.595385 
36.902000 2.593787 
36.903000 2.592170 
36.904000 2.590573 
36.905000 2.588995 
36.906000 2.587398 
36.907000 2.585888 
36.908000 2.584291 
36.909000 2.582645 
36.910000 2.581077 
36.911000 2.579607 
36.912000 2.578029 
36.913000 2.576441 
36.914000 2.574932 
36.915000 2.573413 
36.916000 2.571914 
36.917000 2.570424 
36.918000 2.568876 
36.919000 2.567347 
36.920000 2.565838 
36.921000 2.564387 
36.922000 2.562760 
36.923000 2.561202 
36.924000 2.559722 
36.925000 2.558203 
36.926000 2.556714 
36.927000 2.555067 
36.928000 2.553568 
36.929000 2.552029 
36.930000 2.550550 
36.931000 2.548854 
36.932000 2.547286 
36.933000 2.545679 
36.934000 2.544444 
36.935000 2.542915 
36.936000 2.541318 
36.937000 2.539750 
36.938000 2.538182 
36.939000 2.536536 
36.940000 2.534928 
36.941000 2.533272 
36.942000 2.531685 
36.943000 2.530058 
36.944000 2.528421 
36.945000 2.526794 
36.946000 2.525187 
36.947000 2.523492 
36.948000 2.521855 
36.949000 2.520179 
36.950000 2.518464 
36.951000 2.516867 
36.952000 2.515093 
36.953000 2.513486 
36.954000 2.511673 
36.955000 2.510046 
36.956000 2.508214 
36.957000 2.506450 
36.958000 2.504646 
36.959000 2.502755 
36.960000 2.501403 
36.961000 2.499933 
36.962000 2.498227 
36.963000 2.496463 
36.964000 2.494729 
36.965000 2.493014 
36.966000 2.491279 
36.967000 2.489545 
36.968000 2.487722 
36.969000 2.485948 
36.970000 2.484174 
36.971000 2.482430 
36.972000 2.480666 
36.973000 2.478872 
36.974000 2.477089 
36.975000 2.475237 
36.976000 2.473384 
36.977000 2.471542 
36.978000 2.469680 
36.979000 2.467740 
36.980000 2.465682 
36.981000 2.464221 
36.982000 2.462418 
36.983000 2.460586 
36.984000 2.458616 
36.985000 2.456989 
36.986000 2.455205 
36.987000 2.453334 
36.988000 2.451452 
36.989000 2.449688 
36.990000 2.447983 
36.991000 2.446199 
36.992000 2.444376 
36.993000 2.442465 
36.994000 2.440505 
36.995000 2.438585 
36.996000 2.436732 
36.997000 2.434831 
36.998000 2.432812 
36.999000 2.430803 
37.000000 2.428853 
37.001000 2.426923 
37.002000 2.424943 
37.003000 2.423071 
37.004000 2.420964 
37.005000 2.418965 
37.006000 2.417015 
37.007000 2.415045 
37.008000 2.413026 
37.009000 2.410978 
37.010000 2.409008 
37.011000 2.406980 
37.012000 2.404961 
37.013000 2.402883 
37.014000 2.400884 
37.015000 2.398748 
37.016000 2.396543 
37.017000 2.394396 
37.018000 2.392289 
37.019000 2.390280 
37.020000 2.388213 
37.021000 2.385890 
37.022000 2.383714 
37.023000 2.381451 
37.024000 2.379265 
37.025000 2.376943 
37.026000 2.374659 
37.027000 2.372366 
37.028000 2.370582 
37.029000 2.367662 
37.030000 2.365261 
37.031000 2.362860 
37.032000 2.360469 
37.033000 2.358097 
37.034000 2.355637 
37.035000 2.353148 
37.036000 2.350639 
37.037000 2.348170 
37.038000 2.345563 
37.039000 2.343005 
37.040000 2.340291 
37.041000 2.337694 
37.042000 2.335048 
37.043000 2.332402 
37.044000 2.329775 
37.045000 2.327070 
37.046000 2.324424 
37.047000 2.321641 
37.048000 2.318897 
37.049000 2.316016 
37.050000 2.313194 
37.051000 2.310303 
37.052000 2.307392 
37.053000 2.304442 
37.054000 2.301473 
37.055000 2.298425 
37.056000 2.295358 
37.057000 2.292320 
37.058000 2.289213 
37.059000 2.286008 
37.060000 2.282902 
37.061000 2.279697 
37.062000 2.276355 
37.063000 2.273043 
37.064000 2.269672 
37.065000 2.266222 
37.066000 2.262792 
37.067000 2.259215 
37.068000 2.255668 
37.069000 2.252100 
37.070000 2.248455 
37.071000 2.244741 
37.072000 2.241124 
37.073000 2.237322 
37.074000 2.233667 
37.075000 2.229854 
37.076000 2.226121 
37.077000 2.222299 
37.078000 2.218398 
37.079000 2.214459 
37.080000 2.210333 
37.081000 2.206364 
37.082000 2.202365 
37.083000 2.198279 
37.084000 2.194065 
37.085000 2.189949 
37.086000 2.185754 
37.087000 2.181540 
37.088000 2.177228 
37.089000 2.172818 
37.090000 2.168428 
37.091000 2.164018 
37.092000 2.159569 
37.093000 2.155071 
37.094000 2.150465 
37.095000 2.145898 
37.096000 2.141282 
37.097000 2.136607 
37.098000 2.131903 
37.099000 2.127209 
37.100000 2.122554 
37.101000 2.117733 
37.102000 2.112911 
37.103000 2.108089 
37.104000 2.103199 
37.105000 2.098113 
37.106000 2.093135 
37.107000 2.088166 
37.108000 2.083148 
37.109000 2.077974 
37.110000 2.072809 
37.111000 2.067733 
37.112000 2.062500 
37.113000 2.057257 
37.114000 2.051955 
37.115000 2.046741 
37.116000 2.041293 
37.117000 2.035834 
37.118000 2.030454 
37.119000 2.024917 
37.120000 2.019409 
37.121000 2.013902 
37.122000 2.008394 
37.123000 2.002867 
37.124000 1.997222 
37.125000 1.991548 
37.126000 1.985727 
37.127000 1.980023 
37.128000 1.974290 
37.129000 1.968606 
37.130000 1.962775 
37.131000 1.956934 
37.132000 1.951025 
37.133000 1.945106 
37.134000 1.939216 
37.135000 1.933395 
37.136000 1.927348 
37.137000 1.921252 
37.138000 1.915235 
37.139000 1.909189 
37.140000 1.903083 
37.141000 1.896948 
37.142000 1.890784 
37.143000 1.884473 
37.144000 1.878250 
37.145000 1.871860 
37.146000 1.865539 
37.147000 1.859258 
37.148000 1.852868 
37.149000 1.846439 
37.150000 1.840079 
37.151000 1.833601 
37.152000 1.827074 
37.153000 1.820636 
37.154000 1.814099 
37.155000 1.807572 
37.156000 1.800967 
37.157000 1.794333 
37.158000 1.787767 
37.159000 1.781112 
37.160000 1.774458 
37.161000 1.767794 
37.162000 1.761081 
37.163000 1.754349 
37.164000 1.747596 
37.165000 1.740893 
37.166000 1.734033 
37.167000 1.727193 
37.168000 1.720352 
37.169000 1.713424 
37.170000 1.706505 
37.171000 1.699606 
37.172000 1.692618 
37.173000 1.685631 
37.174000 1.678712 
37.175000 1.671735 
37.176000 1.664718 
37.177000 1.657642 
37.178000 1.650547 
37.179000 1.643432 
37.180000 1.636259 
37.181000 1.629163 
37.182000 1.621990 
37.183000 1.614806 
37.184000 1.607496 
37.185000 1.600302 
37.186000 1.592992 
37.187000 1.585730 
37.188000 1.578360 
37.189000 1.570971 
37.190000 1.563533 
37.191000 1.556222 
37.192000 1.548852 
37.193000 1.541512 
37.194000 1.534084 
37.195000 1.526606 
37.196000 1.519100 
37.197000 1.511612 
37.198000 1.504096 
37.199000 1.496628 
37.200000 1.489063 
37.201000 1.481448 
37.202000 1.473804 
37.203000 1.466209 
37.204000 1.458604 
37.205000 1.450970 
37.206000 1.444051 
37.207000 1.435780 
37.208000 1.427891 
37.209000 1.420139 
37.210000 1.412466 
37.211000 1.404645 
37.212000 1.396903 
37.213000 1.389034 
37.214000 1.381214 
37.215000 1.373393 
37.216000 1.365534 
37.217000 1.357723 
37.218000 1.349775 
37.219000 1.341837 
37.220000 1.333899 
37.221000 1.325912 
37.222000 1.317886 
37.223000 1.309850 
37.224000 1.301843 
37.225000 1.293827 
37.226000 1.285732 
37.227000 1.277677 
37.228000 1.269562 
37.229000 1.261428 
37.230000 1.253314 
37.231000 1.245209 
37.232000 1.237085 
37.233000 1.228990 
37.234000 1.220748 
37.235000 1.212487 
37.236000 1.204294 
37.237000 1.196082 
37.238000 1.187811 
37.239000 1.179579 
37.240000 1.171219 
37.241000 1.162899 
37.242000 1.154461 
37.243000 1.146092 
37.244000 1.137772 
37.245000 1.129393 
37.246000 1.120886 
37.247000 1.112419 
37.248000 1.103972 
37.249000 1.095446 
37.250000 1.086949 
37.251000 1.078403 
37.252000 1.069789 
37.253000 1.061185 
37.254000 1.052551 
37.255000 1.043966 
37.256000 1.035283 
37.257000 1.026571 
37.258000 1.017908 
37.259000 1.009245 
37.260000 1.000484 
37.261000 0.991722 
37.262000 0.982961 
37.263000 0.974220 
37.264000 0.965360 
37.265000 0.956501 
37.266000 0.947720 
37.267000 0.938959 
37.268000 0.930198 
37.269000 0.921427 
37.270000 0.912636 
37.271000 0.903816 
37.272000 0.894840 
37.273000 0.886059 
37.274000 0.877190 
37.275000 0.868321 
37.276000 0.859413 
37.277000 0.850465 
37.278000 0.841518 
37.279000 0.832482 
37.280000 0.823554 
37.281000 0.814558 
37.282000 0.805620 
37.283000 0.796604 
37.284000 0.787598 
37.285000 0.778602 
37.286000 0.769449 
37.287000 0.760364 
37.288000 0.751309 
37.289000 0.742195 
37.290000 0.733130 
37.291000 0.723888 
37.292000 0.714676 
37.293000 0.705523 
37.294000 0.696341 
37.295000 0.687138 
37.296000 0.677848 
37.297000 0.668567 
37.298000 0.659267 
37.299000 0.649977 
37.300000 0.640686 
37.301000 0.631386 
37.302000 0.622008 
37.303000 0.612580 
37.304000 0.603074 
37.305000 0.593735 
37.306000 0.584327 
37.307000 0.574879 
37.308000 0.565442 
37.309000 0.555936 
37.310000 0.546420 
37.311000 0.536993 
37.312000 0.527516 
37.313000 0.517981 
37.314000 0.508396 
37.315000 0.498929 
37.316000 0.489423 
37.317000 0.479947 
37.318000 0.470490 
37.319000 0.461033 
37.320000 0.451546 
37.321000 0.442050 
37.322000 0.432544 
37.323000 0.422960 
37.324000 0.413395 
37.325000 0.403909 
37.326000 0.394334 
37.327000 0.384769 
37.328000 0.375195 
37.329000 0.365630 
37.330000 0.355957 
37.331000 0.346343 
37.332000 0.336769 
37.333000 0.327194 
37.334000 0.317571 
37.335000 0.307927 
37.336000 0.299264 
37.337000 0.288729 
37.338000 0.279057 
37.339000 0.269394 
37.340000 0.259721 
37.341000 0.250049 
37.342000 0.240317 
37.343000 0.230654 
37.344000 0.220933 
37.345000 0.211123 
37.346000 0.201411 
37.347000 0.191650 
37.348000 0.181909 
37.349000 0.172168 
37.350000 0.162397 
37.351000 0.152490 
37.352000 0.142611 
37.353000 0.132743 
37.354000 0.122933 
37.355000 0.113074 
37.356000 0.103264 
37.357000 0.093464 
37.358000 0.083635 
37.359000 0.073756 
37.360000 0.063947 
37.361000 0.054039 
37.362000 0.044082 
37.363000 0.034047 
37.364000 0.024061 
37.365000 0.014114 
37.366000 0.004176 
37.367000 -0.005682 
37.368000 -0.015502 
37.369000 -0.025341 
37.370000 -0.035229 
37.371000 -0.045039 
37.372000 -0.054859 
37.373000 -0.064757 
37.374000 -0.074616 
37.375000 -0.084484 
37.376000 -0.094343 
37.377000 -0.104251 
37.378000 -0.114110 
37.379000 -0.123988 
37.380000 -0.133925 
37.381000 -0.143862 
37.382000 -0.153751 
37.383000 -0.163658 
37.384000 -0.173596 
37.385000 -0.183621 
37.386000 -0.193627 
37.387000 -0.203535 
37.388000 -0.213521 
37.389000 -0.223468 
37.390000 -0.233425 
37.391000 -0.243342 
37.392000 -0.253309 
37.393000 -0.263324 
37.394000 -0.273262 
37.395000 -0.283238 
37.396000 -0.293156 
37.397000 -0.303063 
37.398000 -0.313020 
37.399000 -0.323055 
37.400000 -0.333120 
37.401000 -0.343126 
37.402000 -0.353063 
37.403000 -0.363020 
37.404000 -0.372967 
37.405000 -0.382904 
37.406000 -0.392880 
37.407000 -0.402896 
37.408000 -0.412912 
37.409000 -0.422937 
37.410000 -0.432972 
37.411000 -0.443066 
37.412000 -0.453180 
37.413000 -0.463293 
37.414000 -0.473358 
37.415000 -0.483344 
37.416000 -0.493409 
37.417000 -0.503395 
37.418000 -0.513499 
37.419000 -0.523544 
37.420000 -0.533657 
37.421000 -0.543722 
37.422000 -0.553738 
37.423000 -0.563763 
37.424000 -0.573739 
37.425000 -0.583775 
37.426000 -0.593849 
37.427000 -0.603855 
37.428000 -0.613851 
37.429000 -0.623876 
37.430000 -0.633882 
37.431000 -0.643878 
37.432000 -0.653913 
37.433000 -0.662714 
37.434000 -0.673837 
37.435000 -0.683931 
37.436000 -0.693995 
37.437000 -0.704011 
37.438000 -0.714046 
37.439000 -0.724101 
37.440000 -0.734116 
37.441000 -0.744181 
37.442000 -0.754216 
37.443000 -0.764212 
37.444000 -0.774257 
37.445000 -0.784253 
37.446000 -0.794249 
37.447000 -0.804226 
37.448000 -0.814310 
37.449000 -0.824345 
37.450000 -0.834272 
37.451000 -0.844210 
37.452000 -0.854196 
37.453000 -0.864211 
37.454000 -0.874198 
37.455000 -0.884213 
37.456000 -0.894219 
37.457000 -0.904166 
37.458000 -0.914113 
37.459000 -0.924099 
37.460000 -0.934076 
37.461000 -0.944081 
37.462000 -0.954048 
37.463000 -0.964005 
37.464000 -0.973962 
37.465000 -0.983918 
37.466000 -0.993846 
37.467000 -1.003793 
37.468000 -1.013691 
37.469000 -1.023638 
37.470000 -1.033634 
37.471000 -1.043649 
37.472000 -1.053665 
37.473000 -1.063671 
37.474000 -1.073696 
37.475000 -1.083653 
37.476000 -1.093659 
37.477000 -1.103567 
37.478000 -1.113484 
37.479000 -1.123421 
37.480000 -1.133368 
37.481000 -1.143247 
37.482000 -1.153164 
37.483000 -1.163033 
37.484000 -1.172931 
37.485000 -1.182809 
37.486000 -1.192649 
37.487000 -1.202517 
37.488000 -1.212366 
37.489000 -1.222196 
37.490000 -1.232035 
37.491000 -1.241835 
37.492000 -1.251694 
37.493000 -1.261523 
37.494000 -1.271303 
37.495000 -1.281074 
37.496000 -1.290835 
37.497000 -1.300586 
37.498000 -1.310298 
37.499000 -1.319960 
37.500000 -1.329613 
37.501000 -1.339296 
37.502000 -1.348919 
37.503000 -1.358533 
37.504000 -1.368176 
37.505000 -1.377771 
37.506000 -1.387375 
37.507000 -1.396969 
37.508000 -1.406494 
37.509000 -1.416000 
37.510000 -1.425546 
37.511000 -1.435061 
37.512000 -1.444597 
37.513000 -1.454122 
37.514000 -1.463550 
37.515000 -1.472958 
37.516000 -1.482395 
37.517000 -1.491843 
37.518000 -1.501260 
37.519000 -1.510639 
37.520000 -1.520018 
37.521000 -1.529386 
37.522000 -1.538716 
37.523000 -1.548065 
37.524000 -1.557385 
37.525000 -1.566783 
37.526000 -1.576034 
37.527000 -1.585305 
37.528000 -1.594615 
37.529000 -1.603827 
37.530000 -1.613049 
37.531000 -1.622290 
37.532000 -1.629846 
37.533000 -1.640420 
37.534000 -1.649789 
37.535000 -1.659060 
37.536000 -1.668262 
37.537000 -1.677396 
37.538000 -1.686461 
37.539000 -1.695575 
37.540000 -1.704669 
37.541000 -1.713773 
37.542000 -1.722770 
37.543000 -1.731874 
37.544000 -1.740988 
37.545000 -1.750112 
37.546000 -1.759196 
37.547000 -1.768222 
37.548000 -1.777336 
37.549000 -1.786391 
37.550000 -1.795594 
37.551000 -1.804678 
37.552000 -1.813635 
37.553000 -1.822612 
37.554000 -1.831589 
37.555000 -1.840536 
37.556000 -1.849376 
37.557000 -1.858284 
37.558000 -1.867124 
37.559000 -1.875983 
37.560000 -1.884842 
37.561000 -1.893662 
37.562000 -1.902482 
37.563000 -1.911283 
37.564000 -1.920024 
37.565000 -1.928736 
37.566000 -1.937468 
37.567000 -1.946161 
37.568000 -1.954853 
37.569000 -1.963497 
37.570000 -1.972170 
37.571000 -1.980774 
37.572000 -1.989340 
37.573000 -1.997866 
37.574000 -2.006421 
37.575000 -2.014908 
37.576000 -2.023395 
37.577000 -2.031852 
37.578000 -2.040309 
37.579000 -2.048737 
37.580000 -2.057195 
37.581000 -2.065574 
37.582000 -2.073963 
37.583000 -2.082283 
37.584000 -2.090603 
37.585000 -2.098894 
37.586000 -2.107165 
37.587000 -2.115456 
37.588000 -2.123688 
37.589000 -2.131871 
37.590000 -2.140005 
37.591000 -2.148139 
37.592000 -2.156224 
37.593000 -2.164319 
37.594000 -2.172404 
37.595000 -2.180489 
37.596000 -2.188466 
37.597000 -2.196482 
37.598000 -2.204440 
37.599000 -2.212319 
37.600000 -2.220198 
37.601000 -2.228097 
37.602000 -2.235976 
37.603000 -2.243855 
37.604000 -2.251666 
37.605000 -2.259486 
37.606000 -2.267248 
37.607000 -2.274990 
37.608000 -2.282683 
37.609000 -2.290356 
37.610000 -2.298059 
37.611000 -2.305733 
37.612000 -2.313377 
37.613000 -2.321021 
37.614000 -2.328616 
37.615000 -2.336211 
37.616000 -2.343698 
37.617000 -2.351185 
37.618000 -2.358692 
37.619000 -2.366150 
37.620000 -2.373578 
37.621000 -2.381006 
37.622000 -2.388415 
37.623000 -2.395785 
37.624000 -2.403164 
37.625000 -2.410563 
37.626000 -2.417825 
37.627000 -2.425057 
37.628000 -2.432349 
37.629000 -2.439591 
37.630000 -2.446755 
37.631000 -2.453958 
37.632000 -2.461102 
37.633000 -2.468236 
37.634000 -2.475459 
37.635000 -2.482642 
37.636000 -2.489816 
37.637000 -2.496901 
37.638000 -2.503987 
37.639000 -2.511023 
37.640000 -2.518010 
37.641000 -2.525008 
37.642000 -2.532015 
37.643000 -2.539012 
37.644000 -2.545950 
37.645000 -2.552859 
37.646000 -2.559778 
37.647000 -2.566775 
37.648000 -2.573625 
37.649000 -2.580368 
37.650000 -2.587130 
37.651000 -2.593823 
37.652000 -2.600517 
37.653000 -2.607298 
37.654000 -2.614001 
37.655000 -2.620714 
37.656000 -2.627329 
37.657000 -2.633895 
37.658000 -2.640412 
37.659000 -2.646959 
37.660000 -2.653525 
37.661000 -2.659954 
37.662000 -2.666461 
37.663000 -2.672831 
37.664000 -2.679171 
37.665000 -2.685532 
37.666000 -2.691902 
37.667000 -2.698193 
37.668000 -2.704269 
37.669000 -2.710629 
37.670000 -2.716843 
37.671000 -2.723046 
37.672000 -2.729112 
37.673000 -2.735316 
37.674000 -2.741382 
37.675000 -2.747458 
37.676000 -2.753553 
37.677000 -2.759610 
37.678000 -2.765725 
37.679000 -2.771703 
37.680000 -2.777681 
37.681000 -2.783600 
37.682000 -2.789539 
37.683000 -2.795409 
37.684000 -2.801181 
37.685000 -2.806944 
37.686000 -2.812755 
37.687000 -2.818527 
37.688000 -2.824329 
37.689000 -2.830023 
37.690000 -2.835805 
37.691000 -2.841499 
37.692000 -2.847104 
37.693000 -2.852729 
37.694000 -2.858384 
37.695000 -2.863999 
37.696000 -2.869546 
37.697000 -2.875171 
37.698000 -2.880748 
37.699000 -2.886147 
37.700000 -2.891684 
37.701000 -2.897114 
37.702000 -2.902494 
37.703000 -2.907737 
37.704000 -2.913127 
37.705000 -2.918419 
37.706000 -2.923632 
37.707000 -2.928777 
37.708000 -2.933942 
37.709000 -2.939048 
37.710000 -2.944232 
37.711000 -2.949348 
37.712000 -2.954512 
37.713000 -2.959589 
37.714000 -2.964636 
37.715000 -2.969741 
37.716000 -2.974769 
37.717000 -2.979698 
37.718000 -2.984618 
37.719000 -2.989439 
37.720000 -2.994290 
37.721000 -2.999181 
37.722000 -3.004022 
37.723000 -3.008892 
37.724000 -3.013753 
37.725000 -3.018614 
37.726000 -3.023357 
37.727000 -3.028130 
37.728000 -3.032902 
37.729000 -3.037587 
37.730000 -3.042271 
37.731000 -3.046956 
37.732000 -3.051581 
37.733000 -3.056079 
37.734000 -3.060734 
37.735000 -3.065311 
37.736000 -3.069809 
37.737000 -3.074307 
37.738000 -3.078796 
37.739000 -3.083147 
37.740000 -3.087439 
37.741000 -3.091840 
37.742000 -3.096240 
37.743000 -3.100640 
37.744000 -3.104962 
37.745000 -3.109254 
37.746000 -3.113547 
37.747000 -3.117770 
37.748000 -3.121955 
37.749000 -3.126140 
37.750000 -3.130334 
37.751000 -3.134470 
37.752000 -3.138605 
37.753000 -3.142672 
37.754000 -3.146778 
37.755000 -3.150855 
37.756000 -3.154981 
37.757000 -3.159058 
37.758000 -3.163066 
37.759000 -3.167172 
37.760000 -3.171171 
37.761000 -3.175169 
37.762000 -3.179118 
37.763000 -3.182911 
37.764000 -3.186811 
37.765000 -3.190633 
37.766000 -3.194465 
37.767000 -3.198268 
37.768000 -3.202109 
37.769000 -3.205872 
37.770000 -3.209655 
37.771000 -3.213330 
37.772000 -3.216966 
37.773000 -3.220700 
37.774000 -3.224336 
37.775000 -3.227942 
37.776000 -3.231568 
37.777000 -3.235145 
37.778000 -3.238644 
37.779000 -3.242093 
37.780000 -3.245602 
37.781000 -3.249188 
37.782000 -3.252628 
37.783000 -3.256048 
37.784000 -3.259537 
37.785000 -3.262977 
37.786000 -3.266319 
37.787000 -3.271670 
37.788000 -3.273355 
37.789000 -3.276540 
37.790000 -3.279804 
37.791000 -3.282998 
37.792000 -3.286174 
37.793000 -3.289476 
37.794000 -3.292740 
37.795000 -3.295925 
37.796000 -3.299100 
37.797000 -3.302285 
37.798000 -3.305382 
37.799000 -3.308537 
37.800000 -3.311663 
37.801000 -3.314731 
37.802000 -3.317828 
37.803000 -3.320934 
37.804000 -3.323904 
37.805000 -3.326883 
37.806000 -3.329940 
37.807000 -3.332920 
37.808000 -3.335938 
37.809000 -3.338917 
37.810000 -3.341877 
37.811000 -3.344768 
37.812000 -3.347649 
37.813000 -3.350579 
37.814000 -3.353441 
37.815000 -3.356253 
37.816000 -3.358939 
37.817000 -3.361634 
37.818000 -3.364133 
37.819000 -3.366828 
37.820000 -3.369503 
37.821000 -3.372208 
37.822000 -3.374932 
37.823000 -3.377637 
37.824000 -3.380234 
37.825000 -3.382743 
37.826000 -3.385310 
37.827000 -3.387878 
37.828000 -3.390485 
37.829000 -3.393013 
37.830000 -3.395542 
37.831000 -3.398060 
37.832000 -3.400530 
37.833000 -3.402990 
37.834000 -3.405430 
37.835000 -3.407841 
37.836000 -3.410173 
37.837000 -3.412584 
37.838000 -3.414965 
37.839000 -3.417317 
37.840000 -3.419620 
37.841000 -3.421894 
37.842000 -3.424138 
37.843000 -3.426402 
37.844000 -3.430390 
37.845000 -3.431243 
37.846000 -3.433360 
37.847000 -3.435535 
37.848000 -3.437731 
37.849000 -3.439945 
37.850000 -3.442219 
37.851000 -3.444395 
37.852000 -3.446560 
37.853000 -3.448658 
37.854000 -3.450725 
37.855000 -3.452744 
37.856000 -3.454792 
37.857000 -3.456792 
37.858000 -3.458781 
37.859000 -3.460800 
37.860000 -3.462799 
37.861000 -3.464798 
37.862000 -3.466729 
37.863000 -3.468650 
37.864000 -3.470570 
37.865000 -3.472511 
37.866000 -3.474451 
37.867000 -3.476431 
37.868000 -3.478185 
37.869000 -3.480057 
37.870000 -3.481987 
37.871000 -3.483840 
37.872000 -3.485633 
37.873000 -3.487446 
37.874000 -3.489308 
37.875000 -3.491101 
37.876000 -3.492914 
37.877000 -3.494708 
37.878000 -3.496560 
37.879000 -3.498353 
37.880000 -3.500078 
37.881000 -3.501783 
37.882000 -3.503489 
37.883000 -3.505204 
37.884000 -3.508330 
37.885000 -3.508810 
37.886000 -3.510368 
37.887000 -3.512005 
37.888000 -3.513612 
37.889000 -3.515200 
37.890000 -3.516787 
37.891000 -3.518443 
37.892000 -3.520051 
37.893000 -3.521638 
37.894000 -3.523226 
37.895000 -3.524813 
37.896000 -3.526372 
37.897000 -3.527910 
37.898000 -3.529429 
37.899000 -3.530929 
37.900000 -3.532448 
37.901000 -3.533918 
37.902000 -3.535417 
37.903000 -3.536926 
37.904000 -3.538396 
37.905000 -3.539837 
37.906000 -3.541268 
37.907000 -3.542669 
37.908000 -3.544110 
37.909000 -3.545560 
37.910000 -3.546952 
37.911000 -3.548343 
37.912000 -3.549715 
37.913000 -3.551077 
37.914000 -3.552391 
37.915000 -3.553704 
37.916000 -3.556173 
37.917000 -3.556536 
37.918000 -3.557732 
37.919000 -3.558996 
37.920000 -3.560240 
37.921000 -3.561446 
37.922000 -3.562730 
37.923000 -3.563984 
37.924000 -3.565199 
37.925000 -3.566424 
37.926000 -3.567639 
37.927000 -3.568815 
37.928000 -3.569952 
37.929000 -3.571099 
37.930000 -3.572285 
37.931000 -3.573441 
37.932000 -3.574578 
37.933000 -3.575705 
37.934000 -3.576851 
37.935000 -3.577949 
37.936000 -3.579007 
37.937000 -3.580076 
37.938000 -3.581144 
37.939000 -3.582192 
37.940000 -3.583231 
37.941000 -3.584270 
37.942000 -3.585309 
37.943000 -3.587141 
37.944000 -3.587455 
37.945000 -3.588386 
37.946000 -3.589346 
37.947000 -3.590336 
37.948000 -3.591297 
37.949000 -3.592198 
37.950000 -3.593129 
37.951000 -3.594050 
37.952000 -3.594972 
37.953000 -3.595873 
37.954000 -3.596755 
37.955000 -3.597667 
37.956000 -3.598529 
37.957000 -3.599362 
37.958000 -3.600175 
37.959000 -3.601008 
37.960000 -3.601881 
37.961000 -3.602694 
37.962000 -3.603488 
37.963000 -3.604262 
37.964000 -3.605085 
37.965000 -3.605850 
37.966000 -3.606575 
37.967000 -3.607868 
37.968000 -3.608153 
37.969000 -3.608839 
37.970000 -3.609554 
37.971000 -3.610240 
37.972000 -3.610936 
37.973000 -3.611592 
37.974000 -3.612239 
37.975000 -3.612906 
37.976000 -3.613552 
37.977000 -3.614199 
37.978000 -3.614846 
37.979000 -3.615493 
37.980000 -3.616091 
37.981000 -3.616659 
37.982000 -3.617257 
37.983000 -3.617825 
37.984000 -3.618394 
37.985000 -3.618923 
37.986000 -3.619442 
37.987000 -3.620011 
37.988000 -3.620550 
37.989000 -3.621294 
37.990000 -3.621579 
37.991000 -3.622039 
37.992000 -3.622519 
37.993000 -3.623000 
37.994000 -3.623450 
37.995000 -3.623891 
37.996000 -3.624342 
37.997000 -3.624803 
37.998000 -3.625234 
37.999000 -3.625616 
38.000000 -3.626047 
38.001000 -3.626400 
38.002000 -3.626773 
38.003000 -3.627135 
38.004000 -3.627537 
38.005000 -3.627851 
38.006000 -3.628223 
38.007000 -3.628566 
38.008000 -3.628889 
38.009000 -3.629085 
38.010000 -3.629389 
38.011000 -3.629722 
38.012000 -3.630036 
38.013000 -3.630291 
38.014000 -3.630536 
38.015000 -3.630751 
38.016000 -3.630996 
38.017000 -3.631281 
38.018000 -3.631477 
38.019000 -3.631663 
38.020000 -3.631849 
38.021000 -3.632094 
38.022000 -3.632270 
38.023000 -3.632398 
38.024000 -3.632515 
38.025000 -3.632721 
38.026000 -3.632917 
38.027000 -3.633064 
38.028000 -3.632780 
38.029000 -3.633162 
38.030000 -3.633319 
38.031000 -3.633456 
38.032000 -3.633544 
38.033000 -3.633574 
38.034000 -3.633584 
38.035000 -3.633623 
38.036000 -3.633642 
38.037000 -3.633652 
38.038000 -3.633574 
38.039000 -3.633584 
38.040000 -3.633574 
38.041000 -3.633544 
38.042000 -3.633437 
38.043000 -3.633280 
38.044000 -3.633231 
38.045000 -3.632447 
38.046000 -3.632907 
38.047000 -3.632780 
38.048000 -3.632633 
38.049000 -3.632515 
38.050000 -3.632359 
38.051000 -3.632202 
38.052000 -3.631927 
38.053000 -3.631712 
38.054000 -3.631486 
38.055000 -3.631300 
38.056000 -3.631016 
38.057000 -3.630683 
38.058000 -3.630389 
38.059000 -3.630105 
38.060000 -3.629840 
38.061000 -3.629438 
38.062000 -3.628066 
38.063000 -3.628517 
38.064000 -3.628243 
38.065000 -3.627929 
38.066000 -3.627439 
38.067000 -3.627027 
38.068000 -3.626616 
38.069000 -3.626214 
38.070000 -3.625802 
38.071000 -3.625205 
38.072000 -3.624754 
38.073000 -3.624185 
38.074000 -3.623715 
38.075000 -3.623156 
38.076000 -3.622490 
38.077000 -3.621961 
38.078000 -3.620089 
38.079000 -3.620589 
38.080000 -3.619991 
38.081000 -3.619364 
38.082000 -3.618756 
38.083000 -3.618100 
38.084000 -3.617423 
38.085000 -3.616688 
38.086000 -3.615953 
38.087000 -3.615169 
38.088000 -3.614454 
38.089000 -3.613690 
38.090000 -3.612837 
38.091000 -3.612073 
38.092000 -3.611181 
38.093000 -3.610358 
38.094000 -3.607849 
38.095000 -3.608300 
38.096000 -3.607535 
38.097000 -3.606624 
38.098000 -3.605654 
38.099000 -3.604654 
38.100000 -3.603743 
38.101000 -3.602753 
38.102000 -3.601773 
38.103000 -3.600656 
38.104000 -3.599499 
38.105000 -3.598441 
38.106000 -3.597314 
38.107000 -3.596089 
38.108000 -3.594874 
38.109000 -3.591806 
38.110000 -3.592394 
38.111000 -3.591179 
38.112000 -3.589964 
38.113000 -3.588631 
38.114000 -3.587367 
38.115000 -3.586201 
38.116000 -3.584848 
38.117000 -3.583447 
38.118000 -3.582036 
38.119000 -3.580771 
38.120000 -3.579478 
38.121000 -3.578214 
38.122000 -3.576459 
38.123000 -3.574891 
38.124000 -3.571344 
38.125000 -3.571569 
38.126000 -3.570187 
38.127000 -3.568551 
38.128000 -3.567012 
38.129000 -3.565523 
38.130000 -3.563935 
38.131000 -3.562132 
38.132000 -3.560378 
38.133000 -3.558859 
38.134000 -3.557261 
38.135000 -3.555458 
38.136000 -3.553537 
38.137000 -3.551695 
38.138000 -3.549999 
38.139000 -3.545854 
38.140000 -3.545932 
38.141000 -3.544110 
38.142000 -3.542248 
38.143000 -3.540582 
38.144000 -3.538631 
38.145000 -3.536622 
38.146000 -3.534486 
38.147000 -3.532487 
38.148000 -3.530674 
38.149000 -3.528557 
38.150000 -3.526421 
38.151000 -3.524137 
38.152000 -3.522020 
38.153000 -3.520090 
38.154000 -3.515160 
38.155000 -3.515121 
38.156000 -3.512995 
38.157000 -3.510878 
38.158000 -3.508810 
38.159000 -3.506438 
38.160000 -3.504077 
38.161000 -3.501705 
38.162000 -3.499412 
38.163000 -3.497177 
38.164000 -3.494610 
38.165000 -3.492111 
38.166000 -3.489641 
38.167000 -3.487240 
38.168000 -3.484849 
38.169000 -3.482193 
38.170000 -3.476813 
38.171000 -3.476607 
38.172000 -3.474187 
38.173000 -3.471648 
38.174000 -3.468904 
38.175000 -3.466317 
38.176000 -3.463583 
38.177000 -3.460741 
38.178000 -3.457958 
38.179000 -3.455155 
38.180000 -3.452333 
38.181000 -3.449461 
38.182000 -3.446443 
38.183000 -3.443483 
38.184000 -3.440592 
38.185000 -3.437574 
38.186000 -3.434565 
38.187000 -3.428293 
38.188000 -3.427764 
38.189000 -3.424981 
38.190000 -3.421835 
38.191000 -3.418797 
38.192000 -3.415504 
38.193000 -3.412231 
38.194000 -3.409046 
38.195000 -3.405773 
38.196000 -3.402460 
38.197000 -3.399030 
38.198000 -3.395532 
38.199000 -3.392249 
38.200000 -3.388711 
38.201000 -3.385105 
38.202000 -3.381606 
38.203000 -3.377960 
38.204000 -3.374570 
38.205000 -3.370846 
38.206000 -3.363868 
38.207000 -3.362947 
38.208000 -3.359360 
38.209000 -3.355803 
38.210000 -3.352020 
38.211000 -3.348149 
38.212000 -3.344209 
38.213000 -3.340240 
38.214000 -3.336330 
38.215000 -3.332381 
38.216000 -3.328314 
38.217000 -3.324207 
38.218000 -3.319905 
38.219000 -3.315711 
38.220000 -3.311634 
38.221000 -3.307342 
38.222000 -3.303020 
38.223000 -3.298600 
38.224000 -3.294161 
38.225000 -3.289898 
38.226000 -3.285458 
38.227000 -3.280970 
38.228000 -3.276383 
38.229000 -3.271719 
38.230000 -3.263732 
38.231000 -3.262066 
38.232000 -3.257646 
38.233000 -3.252961 
38.234000 -3.248159 
38.235000 -3.243397 
38.236000 -3.238644 
38.237000 -3.233763 
38.238000 -3.228765 
38.239000 -3.223748 
38.240000 -3.218720 
38.241000 -3.213742 
38.242000 -3.208587 
38.243000 -3.203364 
38.244000 -3.198072 
38.245000 -3.192848 
38.246000 -3.187644 
38.247000 -3.182362 
38.248000 -3.176982 
38.249000 -3.171514 
38.250000 -3.166006 
38.251000 -3.160538 
38.252000 -3.155138 
38.253000 -3.149532 
38.254000 -3.143868 
38.255000 -3.138135 
38.256000 -3.132666 
38.257000 -3.126767 
38.258000 -3.120926 
38.259000 -3.115026 
38.260000 -3.109088 
38.261000 -3.103129 
38.262000 -3.097200 
38.263000 -3.091232 
38.264000 -3.085068 
38.265000 -3.078855 
38.266000 -3.072563 
38.267000 -3.066399 
38.268000 -3.060176 
38.269000 -3.053786 
38.270000 -3.047397 
38.271000 -3.040938 
38.272000 -3.034490 
38.273000 -3.028022 
38.274000 -3.021456 
38.275000 -3.014655 
38.276000 -3.007942 
38.277000 -3.001160 
38.278000 -2.994496 
38.279000 -2.987822 
38.280000 -2.980825 
38.281000 -2.973877 
38.282000 -2.966821 
38.283000 -2.959765 
38.284000 -2.952846 
38.285000 -2.945692 
38.286000 -2.938450 
38.287000 -2.931247 
38.288000 -2.923721 
38.289000 -2.916557 
38.290000 -2.909177 
38.291000 -2.901788 
38.292000 -2.894379 
38.293000 -2.886402 
38.294000 -2.878748 
38.295000 -2.871291 
38.296000 -2.863500 
38.297000 -2.855816 
38.298000 -2.847908 
38.299000 -2.839490 
38.300000 -2.831846 
38.301000 -2.823849 
38.302000 -2.815852 
38.303000 -2.807767 
38.304000 -2.799261 
38.305000 -2.791029 
38.306000 -2.782816 
38.307000 -2.774467 
38.308000 -2.766097 
38.309000 -2.757709 
38.310000 -2.748791 
38.311000 -2.740353 
38.312000 -2.731670 
38.313000 -2.723026 
38.314000 -2.714334 
38.315000 -2.705249 
38.316000 -2.696419 
38.317000 -2.687472 
38.318000 -2.678476 
38.319000 -2.669469 
38.320000 -2.660326 
38.321000 -2.650928 
38.322000 -2.641794 
38.323000 -2.632504 
38.324000 -2.623204 
38.325000 -2.617177 
38.326000 -2.604554 
38.327000 -2.594872 
38.328000 -2.585189 
38.329000 -2.575497 
38.330000 -2.565942 
38.331000 -2.555780 
38.332000 -2.546009 
38.333000 -2.536150 
38.334000 -2.526115 
38.335000 -2.516217 
38.336000 -2.505858 
38.337000 -2.495647 
38.338000 -2.485533 
38.339000 -2.475263 
38.340000 -2.464953 
38.341000 -2.454467 
38.342000 -2.443795 
38.343000 -2.433309 
38.344000 -2.422676 
38.345000 -2.412023 
38.346000 -2.401410 
38.347000 -2.390140 
38.348000 -2.379331 
38.349000 -2.371314 
38.350000 -2.357820 
38.351000 -2.346726 
38.352000 -2.334907 
38.353000 -2.323716 
38.354000 -2.312455 
38.355000 -2.301146 
38.356000 -2.289984 
38.357000 -2.277969 
38.358000 -2.266474 
38.359000 -2.254890 
38.360000 -2.243248 
38.361000 -2.231703 
38.362000 -2.219610 
38.363000 -2.207556 
38.364000 -2.195630 
38.365000 -2.183674 
38.366000 -2.171737 
38.367000 -2.159546 
38.368000 -2.146914 
38.369000 -2.137369 
38.370000 -2.122747 
38.371000 -2.110213 
38.372000 -2.097786 
38.373000 -2.084615 
38.374000 -2.072061 
38.375000 -2.059321 
38.376000 -2.046581 
38.377000 -2.033910 
38.378000 -2.020631 
38.379000 -2.007489 
38.380000 -1.994455 
38.381000 -1.981284 
38.382000 -1.968250 
38.383000 -1.954873 
38.384000 -1.941153 
38.385000 -1.927727 
38.386000 -1.916643 
38.387000 -1.901071 
38.388000 -1.887322 
38.389000 -1.873102 
38.390000 -1.859166 
38.391000 -1.845280 
38.392000 -1.831315 
38.393000 -1.817408 
38.394000 -1.803149 
38.395000 -1.788596 
38.396000 -1.774729 
38.397000 -1.760078 
38.398000 -1.745761 
38.399000 -1.731266 
38.400000 -1.716331 
38.401000 -1.701592 
38.402000 -1.689087 
38.403000 -1.672457 
38.404000 -1.657482 
38.405000 -1.642253 
38.406000 -1.626896 
38.407000 -1.611726 
38.408000 -1.596536 
38.409000 -1.581356 
38.410000 -1.565999 
38.411000 -1.550211 
38.412000 -1.534512 
38.413000 -1.518930 
38.414000 -1.503318 
38.415000 -1.487717 
38.416000 -1.471733 
38.417000 -1.455455 
38.418000 -1.441441 
38.419000 -1.423664 
38.420000 -1.407494 
38.421000 -1.391255 
38.422000 -1.374497 
38.423000 -1.357896 
38.424000 -1.341383 
38.425000 -1.324900 
38.426000 -1.308426 
38.427000 -1.291452 
38.428000 -1.274341 
38.429000 -1.257407 
38.430000 -1.240453 
38.431000 -1.223568 
38.432000 -1.206506 
38.433000 -1.188876 
38.434000 -1.173205 
38.435000 -1.154252 
38.436000 -1.136759 
38.437000 -1.119256 
38.438000 -1.101450 
38.439000 -1.083428 
38.440000 -1.065513 
38.441000 -1.047697 
38.442000 -1.029802 
38.443000 -1.011829 
38.444000 -0.993395 
38.445000 -0.975069 
38.446000 -0.956772 
38.447000 -0.938417 
38.448000 -0.920248 
38.449000 -0.903078 
38.450000 -0.882861 
38.451000 -0.863986 
38.452000 -0.845180 
38.453000 -0.826540 
38.454000 -0.807518 
38.455000 -0.788114 
38.456000 -0.768818 
38.457000 -0.749561 
38.458000 -0.730363 
38.459000 -0.711312 
38.460000 -0.691535 
38.461000 -0.671681 
38.462000 -0.651865 
38.463000 -0.632216 
38.464000 -0.612959 
38.465000 -0.594104 
38.466000 -0.572691 
38.467000 -0.552326 
38.468000 -0.532246 
38.469000 -0.512519 
38.470000 -0.492086 
38.471000 -0.471290 
38.472000 -0.450514 
38.473000 -0.429787 
38.474000 -0.409746 
38.475000 -0.389117 
38.476000 -0.367988 
38.477000 -0.346732 
38.478000 -0.325339 
38.479000 -0.305014 
38.480000 -0.284159 
38.481000 -0.262609 
38.482000 -0.242078 
38.483000 -0.219136 
38.484000 -0.198194 
38.485000 -0.177124 
38.486000 -0.155083 
38.487000 -0.133102 
38.488000 -0.110562 
38.489000 -0.089090 
38.490000 -0.067903 
38.491000 -0.045490 
38.492000 -0.023215 
38.493000 -0.000371 
38.494000 0.021934 
38.495000 0.043386 
38.496000 0.065916 
38.497000 0.088662 
38.498000 0.111780 
38.499000 0.133899 
38.500000 0.156566 
38.501000 0.179342 
38.502000 0.202460 
38.503000 0.226019 
38.504000 0.249421 
38.505000 0.272246 
38.506000 0.295080 
38.507000 0.318433 
38.508000 0.342433 
38.509000 0.366257 
38.510000 0.389826 
38.511000 0.413013 
38.512000 0.436552 
38.513000 0.460817 
38.514000 0.485062 
38.515000 0.509121 
38.516000 0.533043 
38.517000 0.556201 
38.518000 0.581083 
38.519000 0.605838 
38.520000 0.630357 
38.521000 0.654906 
38.522000 0.678985 
38.523000 0.703602 
38.524000 0.728779 
38.525000 0.753651 
38.526000 0.778465 
38.527000 0.803268 
38.528000 0.828072 
38.529000 0.853552 
38.530000 0.878719 
38.531000 0.903807 
38.532000 0.929247 
38.533000 0.954375 
38.534000 0.980129 
38.535000 1.005237 
38.536000 1.030981 
38.537000 1.056716 
38.538000 1.082510 
38.539000 1.108509 
38.540000 1.134342 
38.541000 1.160194 
38.542000 1.186164 
38.543000 1.212467 
38.544000 1.238800 
38.545000 1.265044 
38.546000 1.291240 
38.547000 1.317612 
38.548000 1.344111 
38.549000 1.370933 
38.550000 1.396933 
38.551000 1.423912 
38.552000 1.450558 
38.553000 1.477420 
38.554000 1.504743 
38.555000 1.531800 
38.556000 1.558466 
38.557000 1.585338 
38.558000 1.612552 
38.559000 1.640208 
38.560000 1.667824 
38.561000 1.694765 
38.562000 1.721832 
38.563000 1.749243 
38.564000 1.777085 
38.565000 1.805191 
38.566000 1.832719 
38.567000 1.860002 
38.568000 1.887668 
38.569000 1.915608 
38.570000 1.944018 
38.571000 1.972144 
38.572000 1.999701 
38.573000 2.027622 
38.574000 2.055591 
38.575000 2.084079 
38.576000 2.112940 
38.577000 2.141164 
38.578000 2.169016 
38.579000 2.197162 
38.580000 2.225709 
38.581000 2.254982 
38.582000 2.283549 
38.583000 2.311782 
38.584000 2.340075 
38.585000 2.368789 
38.586000 2.398307 
38.587000 2.427599 
38.588000 2.456068 
38.589000 2.484576 
38.590000 2.513280 
38.591000 2.542700 
38.592000 2.572580 
38.593000 2.601412 
38.594000 2.630145 
38.595000 2.658869 
38.596000 2.688308 
38.597000 2.718649 
38.598000 2.747814 
38.599000 2.776841 
38.600000 2.805771 
38.601000 2.835818 
38.602000 2.865767 
38.603000 2.895578 
38.604000 2.924782 
38.605000 2.953918 
38.606000 2.983474 
38.607000 3.013698 
38.608000 3.044087 
38.609000 3.073879 
38.610000 3.103221 
38.611000 3.132895 
38.612000 3.163148 
38.613000 3.193978 
38.614000 3.223976 
38.615000 3.253288 
38.616000 3.283021 
38.617000 3.313225 
38.618000 3.344163 
38.619000 3.374514 
38.620000 3.404120 
38.621000 3.433980 
38.622000 3.464321 
38.623000 3.495113 
38.624000 3.525806 
38.625000 3.555814 
38.626000 3.585684 
38.627000 3.616897 
38.628000 3.646699 
38.629000 3.677961 
38.630000 3.708135 
38.631000 3.738123 
38.632000 3.768484 
38.633000 3.799197 
38.634000 3.830449 
38.635000 3.861025 
38.636000 3.891219 
38.637000 3.921560 
38.638000 3.952057 
38.639000 3.983192 
38.640000 4.014101 
38.641000 4.044501 
38.642000 4.074871 
38.643000 4.105241 
38.644000 4.136229 
38.645000 4.167412 
38.646000 4.198086 
38.647000 4.228398 
38.648000 4.258641 
38.649000 4.289266 
38.650000 4.320939 
38.651000 4.351917 
38.652000 4.381993 
38.653000 4.412540 
38.654000 4.443155 
38.655000 4.474878 
38.656000 4.506032 
38.657000 4.536304 
38.658000 4.567899 
38.659000 4.597417 
38.660000 4.628444 
38.661000 4.659774 
38.662000 4.690301 
38.663000 4.720466 
38.664000 4.750797 
38.665000 4.781716 
38.666000 4.813281 
38.667000 4.843779 
38.668000 4.873992 
38.669000 4.904176 
38.670000 4.934713 
38.671000 4.966377 
38.672000 4.997100 
38.673000 5.027068 
38.674000 5.057321 
38.675000 5.087623 
38.676000 5.118894 
38.677000 5.150088 
38.678000 5.179860 
38.679000 5.210132 
38.680000 5.240140 
38.681000 5.271039 
38.682000 5.301988 
38.683000 5.332152 
38.684000 5.361993 
38.685000 5.391962 
38.686000 5.422420 
38.687000 5.453280 
38.688000 5.483366 
38.689000 5.513482 
38.690000 5.542901 
38.691000 5.573026 
38.692000 5.603632 
38.693000 5.633816 
38.694000 5.663706 
38.695000 5.694713 
38.696000 5.723427 
38.697000 5.753582 
38.698000 5.783187 
38.699000 5.813048 
38.700000 5.842360 
38.701000 5.871848 
38.702000 5.901807 
38.703000 5.931167 
38.704000 5.960675 
38.705000 5.989958 
38.706000 6.019269 
38.707000 6.048807 
38.708000 6.077785 
38.709000 6.106891 
38.710000 6.136134 
38.711000 6.165260 
38.712000 6.194376 
38.713000 6.223403 
38.714000 6.252245 
38.715000 6.281037 
38.716000 6.309898 
38.717000 6.338651 
38.718000 6.367620 
38.719000 6.395697 
38.720000 6.423813 
38.721000 6.452714 
38.722000 6.481124 
38.723000 6.509485 
38.724000 6.537180 
38.725000 6.564982 
38.726000 6.593118 
38.727000 6.621274 
38.728000 6.649341 
38.729000 6.676771 
38.730000 6.704133 
38.731000 6.731798 
38.732000 6.759728 
38.733000 6.787393 
38.734000 6.814363 
38.735000 6.840950 
38.736000 6.868126 
38.737000 6.895429 
38.738000 6.922408 
38.739000 6.948839 
38.740000 6.975367 
38.741000 7.001837 
38.742000 7.028444 
38.743000 7.055061 
38.744000 7.081139 
38.745000 7.109255 
38.746000 7.133667 
38.747000 7.159627 
38.748000 7.185754 
38.749000 7.211273 
38.750000 7.236723 
38.751000 7.262145 
38.752000 7.287762 
38.753000 7.313154 
38.754000 7.338065 
38.755000 7.362938 
38.756000 7.387712 
38.757000 7.412947 
38.758000 7.437457 
38.759000 7.462055 
38.760000 7.486418 
38.761000 7.510477 
38.762000 7.535104 
38.763000 7.558918 
38.764000 7.583251 
38.765000 7.606742 
38.766000 7.630223 
38.767000 7.654448 
38.768000 7.677596 
38.769000 7.701038 
38.770000 7.724166 
38.771000 7.746843 
38.772000 7.770118 
38.773000 7.792785 
38.774000 7.815462 
38.775000 7.837816 
38.776000 7.860082 
38.777000 7.882612 
38.778000 7.904564 
38.779000 7.926516 
38.780000 7.948262 
38.781000 7.969724 
38.782000 7.991588 
38.783000 8.012717 
38.784000 8.034012 
38.785000 8.055190 
38.786000 8.075937 
38.787000 8.096860 
38.788000 8.117322 
38.789000 8.137647 
38.790000 8.157972 
38.791000 8.177935 
38.792000 8.198045 
38.793000 8.217596 
38.794000 8.237088 
38.795000 8.256551 
38.796000 8.275749 
38.797000 8.294996 
38.798000 8.313841 
38.799000 8.332403 
38.800000 8.351101 
38.801000 8.369456 
38.802000 8.387724 
38.803000 8.405834 
38.804000 8.423729 
38.805000 8.441457 
38.806000 8.458911 
38.807000 8.476276 
38.808000 8.493270 
38.809000 8.510155 
38.810000 8.527119 
38.811000 8.543720 
38.812000 8.560086 
38.813000 8.576080 
38.814000 8.592073 
38.815000 8.608047 
38.816000 8.623668 
38.817000 8.638986 
38.818000 8.654137 
38.819000 8.669238 
38.820000 8.684203 
38.821000 8.698883 
38.822000 8.713329 
38.823000 8.727450 
38.824000 8.741680 
38.825000 8.755694 
38.826000 8.769404 
38.827000 8.782732 
38.828000 8.796001 
38.829000 8.809026 
38.830000 8.821952 
38.831000 8.834878 
38.832000 8.847461 
38.833000 8.859809 
38.834000 8.871853 
38.835000 8.883800 
38.836000 8.895530 
38.837000 8.906918 
38.838000 8.918119 
38.839000 8.929066 
38.840000 8.939836 
38.841000 8.950636 
38.842000 8.961092 
38.843000 8.971127 
38.844000 8.981006 
38.845000 8.990825 
38.846000 9.000390 
38.847000 9.009779 
38.848000 9.020921 
38.849000 9.027801 
38.850000 9.036258 
38.851000 9.044569 
38.852000 9.052722 
38.853000 9.060572 
38.854000 9.068098 
38.855000 9.075458 
38.856000 9.082622 
38.857000 9.089609 
38.858000 9.096244 
38.859000 9.102820 
38.860000 9.109180 
38.861000 9.115266 
38.862000 9.121048 
38.863000 9.126555 
38.864000 9.131975 
38.865000 9.136914 
38.866000 9.141677 
38.867000 9.146312 
38.868000 9.150712 
38.869000 9.154819 
38.870000 9.158582 
38.871000 9.162159 
38.872000 9.165540 
38.873000 9.168646 
38.874000 9.171488 
38.875000 9.173958 
38.876000 9.176241 
38.877000 9.178407 
38.878000 9.180357 
38.879000 9.181808 
38.880000 9.183092 
38.881000 9.184287 
38.882000 9.185179 
38.883000 9.185836 
38.884000 9.186012 
38.885000 9.185983 
38.886000 9.185669 
38.887000 9.185267 
38.888000 9.184660 
38.889000 9.183670 
38.890000 9.182425 
38.891000 9.180691 
38.892000 9.179338 
38.893000 9.177633 
38.894000 9.175418 
38.895000 9.173076 
38.896000 9.170401 
38.897000 9.167480 
38.898000 9.164472 
38.899000 9.161306 
38.900000 9.157729 
38.901000 9.153750 
38.902000 9.149713 
38.903000 9.145724 
38.904000 9.140991 
38.905000 9.136336 
38.906000 9.130858 
38.907000 9.126075 
38.908000 9.120215 
38.909000 9.114374 
38.910000 9.108445 
38.911000 9.102144 
38.912000 9.095431 
38.913000 9.088757 
38.914000 9.081965 
38.915000 9.074664 
38.916000 9.067040 
38.917000 9.058857 
38.918000 9.051135 
38.919000 9.043050 
38.920000 9.034524 
38.921000 9.025694 
38.922000 9.016492 
38.923000 9.007593 
38.924000 8.998058 
38.925000 8.988620 
38.926000 8.978477 
38.927000 8.968129 
38.928000 8.957770 
38.929000 8.947255 
38.930000 8.936396 
38.931000 8.925175 
38.932000 8.913827 
38.933000 8.902400 
38.934000 8.890679 
38.935000 8.878606 
38.936000 8.866258 
38.937000 8.853527 
38.938000 8.841179 
38.939000 8.828047 
38.940000 8.814827 
38.941000 8.801509 
38.942000 8.787720 
38.943000 8.771893 
38.944000 8.759555 
38.945000 8.745179 
38.946000 8.730292 
38.947000 8.715641 
38.948000 8.700873 
38.949000 8.685800 
38.950000 8.670189 
38.951000 8.654254 
38.952000 8.638192 
38.953000 8.622032 
38.954000 8.605911 
38.955000 8.589427 
38.956000 8.572522 
38.957000 8.555539 
38.958000 8.538663 
38.959000 8.521719 
38.960000 8.504432 
38.961000 8.486674 
38.962000 8.468211 
38.963000 8.450071 
38.964000 8.431706 
38.965000 8.413311 
38.966000 8.394486 
38.967000 8.375140 
38.968000 8.355619 
38.969000 8.336666 
38.970000 8.317340 
38.971000 8.297426 
38.972000 8.277091 
38.973000 8.256737 
38.974000 8.236176 
38.975000 8.215969 
38.976000 8.195261 
38.977000 8.174182 
38.978000 8.153072 
38.979000 8.131855 
38.980000 8.110609 
38.981000 8.089127 
38.982000 8.067411 
38.983000 8.045263 
38.984000 8.023105 
38.985000 8.000643 
38.986000 7.978152 
38.987000 7.955759 
38.988000 7.932964 
38.989000 7.910062 
38.990000 7.886777 
38.991000 7.863757 
38.992000 7.840452 
38.993000 7.816678 
38.994000 7.792756 
38.995000 7.768658 
38.996000 7.744412 
38.997000 7.720050 
38.998000 7.695746 
38.999000 7.671187 
39.000000 7.646373 
39.001000 7.621609 
39.002000 7.596756 
39.003000 7.571384 
39.004000 7.546207 
39.005000 7.520473 
39.006000 7.494630 
39.007000 7.468866 
39.008000 7.442955 
39.009000 7.417024 
39.010000 7.391318 
39.011000 7.364506 
39.012000 7.337820 
39.013000 7.311478 
39.014000 7.284440 
39.015000 7.257313 
39.016000 7.229863 
39.017000 7.202786 
39.018000 7.175650 
39.019000 7.148445 
39.020000 7.120985 
39.021000 7.092693 
39.022000 7.065027 
39.023000 7.037176 
39.024000 7.009265 
39.025000 6.980914 
39.026000 6.952543 
39.027000 6.924299 
39.028000 6.895870 
39.029000 6.867440 
39.030000 6.838755 
39.031000 6.809835 
39.032000 6.780749 
39.033000 6.751878 
39.034000 6.723066 
39.035000 6.694127 
39.036000 6.664433 
39.037000 6.634778 
39.038000 6.605505 
39.039000 6.576115 
39.040000 6.546500 
39.041000 6.516267 
39.042000 6.486279 
39.043000 6.456457 
39.044000 6.426450 
39.045000 6.396550 
39.046000 6.365846 
39.047000 6.335153 
39.048000 6.304783 
39.049000 6.274030 
39.050000 6.243591 
39.051000 6.212947 
39.052000 6.182018 
39.053000 6.151001 
39.054000 6.119994 
39.055000 6.088702 
39.056000 6.057489 
39.057000 6.026198 
39.058000 5.994720 
39.059000 5.963635 
39.060000 5.932255 
39.061000 5.900866 
39.062000 5.869084 
39.063000 5.837176 
39.064000 5.805433 
39.065000 5.773554 
39.066000 5.742116 
39.067000 5.710442 
39.068000 5.678435 
39.069000 5.646370 
39.070000 5.614294 
39.071000 5.582189 
39.072000 5.549722 
39.073000 5.517215 
39.074000 5.484934 
39.075000 5.452810 
39.076000 5.420421 
39.077000 5.387993 
39.078000 5.355535 
39.079000 5.323009 
39.080000 5.289904 
39.081000 5.257368 
39.082000 5.224705 
39.083000 5.192071 
39.084000 5.159251 
39.085000 5.126460 
39.086000 5.093630 
39.087000 5.060114 
39.088000 5.026980 
39.089000 4.993837 
39.090000 4.960879 
39.091000 4.927971 
39.092000 4.894641 
39.093000 4.861478 
39.094000 4.828079 
39.095000 4.794671 
39.096000 4.761116 
39.097000 4.727943 
39.098000 4.694937 
39.099000 4.661597 
39.100000 4.628140 
39.101000 4.594673 
39.102000 4.560765 
39.103000 4.527719 
39.104000 4.494419 
39.105000 4.460883 
39.106000 4.427308 
39.107000 4.393832 
39.108000 4.360218 
39.109000 4.326094 
39.110000 4.292441 
39.111000 4.259493 
39.112000 4.226477 
39.113000 4.193245 
39.114000 4.159719 
39.115000 4.125733 
39.116000 4.092354 
39.117000 4.058623 
39.118000 4.025156 
39.119000 3.992316 
39.120000 3.958937 
39.121000 3.925607 
39.122000 3.890690 
39.123000 3.858154 
39.124000 3.824461 
39.125000 3.790808 
39.126000 3.757263 
39.127000 3.724168 
39.128000 3.690956 
39.129000 3.657656 
39.130000 3.624326 
39.131000 3.590751 
39.132000 3.557000 
39.133000 3.523552 
39.134000 3.490223 
39.135000 3.457226 
39.136000 3.424092 
39.137000 3.390919 
39.138000 3.357707 
39.139000 3.324299 
39.140000 3.290989 
39.141000 3.258070 
39.142000 3.225005 
39.143000 3.191979 
39.144000 3.158806 
39.145000 3.125917 
39.146000 3.092970 
39.147000 3.059836 
39.148000 3.026722 
39.149000 2.993862 
39.150000 2.961552 
39.151000 2.928692 
39.152000 2.895774 
39.153000 2.863130 
39.154000 2.830506 
39.155000 2.797862 
39.156000 2.765013 
39.157000 2.732594 
39.158000 2.700196 
39.159000 2.667601 
39.160000 2.635222 
39.161000 2.602607 
39.162000 2.570228 
39.163000 2.538045 
39.164000 2.505930 
39.165000 2.473786 
39.166000 2.441623 
39.167000 2.409557 
39.168000 2.377550 
39.169000 2.345298 
39.170000 2.313262 
39.171000 2.281206 
39.172000 2.249484 
39.173000 2.217536 
39.174000 2.185784 
39.175000 2.154002 
39.176000 2.122005 
39.177000 2.090165 
39.178000 2.058619 
39.179000 2.026798 
39.180000 1.994860 
39.181000 1.963402 
39.182000 1.931572 
39.183000 1.900026 
39.184000 1.868313 
39.185000 1.836757 
39.186000 1.805358 
39.187000 1.773557 
39.188000 1.741726 
39.189000 1.709886 
39.190000 1.677958 
39.191000 1.646451 
39.192000 1.615306 
39.193000 1.584034 
39.194000 1.552684 
39.195000 1.521148 
39.196000 1.488945 
39.197000 1.457193 
39.198000 1.425343 
39.199000 1.392993 
39.200000 1.360879 
39.201000 1.328303 
39.202000 1.296228 
39.203000 1.264594 
39.204000 1.232283 
39.205000 1.200306 
39.206000 1.167966 
39.207000 1.135136 
39.208000 1.102208 
39.209000 1.069427 
39.210000 1.036430 
39.211000 1.003159 
39.212000 0.969663 
39.213000 0.936656 
39.214000 0.904179 
39.215000 0.870183 
39.216000 0.835677 
39.217000 0.801308 
39.218000 0.767116 
39.219000 0.733100 
39.220000 0.698565 
39.221000 0.664432 
39.222000 0.629358 
39.223000 0.595009 
39.224000 0.559043 
39.225000 0.522645 
39.226000 0.486836 
39.227000 0.450517 
39.228000 0.414630 
39.229000 0.378154 
39.230000 0.341894 
39.231000 0.305340 
39.232000 0.269227 
39.233000 0.231752 
39.234000 0.193209 
39.235000 0.153705 
39.236000 0.114142 
39.237000 0.074903 
39.238000 0.036193 
39.239000 -0.002429 
39.240000 -0.041100 
39.241000 -0.078947 
39.242000 -0.117981 
39.243000 -0.159199 
39.244000 -0.201820 
39.245000 -0.243685 
39.246000 -0.286874 
39.247000 -0.329523 
39.248000 -0.371605 
39.249000 -0.412755 
39.250000 -0.453768 
39.251000 -0.495898 
39.252000 -0.540214 
39.253000 -0.585372 
39.254000 -0.630001 
39.255000 -0.675140 
39.256000 -0.720289 
39.257000 -0.764565 
39.258000 -0.810615 
39.259000 -0.856126 
39.260000 -0.902647 
39.261000 -0.951529 
39.262000 -0.999755 
39.263000 -1.048206 
39.264000 -1.094894 
39.265000 -1.141826 
39.266000 -1.189405 
39.267000 -1.237043 
39.268000 -1.286180 
39.269000 -1.335484 
39.270000 -1.388727 
39.271000 -1.441157 
39.272000 -1.493773 
39.273000 -1.543753 
39.274000 -1.593429 
39.275000 -1.645242 
39.276000 -1.696839 
39.277000 -1.748240 
39.278000 -1.801905 
39.279000 -1.854619 
39.280000 -1.910038 
39.281000 -1.962056 
39.282000 -2.015290 
39.283000 -2.067328 
39.284000 -2.120660 
39.285000 -2.178127 
39.286000 -2.233595 
39.287000 -2.289915 
39.288000 -2.347882 
39.289000 -2.403713 
39.290000 -2.460249 
39.291000 -2.513767 
39.292000 -2.567304 
39.293000 -2.622812 
39.294000 -2.679162 
39.295000 -2.736345 
39.296000 -2.796409 
39.297000 -2.854160 
39.298000 -2.913578 
39.299000 -2.975122 
39.300000 -3.032452 
39.301000 -3.085205 
39.302000 -3.140791 
39.303000 -3.198023 
39.304000 -3.257293 
39.305000 -3.316838 
39.306000 -3.377451 
39.307000 -3.440543 
39.308000 -3.498941 
39.309000 -3.558800 
39.310000 -3.619560 
39.311000 -3.680418 
39.312000 -3.737846 
39.313000 -3.787855 
39.314000 -3.841883 
39.315000 -3.902966 
39.316000 -3.965549 
39.317000 -4.024878 
39.318000 -4.089607 
39.319000 -4.152690 
39.320000 -4.211480 
39.321000 -4.271720 
39.322000 -4.331510 
39.323000 -4.394064 
39.324000 -4.453461 
39.325000 -4.508557 
39.326000 -4.559125 
39.327000 -4.613897 
39.328000 -4.676245 
39.329000 -4.733918 
39.330000 -4.797275 
39.331000 -4.858868 
39.332000 -4.915306 
39.333000 -4.974488 
39.334000 -5.032641 
39.335000 -5.089266 
39.336000 -5.145822 
39.337000 -5.201789 
39.338000 -5.255092 
39.339000 -5.307071 
39.340000 -5.359638 
39.341000 -5.417497 
39.342000 -5.469329 
39.343000 -5.521269 
39.344000 -5.579815 
39.345000 -5.633773 
39.346000 -5.686370 
39.347000 -5.742994 
39.348000 -5.800119 
39.349000 -5.854401 
39.350000 -5.906331 
39.351000 -5.961035 
39.352000 -6.012759 
39.353000 -6.063327 
39.354000 -6.114875 
39.355000 -6.165080 
39.356000 -6.213933 
39.357000 -6.261816 
39.358000 -6.309954 
39.359000 -6.357621 
39.360000 -6.406219 
39.361000 -6.454847 
39.362000 -6.503063 
39.363000 -6.554464 
39.364000 -6.605198 
39.365000 -6.653218 
39.366000 -6.701062 
39.367000 -6.749219 
39.368000 -6.799101 
39.369000 -6.846347 
39.370000 -6.891398 
39.371000 -6.934596 
39.372000 -6.978363 
39.373000 -7.019454 
39.374000 -7.061163 
39.375000 -7.103587 
39.376000 -7.146590 
39.377000 -7.187808 
39.378000 -7.226930 
39.379000 -7.267865 
39.380000 -7.307800 
39.381000 -7.349048 
39.382000 -7.388385 
39.383000 -7.427301 
39.384000 -7.466922 
39.385000 -7.506534 
39.386000 -7.544724 
39.387000 -7.581180 
39.388000 -7.618097 
39.389000 -7.655896 
39.390000 -7.692959 
39.391000 -7.729072 
39.392000 -7.764911 
39.393000 -7.800034 
39.394000 -7.833795 
39.395000 -7.866331 
39.396000 -7.899151 
39.397000 -7.931099 
39.398000 -7.963037 
39.399000 -7.992545 
39.400000 -8.021553 
39.401000 -8.050689 
39.402000 -8.078736 
39.403000 -8.106019 
39.404000 -8.133064 
39.405000 -8.160389 
39.406000 -8.186406 
39.407000 -8.211854 
39.408000 -8.237025 
39.409000 -8.262421 
39.410000 -8.286672 
39.411000 -8.310620 
39.412000 -8.334329 
39.413000 -8.357578 
39.414000 -8.380191 
39.415000 -8.402545 
39.416000 -8.424670 
39.417000 -8.445950 
39.418000 -8.467445 
39.419000 -8.487899 
39.420000 -8.508975 
39.421000 -8.529707 
39.422000 -8.549490 
39.423000 -8.568815 
39.424000 -8.587050 
39.425000 -8.604710 
39.426000 -8.622325 
39.427000 -8.640090 
39.428000 -8.659074 
39.429000 -8.678009 
39.430000 -8.696922 
39.431000 -8.717327 
39.432000 -8.735666 
39.433000 -8.751731 
39.434000 -8.766175 
39.435000 -8.779597 
39.436000 -8.793022 
39.437000 -8.805754 
39.438000 -8.819839 
39.439000 -8.832854 
39.440000 -8.845481 
39.441000 -8.858013 
39.442000 -8.868009 
39.443000 -8.876599 
39.444000 -8.884548 
39.445000 -8.891847 
39.446000 -8.901115 
39.447000 -8.912532 
39.448000 -8.922861 
39.449000 -8.928448 
39.450000 -8.934539 
39.451000 -8.940513 
39.452000 -8.947594 
39.453000 -8.955109 
39.454000 -8.963530 
39.455000 -8.970103 
39.456000 -8.975733 
39.457000 -8.979322 
39.458000 -8.983845 
39.459000 -8.988667 
39.460000 -8.989819 
39.461000 -8.993218 
39.462000 -8.993183 
39.463000 -8.997116 
39.464000 -9.003039 
39.465000 -9.005763 
39.466000 -9.005782 
39.467000 -9.004756 
39.468000 -9.005271 
39.469000 -9.003668 
39.470000 -9.000946 
39.471000 -9.001010 
39.472000 -8.998454 
39.473000 -8.998160 
39.474000 -8.994023 
39.475000 -8.988705 
39.476000 -8.985905 
39.477000 -8.978629 
39.478000 -8.970579 
39.479000 -8.971044 
39.480000 -8.969765 
39.481000 -8.966670 
39.482000 -8.963956 
39.483000 -8.959112 
39.484000 -8.954384 
39.485000 -8.951739 
39.486000 -8.947274 
39.487000 -8.941429 
39.488000 -8.934992 
39.489000 -8.927385 
39.490000 -8.917858 
39.491000 -8.907622 
39.492000 -8.899558 
39.493000 -8.896128 
39.494000 -8.891876 
39.495000 -8.886489 
39.496000 -8.879473 
39.497000 -8.872046 
39.498000 -8.863985 
39.499000 -8.854162 
39.500000 -8.845454 
39.501000 -8.835988 
39.502000 -8.825743 
39.503000 -8.815075 
39.504000 -8.802640 
39.505000 -8.791548 
39.506000 -8.780869 
39.507000 -8.770719 
39.508000 -8.760250 
39.509000 -8.749019 
39.510000 -8.737385 
39.511000 -8.724437 
39.512000 -8.710657 
39.513000 -8.697324 
39.514000 -8.683679 
39.515000 -8.670501 
39.516000 -8.656834 
39.517000 -8.644136 
39.518000 -8.631070 
39.519000 -8.617303 
39.520000 -8.603425 
39.521000 -8.589969 
39.522000 -8.576111 
39.523000 -8.561343 
39.524000 -8.546199 
39.525000 -8.531437 
39.526000 -8.516782 
39.527000 -8.501319 
39.528000 -8.486134 
39.529000 -8.471637 
39.530000 -8.456726 
39.531000 -8.441449 
39.532000 -8.426226 
39.533000 -8.409754 
39.534000 -8.393640 
39.535000 -8.376951 
39.536000 -8.360556 
39.537000 -8.343652 
39.538000 -8.326745 
39.539000 -8.309488 
39.540000 -8.292348 
39.541000 -8.274634 
39.542000 -8.257836 
39.543000 -8.239777 
39.544000 -8.222781 
39.545000 -8.206015 
39.546000 -8.189235 
39.547000 -8.171022 
39.548000 -8.153914 
39.549000 -8.136835 
39.550000 -8.120082 
39.551000 -8.102913 
39.552000 -8.085224 
39.553000 -8.067741 
39.554000 -8.049944 
39.555000 -8.032049 
39.556000 -8.013831 
39.557000 -7.995965 
39.558000 -7.977777 
39.559000 -7.959803 
39.560000 -7.941987 
39.561000 -7.923945 
39.562000 -7.905815 
39.563000 -7.887832 
39.564000 -7.869830 
39.565000 -7.851680 
39.566000 -7.833050 
39.567000 -7.814675 
39.568000 -7.795585 
39.569000 -7.776641 
39.570000 -7.758100 
39.571000 -7.739705 
39.572000 -7.721105 
39.573000 -7.702416 
39.574000 -7.684188 
39.575000 -7.665402 
39.576000 -7.647007 
39.577000 -7.628789 
39.578000 -7.610188 
39.579000 -7.591559 
39.580000 -7.572547 
39.581000 -7.554485 
39.582000 -7.535973 
39.583000 -7.517588 
39.584000 -7.498547 
39.585000 -7.479368 
39.586000 -7.461356 
39.587000 -7.442501 
39.588000 -7.424194 
39.589000 -7.405751 
39.590000 -7.387679 
39.591000 -7.368667 
39.592000 -7.350626 
39.593000 -7.331888 
39.594000 -7.313258 
39.595000 -7.294530 
39.596000 -7.275401 
39.597000 -7.256222 
39.598000 -7.236750 
39.599000 -7.217649 
39.600000 -7.198520 
39.601000 -7.179263 
39.602000 -7.160839 
39.603000 -7.141386 
39.604000 -7.122001 
39.605000 -7.102695 
39.606000 -7.083850 
39.607000 -7.064838 
39.608000 -7.046208 
39.609000 -7.027186 
39.610000 -7.007390 
39.611000 -6.988006 
39.612000 -6.968612 
39.613000 -6.949080 
39.614000 -6.930176 
39.615000 -6.912262 
39.616000 -6.892613 
39.617000 -6.873562 
39.618000 -6.854873 
39.619000 -6.836194 
39.620000 -6.817035 
39.621000 -6.797964 
39.622000 -6.778707 
39.623000 -6.759284 
39.624000 -6.740370 
39.625000 -6.721211 
39.626000 -6.701768 
39.627000 -6.682305 
39.628000 -6.663773 
39.629000 -6.645222 
39.630000 -6.626317 
39.631000 -6.607364 
39.632000 -6.588656 
39.633000 -6.569928 
39.634000 -6.550710 
39.635000 -6.532845 
39.636000 -6.514068 
39.637000 -6.495350 
39.638000 -6.476691 
39.639000 -6.458267 
39.640000 -6.440108 
39.641000 -6.422056 
39.642000 -6.404024 
39.643000 -6.386188 
39.644000 -6.368391 
39.645000 -6.350291 
39.646000 -6.332562 
39.647000 -6.314746 
39.648000 -6.296841 
39.649000 -6.278986 
39.650000 -6.261248 
39.651000 -6.243392 
39.652000 -6.225860 
39.653000 -6.208181 
39.654000 -6.190600 
39.655000 -6.173175 
39.656000 -6.155692 
39.657000 -6.138395 
39.658000 -6.120922 
39.659000 -6.103576 
39.660000 -6.086034 
39.661000 -6.068629 
39.662000 -6.051508 
39.663000 -6.034064 
39.664000 -6.016875 
39.665000 -5.999617 
39.666000 -5.982595 
39.667000 -5.965846 
39.668000 -5.948932 
39.669000 -5.931889 
39.670000 -5.915092 
39.671000 -5.898373 
39.672000 -5.881390 
39.673000 -5.864544 
39.674000 -5.847570 
39.675000 -5.830469 
39.676000 -5.813358 
39.677000 -5.796875 
39.678000 -5.779891 
39.679000 -5.762408 
39.680000 -5.745484 
39.681000 -5.728216 
39.682000 -5.710909 
39.683000 -5.693230 
39.684000 -5.677423 
39.685000 -5.660635 
39.686000 -5.644063 
39.687000 -5.627070 
39.688000 -5.610371 
39.689000 -5.593348 
39.690000 -5.576590 
39.691000 -5.559989 
39.692000 -5.543408 
39.693000 -5.526591 
39.694000 -5.510470 
39.695000 -5.493790 
39.696000 -5.477111 
39.697000 -5.460588 
39.698000 -5.443908 
39.699000 -5.427336 
39.700000 -5.410716 
39.701000 -5.393869 
39.702000 -5.377494 
39.703000 -5.361000 
39.704000 -5.344174 
39.705000 -5.327641 
39.706000 -5.311167 
39.707000 -5.294870 
39.708000 -5.278543 
39.709000 -5.261883 
39.710000 -5.245076 
39.711000 -5.228710 
39.712000 -5.212089 
39.713000 -5.195645 
39.714000 -5.179181 
39.715000 -5.162482 
39.716000 -5.146390 
39.717000 -5.129671 
39.718000 -5.112903 
39.719000 -5.095959 
39.720000 -5.079368 
39.721000 -5.062923 
39.722000 -5.046685 
39.723000 -5.030240 
39.724000 -5.013943 
39.725000 -4.997479 
39.726000 -4.980986 
39.727000 -4.964649 
39.728000 -4.948469 
39.729000 -4.931927 
39.730000 -4.915541 
39.731000 -4.899303 
39.732000 -4.883103 
39.733000 -4.867012 
39.734000 -4.850822 
39.735000 -4.834740 
39.736000 -4.818747 
39.737000 -4.802439 
39.738000 -4.786338 
39.739000 -4.770374 
39.740000 -4.754302 
39.741000 -4.738338 
39.742000 -4.722158 
39.743000 -4.706066 
39.744000 -4.690161 
39.745000 -4.673070 
39.746000 -4.658017 
39.747000 -4.642072 
39.748000 -4.626196 
39.749000 -4.610320 
39.750000 -4.594493 
39.751000 -4.578715 
39.752000 -4.563045 
39.753000 -4.547316 
39.754000 -4.531391 
39.755000 -4.515584 
39.756000 -4.499913 
39.757000 -4.483939 
39.758000 -4.468220 
39.759000 -4.452442 
39.760000 -4.436733 
39.761000 -4.421200 
39.762000 -4.405637 
39.763000 -4.389977 
39.764000 -4.374513 
39.765000 -4.359225 
39.766000 -4.343643 
39.767000 -4.327972 
39.768000 -4.312322 
39.769000 -4.296877 
39.770000 -4.281452 
39.771000 -4.266007 
39.772000 -4.250631 
39.773000 -4.235323 
39.774000 -4.219829 
39.775000 -4.204326 
39.776000 -4.188901 
39.777000 -4.173544 
39.778000 -4.158070 
39.779000 -4.142850 
39.780000 -4.127641 
39.781000 -4.111402 
39.782000 -4.096908 
39.783000 -4.081826 
39.784000 -4.066479 
39.785000 -4.051475 
39.786000 -4.036119 
39.787000 -4.021115 
39.788000 -4.006042 
39.789000 -3.990970 
39.790000 -3.975594 
39.791000 -3.960463 
39.792000 -3.945439 
39.793000 -3.930141 
39.794000 -3.914922 
39.795000 -3.900065 
39.796000 -3.884914 
39.797000 -3.869626 
39.798000 -3.854593 
39.799000 -3.839550 
39.800000 -3.824595 
39.801000 -3.809562 
39.802000 -3.794362 
39.803000 -3.779388 
39.804000 -3.764012 
39.805000 -3.748998 
39.806000 -3.733985 
39.807000 -3.718912 
39.808000 -3.703820 
39.809000 -3.688052 
39.810000 -3.673920 
39.811000 -3.658789 
39.812000 -3.643736 
39.813000 -3.628733 
39.814000 -3.613611 
39.815000 -3.598813 
39.816000 -3.584035 
39.817000 -3.569100 
39.818000 -3.554047 
39.819000 -3.538935 
39.820000 -3.524069 
39.821000 -3.509212 
39.822000 -3.494433 
39.823000 -3.479606 
39.824000 -3.464847 
39.825000 -3.450020 
39.826000 -3.435281 
39.827000 -3.420649 
39.828000 -3.405890 
39.829000 -3.391141 
39.830000 -3.376539 
39.831000 -3.361957 
39.832000 -3.347286 
39.833000 -3.332547 
39.834000 -3.317093 
39.835000 -3.303118 
39.836000 -3.288555 
39.837000 -3.274061 
39.838000 -3.259527 
39.839000 -3.244867 
39.840000 -3.230294 
39.841000 -3.215584 
39.842000 -3.200884 
39.843000 -3.186380 
39.844000 -3.171955 
39.845000 -3.157500 
39.846000 -3.143231 
39.847000 -3.128913 
39.848000 -3.114664 
39.849000 -3.100375 
39.850000 -3.086695 
39.851000 -3.072681 
39.852000 -3.058706 
39.853000 -3.044702 
39.854000 -3.030727 
39.855000 -3.016703 
39.856000 -3.002748 
39.857000 -2.988175 
39.858000 -2.974945 
39.859000 -2.961264 
39.860000 -2.947358 
39.861000 -2.933619 
39.862000 -2.919752 
39.863000 -2.905934 
39.864000 -2.892263 
39.865000 -2.878249 
39.866000 -2.864382 
39.867000 -2.850818 
39.868000 -2.837216 
39.869000 -2.823712 
39.870000 -2.810001 
39.871000 -2.796409 
39.872000 -2.783130 
39.873000 -2.769821 
39.874000 -2.756190 
39.875000 -2.742901 
39.876000 -2.729651 
39.877000 -2.716245 
39.878000 -2.702231 
39.879000 -2.689324 
39.880000 -2.676290 
39.881000 -2.662737 
39.882000 -2.649546 
39.883000 -2.636345 
39.884000 -2.623174 
39.885000 -2.609983 
39.886000 -2.596763 
39.887000 -2.583847 
39.888000 -2.570852 
39.889000 -2.558024 
39.890000 -2.545274 
39.891000 -2.532436 
39.892000 -2.519686 
39.893000 -2.506701 
39.894000 -2.493834 
39.895000 -2.481133 
39.896000 -2.468638 
39.897000 -2.456270 
39.898000 -2.443668 
39.899000 -2.430477 
39.900000 -2.418178 
39.901000 -2.405742 
39.902000 -2.392933 
39.903000 -2.380438 
39.904000 -2.367953 
39.905000 -2.355330 
39.906000 -2.342816 
39.907000 -2.330527 
39.908000 -2.318090 
39.909000 -2.305801 
39.910000 -2.293590 
39.911000 -2.281507 
39.912000 -2.269169 
39.913000 -2.256664 
39.914000 -2.244532 
39.915000 -2.232703 
39.916000 -2.220120 
39.917000 -2.208458 
39.918000 -2.196619 
39.919000 -2.184722 
39.920000 -2.172472 
39.921000 -2.161016 
39.922000 -2.149060 
39.923000 -2.137280 
39.924000 -2.125295 
39.925000 -2.113290 
39.926000 -2.101334 
39.927000 -2.089202 
39.928000 -2.077530 
39.929000 -2.065701 
39.930000 -2.054049 
39.931000 -2.042514 
39.932000 -2.031195 
39.933000 -2.019543 
39.934000 -2.007901 
39.935000 -1.996415 
39.936000 -1.985057 
39.937000 -1.973395 
39.938000 -1.961802 
39.939000 -1.950541 
39.940000 -1.938879 
39.941000 -1.927727 
39.942000 -1.916388 
39.943000 -1.905001 
39.944000 -1.893613 
39.945000 -1.882049 
39.946000 -1.870730 
39.947000 -1.859774 
39.948000 -1.848563 
39.949000 -1.837459 
39.950000 -1.826150 
39.951000 -1.815086 
39.952000 -1.803963 
39.953000 -1.792977 
39.954000 -1.782030 
39.955000 -1.771172 
39.956000 -1.760098 
39.957000 -1.749004 
39.958000 -1.738166 
39.959000 -1.727346 
39.960000 -1.716419 
39.961000 -1.705267 
39.962000 -1.694644 
39.963000 -1.684246 
39.964000 -1.673074 
39.965000 -1.662147 
39.966000 -1.651916 
39.967000 -1.641332 
39.968000 -1.630767 
39.969000 -1.620066 
39.970000 -1.609697 
39.971000 -1.599006 
39.972000 -1.588578 
39.973000 -1.578190 
39.974000 -1.567812 
39.975000 -1.557316 
39.976000 -1.547124 
39.977000 -1.536756 
39.978000 -1.526544 
39.979000 -1.515872 
39.980000 -1.505759 
39.981000 -1.495772 
39.982000 -1.485375 
39.983000 -1.474967 
39.984000 -1.464893 
39.985000 -1.454985 
39.986000 -1.444930 
39.987000 -1.434865 
39.988000 -1.425075 
39.989000 -1.415265 
39.990000 -1.405632 
39.991000 -1.395636 
39.992000 -1.385807 
39.993000 -1.376036 
39.994000 -1.366736 
39.995000 -1.356485 
39.996000 -1.347449 
39.997000 -1.337992 
39.998000 -1.328290 
39.999000 -1.318765 
40.000000 -1.309269 
40.001000 -1.299753 
40.002000 -1.290149 
40.003000 -1.280927 
40.004000 -1.271519 
40.005000 -1.262415 
40.006000 -1.253144 
40.007000 -1.244020 
40.008000 -1.235053 
40.009000 -1.225910 
40.010000 -1.216825 
40.011000 -1.207741 
40.012000 -1.198813 
40.013000 -1.190071 
40.014000 -1.181143 
40.015000 -1.172098 
40.016000 -1.163151 
40.017000 -1.154115 
40.018000 -1.145344 
40.019000 -1.136622 
40.020000 -1.127890 
40.021000 -1.119256 
40.022000 -1.110809 
40.023000 -1.102273 
40.024000 -1.093933 
40.025000 -1.085642 
40.026000 -1.076891 
40.027000 -1.068483 
40.028000 -1.059957 
40.029000 -1.051627 
40.030000 -1.043336 
40.031000 -1.035153 
40.032000 -1.027048 
40.033000 -1.019091 
40.034000 -1.010868 
40.035000 -1.002764 
40.036000 -0.994894 
40.037000 -0.986721 
40.038000 -0.978901 
40.039000 -0.970649 
40.040000 -0.962907 
40.041000 -0.955087 
40.042000 -0.947472 
40.043000 -0.939564 
40.044000 -0.931665 
40.045000 -0.923903 
40.046000 -0.916171 
40.047000 -0.908429 
40.048000 -0.900775 
40.049000 -0.894013 
40.050000 -0.886154 
40.051000 -0.878706 
40.052000 -0.871346 
40.053000 -0.863966 
40.054000 -0.856685 
40.055000 -0.849345 
40.056000 -0.842201 
40.057000 -0.834939 
40.058000 -0.827638 
40.059000 -0.820337 
40.060000 -0.813555 
40.061000 -0.806431 
40.062000 -0.799443 
40.063000 -0.792632 
40.064000 -0.785782 
40.065000 -0.778922 
40.066000 -0.771993 
40.067000 -0.764986 
40.068000 -0.758077 
40.069000 -0.751521 
40.070000 -0.745004 
40.071000 -0.738419 
40.072000 -0.731892 
40.073000 -0.726276 
40.074000 -0.719113 
40.075000 -0.712674 
40.076000 -0.706079 
40.077000 -0.699777 
40.078000 -0.693427 
40.079000 -0.687027 
40.080000 -0.680657 
40.081000 -0.674483 
40.082000 -0.668162 
40.083000 -0.662037 
40.084000 -0.656020 
40.085000 -0.649787 
40.086000 -0.643770 
40.087000 -0.637763 
40.088000 -0.631834 
40.089000 -0.625846 
40.090000 -0.619858 
40.091000 -0.614115 
40.092000 -0.608382 
40.093000 -0.602659 
40.094000 -0.596916 
40.095000 -0.591115 
40.096000 -0.585509 
40.097000 -0.580002 
40.098000 -0.574406 
40.099000 -0.568957 
40.100000 -0.564459 
40.101000 -0.558177 
40.102000 -0.552640 
40.103000 -0.547240 
40.104000 -0.541948 
40.105000 -0.536607 
40.106000 -0.531129 
40.107000 -0.525945 
40.108000 -0.520614 
40.109000 -0.515459 
40.110000 -0.510343 
40.111000 -0.505375 
40.112000 -0.500396 
40.113000 -0.495418 
40.114000 -0.490390 
40.115000 -0.485451 
40.116000 -0.480551 
40.117000 -0.475622 
40.118000 -0.470712 
40.119000 -0.466028 
40.120000 -0.461137 
40.121000 -0.456433 
40.122000 -0.451827 
40.123000 -0.447084 
40.124000 -0.442498 
40.125000 -0.437686 
40.126000 -0.433149 
40.127000 -0.428464 
40.128000 -0.423819 
40.129000 -0.419527 
40.130000 -0.416008 
40.131000 -0.410873 
40.132000 -0.406140 
40.133000 -0.401544 
40.134000 -0.397085 
40.135000 -0.392733 
40.136000 -0.388500 
40.137000 -0.384207 
40.138000 -0.379788 
40.139000 -0.375730 
40.140000 -0.371458 
40.141000 -0.367361 
40.142000 -0.363216 
40.143000 -0.359188 
40.144000 -0.355072 
40.145000 -0.351074 
40.146000 -0.347056 
40.147000 -0.342763 
40.148000 -0.338647 
40.149000 -0.334600 
40.150000 -0.330611 
40.151000 -0.326632 
40.152000 -0.322722 
40.153000 -0.319008 
40.154000 -0.315088 
40.155000 -0.311168 
40.156000 -0.307268 
40.157000 -0.303318 
40.158000 -0.299388 
40.159000 -0.295625 
40.160000 -0.291872 
40.161000 -0.287971 
40.162000 -0.284238 
40.163000 -0.281562 
40.164000 -0.277015 
40.165000 -0.273183 
40.166000 -0.269479 
40.167000 -0.265843 
40.168000 -0.262099 
40.169000 -0.258522 
40.170000 -0.254955 
40.171000 -0.251466 
40.172000 -0.247899 
40.173000 -0.244224 
40.174000 -0.240667 
40.175000 -0.237305 
40.176000 -0.233689 
40.177000 -0.230259 
40.178000 -0.226751 
40.179000 -0.223193 
40.180000 -0.219656 
40.181000 -0.216079 
40.182000 -0.212541 
40.183000 -0.209130 
40.184000 -0.205808 
40.185000 -0.202466 
40.186000 -0.199125 
40.187000 -0.195773 
40.188000 -0.192480 
40.189000 -0.189207 
40.190000 -0.185953 
40.191000 -0.182729 
40.192000 -0.179485 
40.193000 -0.176261 
40.194000 -0.173086 
40.195000 -0.169695 
40.196000 -0.166353 
40.197000 -0.163031 
40.198000 -0.159729 
40.199000 -0.156269 
40.200000 -0.153192 
40.201000 -0.149958 
40.202000 -0.146802 
40.203000 -0.143559 
40.204000 -0.141677 
40.205000 -0.137385 
40.206000 -0.134160 
40.207000 -0.131083 
40.208000 -0.128016 
40.209000 -0.125027 
40.210000 -0.121685 
40.211000 -0.118461 
40.212000 -0.115295 
40.213000 -0.112091 
40.214000 -0.108925 
40.215000 -0.105770 
40.216000 -0.102575 
40.217000 -0.099508 
40.218000 -0.096421 
40.219000 -0.093363 
40.220000 -0.090178 
40.221000 -0.086983 
40.222000 -0.084024 
40.223000 -0.081054 
40.224000 -0.078046 
40.225000 -0.074959 
40.226000 -0.071754 
40.227000 -0.068373 
40.228000 -0.065335 
40.229000 -0.062248 
40.230000 -0.059181 
40.231000 -0.055956 
40.232000 -0.052762 
40.233000 -0.049596 
40.234000 -0.046450 
40.235000 -0.043344 
40.236000 -0.040227 
40.237000 -0.037131 
40.238000 -0.033965 
40.239000 -0.030712 
40.240000 -0.027664 
40.241000 -0.024204 
40.242000 -0.020990 
40.243000 -0.017962 
40.244000 -0.014738 
40.245000 -0.011464 
40.246000 -0.008426 
40.247000 -0.005281 
40.248000 -0.002135 
40.249000 0.001031 
40.250000 0.004216 
40.251000 0.007489 
40.252000 0.010684 
40.253000 0.013937 
40.254000 0.017240 
40.255000 0.020523 
40.256000 0.023776 
40.257000 0.026883 
40.258000 0.030176 
40.259000 0.033547 
40.260000 0.035262 
40.261000 0.039966 
40.262000 0.043445 
40.263000 0.046816 
40.264000 0.050080 
40.265000 0.053206 
40.266000 0.056655 
40.267000 0.059978 
40.268000 0.063261 
40.269000 0.066661 
40.270000 0.070101 
40.271000 0.073413 
40.272000 0.076755 
40.273000 0.080156 
40.274000 0.083390 
40.275000 0.086653 
40.276000 0.090681 
40.277000 0.094042 
40.278000 0.097639 
40.279000 0.100942 
40.280000 0.104362 
40.281000 0.107851 
40.282000 0.111300 
40.283000 0.114769 
40.284000 0.118209 
40.285000 0.121776 
40.286000 0.125412 
40.287000 0.129038 
40.288000 0.132919 
40.289000 0.135967 
40.290000 0.139505 
40.291000 0.143150 
40.292000 0.146766 
40.293000 0.150490 
40.294000 0.154165 
40.295000 0.157840 
40.296000 0.161662 
40.297000 0.165318 
40.298000 0.168914 
40.299000 0.172805 
40.300000 0.176666 
40.301000 0.180292 
40.302000 0.184124 
40.303000 0.187779 
40.304000 0.191729 
40.305000 0.195708 
40.306000 0.199530 
40.307000 0.203381 
40.308000 0.207262 
40.309000 0.211192 
40.310000 0.215121 
40.311000 0.219149 
40.312000 0.223206 
40.313000 0.227185 
40.314000 0.231164 
40.315000 0.235231 
40.316000 0.239367 
40.317000 0.243532 
40.318000 0.247569 
40.319000 0.251695 
40.320000 0.255831 
40.321000 0.260152 
40.322000 0.264141 
40.323000 0.268296 
40.324000 0.272598 
40.325000 0.276822 
40.326000 0.281056 
40.327000 0.285358 
40.328000 0.289641 
40.329000 0.294002 
40.330000 0.298265 
40.331000 0.302635 
40.332000 0.306918 
40.333000 0.311397 
40.334000 0.315846 
40.335000 0.320462 
40.336000 0.325048 
40.337000 0.329536 
40.338000 0.334015 
40.339000 0.338768 
40.340000 0.343492 
40.341000 0.348225 
40.342000 0.353047 
40.343000 0.357613 
40.344000 0.362357 
40.345000 0.367119 
40.346000 0.371961 
40.347000 0.376763 
40.348000 0.381604 
40.349000 0.386376 
40.350000 0.391247 
40.351000 0.396225 
40.352000 0.401204 
40.353000 0.406300 
40.354000 0.411406 
40.355000 0.416482 
40.356000 0.421558 
40.357000 0.426635 
40.358000 0.431760 
40.359000 0.436327 
40.360000 0.442070 
40.361000 0.447450 
40.362000 0.452742 
40.363000 0.458142 
40.364000 0.463483 
40.365000 0.468883 
40.366000 0.474184 
40.367000 0.479555 
40.368000 0.485023 
40.369000 0.490423 
40.370000 0.495989 
40.371000 0.501507 
40.372000 0.507054 
40.373000 0.512581 
40.374000 0.518108 
40.375000 0.523831 
40.376000 0.529417 
40.377000 0.535140 
40.378000 0.540903 
40.379000 0.546714 
40.380000 0.552624 
40.381000 0.558494 
40.382000 0.564413 
40.383000 0.570460 
40.384000 0.576457 
40.385000 0.582288 
40.386000 0.588325 
40.387000 0.594372 
40.388000 0.600624 
40.389000 0.606867 
40.390000 0.613099 
40.391000 0.619391 
40.392000 0.625594 
40.393000 0.631915 
40.394000 0.638344 
40.395000 0.644812 
40.396000 0.651270 
40.397000 0.657817 
40.398000 0.664393 
40.399000 0.671017 
40.400000 0.677691 
40.401000 0.684385 
40.402000 0.691000 
40.403000 0.697683 
40.404000 0.704514 
40.405000 0.711325 
40.406000 0.718087 
40.407000 0.725074 
40.408000 0.732042 
40.409000 0.739049 
40.410000 0.746056 
40.411000 0.753220 
40.412000 0.760354 
40.413000 0.767518 
40.414000 0.774682 
40.415000 0.781885 
40.416000 0.789215 
40.417000 0.796546 
40.418000 0.803798 
40.419000 0.811187 
40.420000 0.818586 
40.421000 0.826034 
40.422000 0.833472 
40.423000 0.841126 
40.424000 0.848750 
40.425000 0.856384 
40.426000 0.864107 
40.427000 0.871682 
40.428000 0.879395 
40.429000 0.887196 
40.430000 0.894938 
40.431000 0.902768 
40.432000 0.910696 
40.433000 0.918614 
40.434000 0.926582 
40.435000 0.934510 
40.436000 0.942595 
40.437000 0.950700 
40.438000 0.958716 
40.439000 0.966870 
40.440000 0.974994 
40.441000 0.983187 
40.442000 0.991458 
40.443000 0.999719 
40.444000 1.007990 
40.445000 1.016418 
40.446000 1.024768 
40.447000 1.033157 
40.448000 1.041595 
40.449000 1.050111 
40.450000 1.058666 
40.451000 1.067222 
40.452000 1.075738 
40.453000 1.084391 
40.454000 1.093005 
40.455000 1.101698 
40.456000 1.110459 
40.457000 1.119191 
40.458000 1.127991 
40.459000 1.136762 
40.460000 1.145622 
40.461000 1.154491 
40.462000 1.163428 
40.463000 1.172366 
40.464000 1.181294 
40.465000 1.190212 
40.466000 1.199335 
40.467000 1.208391 
40.468000 1.217505 
40.469000 1.226619 
40.470000 1.235742 
40.471000 1.244856 
40.472000 1.254068 
40.473000 1.263290 
40.474000 1.272492 
40.475000 1.283223 
40.476000 1.291328 
40.477000 1.300520 
40.478000 1.309811 
40.479000 1.319180 
40.480000 1.328529 
40.481000 1.338005 
40.482000 1.347443 
40.483000 1.356890 
40.484000 1.366396 
40.485000 1.375873 
40.486000 1.385428 
40.487000 1.394992 
40.488000 1.404538 
40.489000 1.414151 
40.490000 1.423814 
40.491000 1.433448 
40.492000 1.443159 
40.493000 1.452861 
40.494000 1.462603 
40.495000 1.472334 
40.496000 1.482134 
40.497000 1.491885 
40.498000 1.501744 
40.499000 1.511603 
40.500000 1.521422 
40.501000 1.531242 
40.502000 1.541140 
40.503000 1.551018 
40.504000 1.560926 
40.505000 1.570814 
40.506000 1.580702 
40.507000 1.590757 
40.508000 1.600675 
40.509000 1.610700 
40.510000 1.620735 
40.511000 1.630741 
40.512000 1.640757 
40.513000 1.650812 
40.514000 1.660847 
40.515000 1.670902 
40.516000 1.680966 
40.517000 1.691011 
40.518000 1.701066 
40.519000 1.711258 
40.520000 1.721313 
40.521000 1.731446 
40.522000 1.741560 
40.523000 1.751771 
40.524000 1.761904 
40.525000 1.772067 
40.526000 1.782239 
40.527000 1.792451 
40.528000 1.802614 
40.529000 1.812825 
40.530000 1.823027 
40.531000 1.833239 
40.532000 1.843489 
40.533000 1.853740 
40.534000 1.865245 
40.535000 1.874457 
40.536000 1.884532 
40.537000 1.894753 
40.538000 1.904994 
40.539000 1.915176 
40.540000 1.925427 
40.541000 1.935658 
40.542000 1.945919 
40.543000 1.956180 
40.544000 1.966411 
40.545000 1.976691 
40.546000 1.986961 
40.547000 1.997212 
40.548000 2.007443 
40.549000 2.017763 
40.550000 2.027965 
40.551000 2.038245 
40.552000 2.048496 
40.553000 2.058678 
40.554000 2.068909 
40.555000 2.079179 
40.556000 2.089430 
40.557000 2.099661 
40.558000 2.109883 
40.559000 2.120104 
40.560000 2.130326 
40.561000 2.140567 
40.562000 2.150788 
40.563000 2.160617 
40.564000 2.171113 
40.565000 2.181315 
40.566000 2.191517 
40.567000 2.201660 
40.568000 2.211822 
40.569000 2.221985 
40.570000 2.232128 
40.571000 2.242271 
40.572000 2.252375 
40.573000 2.262498 
40.574000 2.272573 
40.575000 2.282637 
40.576000 2.292761 
40.577000 2.302786 
40.578000 2.313938 
40.579000 2.323072 
40.580000 2.333019 
40.581000 2.343025 
40.582000 2.353050 
40.583000 2.362978 
40.584000 2.372944 
40.585000 2.382901 
40.586000 2.392877 
40.587000 2.402815 
40.588000 2.412713 
40.589000 2.422581 
40.590000 2.432567 
40.591000 2.442436 
40.592000 2.452265 
40.593000 2.462075 
40.594000 2.471836 
40.595000 2.481695 
40.596000 2.491505 
40.597000 2.501285 
40.598000 2.511075 
40.599000 2.520816 
40.600000 2.530509 
40.601000 2.540250 
40.602000 2.549942 
40.603000 2.559595 
40.604000 2.569248 
40.605000 2.578832 
40.606000 2.588436 
40.607000 2.598040 
40.608000 2.607654 
40.609000 2.617199 
40.610000 2.626745 
40.611000 2.636280 
40.612000 2.645835 
40.613000 2.655312 
40.614000 2.664710 
40.615000 2.675127 
40.616000 2.683761 
40.617000 2.693081 
40.618000 2.702381 
40.619000 2.711750 
40.620000 2.721001 
40.621000 2.730223 
40.622000 2.739484 
40.623000 2.748706 
40.624000 2.757888 
40.625000 2.767081 
40.626000 2.776195 
40.627000 2.785348 
40.628000 2.794472 
40.629000 2.803546 
40.630000 2.812602 
40.631000 2.821618 
40.632000 2.830526 
40.633000 2.839512 
40.634000 2.848479 
40.635000 2.857348 
40.636000 2.866257 
40.637000 2.875096 
40.638000 2.883848 
40.639000 2.892638 
40.640000 2.901399 
40.641000 2.910072 
40.642000 2.918755 
40.643000 2.927360 
40.644000 2.935886 
40.645000 2.944451 
40.646000 2.953036 
40.647000 2.961522 
40.648000 2.970793 
40.649000 2.978584 
40.650000 2.986953 
40.651000 2.995274 
40.652000 3.003604 
40.653000 3.011904 
40.654000 3.020215 
40.655000 3.028466 
40.656000 3.036610 
40.657000 3.044783 
40.658000 3.052898 
40.659000 3.060953 
40.660000 3.068989 
40.661000 3.077045 
40.662000 3.084983 
40.663000 3.092882 
40.664000 3.100800 
40.665000 3.108728 
40.666000 3.116539 
40.667000 3.124359 
40.668000 3.132101 
40.669000 3.139863 
40.670000 3.147556 
40.671000 3.155210 
40.672000 3.162814 
40.673000 3.170409 
40.674000 3.177877 
40.675000 3.185374 
40.676000 3.192832 
40.677000 3.200192 
40.678000 3.207561 
40.679000 3.215499 
40.680000 3.222300 
40.681000 3.229513 
40.682000 3.236677 
40.683000 3.243831 
40.684000 3.250897 
40.685000 3.257933 
40.686000 3.264940 
40.687000 3.271908 
40.688000 3.278797 
40.689000 3.285628 
40.690000 3.292498 
40.691000 3.299299 
40.692000 3.306041 
40.693000 3.312666 
40.694000 3.319281 
40.695000 3.325916 
40.696000 3.332433 
40.697000 3.338920 
40.698000 3.345408 
40.699000 3.351827 
40.700000 3.358168 
40.701000 3.364459 
40.702000 3.370692 
40.703000 3.376876 
40.704000 3.383030 
40.705000 3.389145 
40.706000 3.395172 
40.707000 3.401670 
40.708000 3.407266 
40.709000 3.413077 
40.710000 3.418928 
40.711000 3.424808 
40.712000 3.430560 
40.713000 3.436166 
40.714000 3.441850 
40.715000 3.447534 
40.716000 3.453090 
40.717000 3.458588 
40.718000 3.464057 
40.719000 3.469554 
40.720000 3.474974 
40.721000 3.480276 
40.722000 3.485489 
40.723000 3.490752 
40.724000 3.495877 
40.725000 3.501032 
40.726000 3.506050 
40.727000 3.511038 
40.728000 3.516036 
40.729000 3.520946 
40.730000 3.525816 
40.731000 3.530540 
40.732000 3.535440 
40.733000 3.540203 
40.734000 3.544867 
40.735000 3.549787 
40.736000 3.554138 
40.737000 3.558617 
40.738000 3.563115 
40.739000 3.567505 
40.740000 3.571896 
40.741000 3.576188 
40.742000 3.580412 
40.743000 3.584655 
40.744000 3.588850 
40.745000 3.592995 
40.746000 3.597013 
40.747000 3.601002 
40.748000 3.604912 
40.749000 3.608920 
40.750000 3.612732 
40.751000 3.616515 
40.752000 3.620298 
40.753000 3.623953 
40.754000 3.627521 
40.755000 3.631019 
40.756000 3.634479 
40.757000 3.638065 
40.758000 3.641574 
40.759000 3.644876 
40.760000 3.648199 
40.761000 3.651462 
40.762000 3.654863 
40.763000 3.657891 
40.764000 3.660997 
40.765000 3.664124 
40.766000 3.667162 
40.767000 3.670053 
40.768000 3.672885 
40.769000 3.675825 
40.770000 3.678608 
40.771000 3.681362 
40.772000 3.684096 
40.773000 3.686693 
40.774000 3.689280 
40.775000 3.691838 
40.776000 3.694308 
40.777000 3.696758 
40.778000 3.699168 
40.779000 3.701501 
40.780000 3.703843 
40.781000 3.706087 
40.782000 3.708263 
40.783000 3.710340 
40.784000 3.712359 
40.785000 3.714437 
40.786000 3.716495 
40.787000 3.718523 
40.788000 3.720434 
40.789000 3.722247 
40.790000 3.724021 
40.791000 3.725766 
40.792000 3.727392 
40.793000 3.729068 
40.794000 3.730587 
40.795000 3.732175 
40.796000 3.733586 
40.797000 3.735027 
40.798000 3.736418 
40.799000 3.737663 
40.800000 3.738966 
40.801000 3.740270 
40.802000 3.741446 
40.803000 3.742563 
40.804000 3.743729 
40.805000 3.744699 
40.806000 3.745709 
40.807000 3.746718 
40.808000 3.747678 
40.809000 3.748511 
40.810000 3.749246 
40.811000 3.750089 
40.812000 3.750795 
40.813000 3.751471 
40.814000 3.752000 
40.815000 3.752471 
40.816000 3.752921 
40.817000 3.753402 
40.818000 3.753696 
40.819000 3.754058 
40.820000 3.754401 
40.821000 3.754489 
40.822000 3.754823 
40.823000 3.755136 
40.824000 3.755077 
40.825000 3.755352 
40.826000 3.755450 
40.827000 3.755450 
40.828000 3.755371 
40.829000 3.755234 
40.830000 3.755205 
40.831000 3.754940 
40.832000 3.754725 
40.833000 3.754489 
40.834000 3.754058 
40.835000 3.753470 
40.836000 3.753343 
40.837000 3.752921 
40.838000 3.752431 
40.839000 3.752000 
40.840000 3.751304 
40.841000 3.750667 
40.842000 3.749893 
40.843000 3.748962 
40.844000 3.748580 
40.845000 3.747747 
40.846000 3.747002 
40.847000 3.746071 
40.848000 3.745248 
40.849000 3.744278 
40.850000 3.742328 
40.851000 3.742181 
40.852000 3.741083 
40.853000 3.739966 
40.854000 3.738858 
40.855000 3.737859 
40.856000 3.736673 
40.857000 3.735370 
40.858000 3.733821 
40.859000 3.732537 
40.860000 3.731459 
