Time(s) Pressure(mBar)
36.862000 5.179785 
36.863000 4.167308 
36.864000 3.595321 
36.865000 3.237199 
36.866000 3.000539 
36.867000 2.839359 
36.868000 2.726953 
36.869000 2.647573 
36.870000 2.591105 
36.871000 2.548103 
36.872000 2.515870 
36.873000 2.491988 
36.874000 2.474387 
36.875000 2.461343 
36.876000 2.451239 
36.877000 2.443380 
36.878000 2.437647 
36.879000 2.433511 
36.880000 2.430258 
36.881000 2.427798 
36.882000 2.425730 
36.883000 2.424436 
36.884000 2.423378 
36.885000 2.422574 
36.886000 2.422104 
36.887000 2.422271 
36.888000 2.422124 
36.889000 2.422329 
36.890000 2.422555 
36.891000 2.422819 
36.892000 2.423113 
36.893000 2.423545 
36.894000 2.423897 
36.895000 2.424280 
36.896000 2.424564 
36.897000 2.424828 
36.898000 2.425054 
36.899000 2.425358 
36.900000 2.425691 
36.901000 2.426004 
36.902000 2.426357 
36.903000 2.426788 
36.904000 2.427249 
36.905000 2.427670 
36.906000 2.428053 
36.907000 2.428484 
36.908000 2.428827 
36.909000 2.429111 
36.910000 2.429444 
36.911000 2.429787 
36.912000 2.430120 
36.913000 2.430434 
36.914000 2.430797 
36.915000 2.431189 
36.916000 2.431590 
36.917000 2.431992 
36.918000 2.432316 
36.919000 2.432649 
36.920000 2.432972 
36.921000 2.433335 
36.922000 2.433550 
36.923000 2.433815 
36.924000 2.434080 
36.925000 2.434374 
36.926000 2.434609 
36.927000 2.434795 
36.928000 2.435040 
36.929000 2.435285 
36.930000 2.435501 
36.931000 2.435599 
36.932000 2.435755 
36.933000 2.435863 
36.934000 2.436020 
36.935000 2.436108 
36.936000 2.436167 
36.937000 2.436216 
36.938000 2.436236 
36.939000 2.436138 
36.940000 2.436098 
36.941000 2.436040 
36.942000 2.435991 
36.943000 2.435932 
36.944000 2.435893 
36.945000 2.435804 
36.946000 2.435785 
36.947000 2.435677 
36.948000 2.435530 
36.949000 2.435383 
36.950000 2.435216 
36.951000 2.435060 
36.952000 2.434834 
36.953000 2.434687 
36.954000 2.434462 
36.955000 2.434285 
36.956000 2.434080 
36.957000 2.433874 
36.958000 2.433609 
36.959000 2.433403 
36.960000 2.433266 
36.961000 2.433021 
36.962000 2.432796 
36.963000 2.432492 
36.964000 2.432237 
36.965000 2.432061 
36.966000 2.431826 
36.967000 2.431581 
36.968000 2.431247 
36.969000 2.430944 
36.970000 2.430610 
36.971000 2.430316 
36.972000 2.430013 
36.973000 2.429709 
36.974000 2.429376 
36.975000 2.428954 
36.976000 2.428543 
36.977000 2.428229 
36.978000 2.427857 
36.979000 2.427435 
36.980000 2.427131 
36.981000 2.426818 
36.982000 2.426426 
36.983000 2.426122 
36.984000 2.425897 
36.985000 2.425603 
36.986000 2.425377 
36.987000 2.425044 
36.988000 2.424809 
36.989000 2.424691 
36.990000 2.424848 
36.991000 2.424701 
36.992000 2.424446 
36.993000 2.424084 
36.994000 2.423525 
36.995000 2.423074 
36.996000 2.422731 
36.997000 2.422369 
36.998000 2.421604 
36.999000 2.420908 
37.000000 2.420497 
37.001000 2.420105 
37.002000 2.419497 
37.003000 2.419213 
37.004000 2.418400 
37.005000 2.417841 
37.006000 2.417410 
37.007000 2.417008 
37.008000 2.416449 
37.009000 2.415744 
37.010000 2.415469 
37.011000 2.414921 
37.012000 2.414401 
37.013000 2.413862 
37.014000 2.413402 
37.015000 2.412549 
37.016000 2.411647 
37.017000 2.410863 
37.018000 2.410217 
37.019000 2.409638 
37.020000 2.409609 
37.021000 2.407522 
37.022000 2.407698 
37.023000 2.407874 
37.024000 2.406297 
37.025000 2.405385 
37.026000 2.404425 
37.027000 2.403298 
37.028000 2.402445 
37.029000 2.400515 
37.030000 2.399094 
37.031000 2.397741 
37.032000 2.396467 
37.033000 2.395497 
37.034000 2.394125 
37.035000 2.392645 
37.036000 2.391224 
37.037000 2.389921 
37.038000 2.388176 
37.039000 2.386648 
37.040000 2.384707 
37.041000 2.383188 
37.042000 2.381522 
37.043000 2.379827 
37.044000 2.378112 
37.045000 2.376289 
37.046000 2.374731 
37.047000 2.372908 
37.048000 2.371134 
37.049000 2.368939 
37.050000 2.366979 
37.051000 2.364852 
37.052000 2.362716 
37.053000 2.360393 
37.054000 2.358071 
37.055000 2.355601 
37.056000 2.353034 
37.057000 2.350584 
37.058000 2.348094 
37.059000 2.345292 
37.060000 2.342783 
37.061000 2.339990 
37.062000 2.336785 
37.063000 2.333728 
37.064000 2.330562 
37.065000 2.327171 
37.066000 2.323849 
37.067000 2.320194 
37.068000 2.316548 
37.069000 2.312854 
37.070000 2.308943 
37.071000 2.304974 
37.072000 2.301329 
37.073000 2.297693 
37.074000 2.293724 
37.075000 2.289539 
37.076000 2.285610 
37.077000 2.281503 
37.078000 2.277309 
37.079000 2.272997 
37.080000 2.268146 
37.081000 2.263785 
37.082000 2.259326 
37.083000 2.254651 
37.084000 2.249712 
37.085000 2.245067 
37.086000 2.240265 
37.087000 2.235365 
37.088000 2.230269 
37.089000 2.224957 
37.090000 2.219656 
37.091000 2.214334 
37.092000 2.208856 
37.093000 2.203329 
37.094000 2.197615 
37.095000 2.191990 
37.096000 2.186208 
37.097000 2.180367 
37.098000 2.174487 
37.099000 2.168637 
37.100000 2.162963 
37.101000 2.156798 
37.102000 2.150683 
37.103000 2.144558 
37.104000 2.138374 
37.105000 2.131671 
37.106000 2.125272 
37.107000 2.118902 
37.108000 2.112483 
37.109000 2.105642 
37.110000 2.098871 
37.111000 2.092334 
37.112000 2.085386 
37.113000 2.078418 
37.114000 2.071411 
37.115000 2.064629 
37.116000 2.057250 
37.117000 2.049969 
37.118000 2.042815 
37.119000 2.035229 
37.120000 2.027791 
37.121000 2.020451 
37.122000 2.013189 
37.123000 2.005780 
37.124000 1.998107 
37.125000 1.990492 
37.126000 1.982417 
37.127000 1.974695 
37.128000 1.967002 
37.129000 1.959456 
37.130000 1.951547 
37.131000 1.943648 
37.132000 1.935573 
37.133000 1.927576 
37.134000 1.919668 
37.135000 1.911896 
37.136000 1.903625 
37.137000 1.895217 
37.138000 1.886995 
37.139000 1.878625 
37.140000 1.870188 
37.141000 1.861897 
37.142000 1.853498 
37.143000 1.844815 
37.144000 1.836309 
37.145000 1.827420 
37.146000 1.818659 
37.147000 1.810045 
37.148000 1.801225 
37.149000 1.792444 
37.150000 1.783781 
37.151000 1.774912 
37.152000 1.765896 
37.153000 1.757115 
37.154000 1.748119 
37.155000 1.739191 
37.156000 1.730038 
37.157000 1.720963 
37.158000 1.712035 
37.159000 1.703058 
37.160000 1.693974 
37.161000 1.684870 
37.162000 1.675658 
37.163000 1.666455 
37.164000 1.657234 
37.165000 1.648208 
37.166000 1.638917 
37.167000 1.629598 
37.168000 1.620307 
37.169000 1.610840 
37.170000 1.601442 
37.171000 1.592024 
37.172000 1.582538 
37.173000 1.573071 
37.174000 1.563830 
37.175000 1.554471 
37.176000 1.544994 
37.177000 1.535429 
37.178000 1.525835 
37.179000 1.516261 
37.180000 1.506578 
37.181000 1.497043 
37.182000 1.487390 
37.183000 1.477707 
37.184000 1.467682 
37.185000 1.458039 
37.186000 1.448190 
37.187000 1.438488 
37.188000 1.428531 
37.189000 1.418535 
37.190000 1.408451 
37.191000 1.398621 
37.192000 1.388714 
37.193000 1.378963 
37.194000 1.369045 
37.195000 1.358980 
37.196000 1.348886 
37.197000 1.338812 
37.198000 1.328689 
37.199000 1.318732 
37.200000 1.308627 
37.201000 1.298427 
37.202000 1.288109 
37.203000 1.277945 
37.204000 1.267788 
37.205000 1.257524 
37.206000 1.247748 
37.207000 1.237059 
37.208000 1.226505 
37.209000 1.216171 
37.210000 1.205966 
37.211000 1.195500 
37.212000 1.185144 
37.213000 1.174528 
37.214000 1.164017 
37.215000 1.153610 
37.216000 1.143157 
37.217000 1.132757 
37.218000 1.122167 
37.219000 1.111584 
37.220000 1.101043 
37.221000 1.090410 
37.222000 1.079684 
37.223000 1.069029 
37.224000 1.058502 
37.225000 1.047928 
37.226000 1.037235 
37.227000 1.026605 
37.228000 1.015913 
37.229000 1.005206 
37.230000 0.994611 
37.231000 0.983994 
37.232000 0.973361 
37.233000 0.962763 
37.234000 0.951932 
37.235000 0.941055 
37.236000 0.930330 
37.237000 0.919571 
37.238000 0.908734 
37.239000 0.898012 
37.240000 0.887073 
37.241000 0.876101 
37.242000 0.864991 
37.243000 0.854065 
37.244000 0.843146 
37.245000 0.832221 
37.246000 0.821075 
37.247000 0.809937 
37.248000 0.798898 
37.249000 0.787746 
37.250000 0.776621 
37.251000 0.765436 
37.252000 0.754217 
37.253000 0.743020 
37.254000 0.731806 
37.255000 0.720655 
37.256000 0.709336 
37.257000 0.697982 
37.258000 0.686744 
37.259000 0.675561 
37.260000 0.664291 
37.261000 0.652923 
37.262000 0.641659 
37.263000 0.630406 
37.264000 0.618933 
37.265000 0.607498 
37.266000 0.596286 
37.267000 0.585117 
37.268000 0.573938 
37.269000 0.562760 
37.270000 0.551588 
37.271000 0.540338 
37.272000 0.528887 
37.273000 0.517801 
37.274000 0.506599 
37.275000 0.495390 
37.276000 0.484195 
37.277000 0.472919 
37.278000 0.461629 
37.279000 0.450253 
37.280000 0.439028 
37.281000 0.427768 
37.282000 0.416611 
37.283000 0.405388 
37.284000 0.394184 
37.285000 0.383036 
37.286000 0.371658 
37.287000 0.360384 
37.288000 0.349183 
37.289000 0.337873 
37.290000 0.326634 
37.291000 0.315116 
37.292000 0.303636 
37.293000 0.292270 
37.294000 0.280897 
37.295000 0.269464 
37.296000 0.257889 
37.297000 0.246291 
37.298000 0.234733 
37.299000 0.223204 
37.300000 0.211675 
37.301000 0.200150 
37.302000 0.188475 
37.303000 0.176725 
37.304000 0.164932 
37.305000 0.153402 
37.306000 0.141811 
37.307000 0.130159 
37.308000 0.118491 
37.309000 0.106727 
37.310000 0.094928 
37.311000 0.083362 
37.312000 0.071778 
37.313000 0.060059 
37.314000 0.048287 
37.315000 0.036702 
37.316000 0.025068 
37.317000 0.013493 
37.318000 0.001985 
37.319000 -0.009490 
37.320000 -0.020984 
37.321000 -0.032535 
37.322000 -0.044040 
37.323000 -0.055691 
37.324000 -0.067213 
37.325000 -0.078706 
37.326000 -0.090304 
37.327000 -0.101813 
37.328000 -0.113266 
37.329000 -0.124745 
37.330000 -0.136326 
37.331000 -0.147762 
37.332000 -0.159163 
37.333000 -0.170530 
37.334000 -0.181932 
37.335000 -0.193355 
37.336000 -0.204016 
37.337000 -0.216144 
37.338000 -0.227550 
37.339000 -0.238929 
37.340000 -0.250289 
37.341000 -0.261630 
37.342000 -0.273001 
37.343000 -0.284319 
37.344000 -0.295704 
37.345000 -0.307188 
37.346000 -0.318542 
37.347000 -0.329968 
37.348000 -0.341374 
37.349000 -0.352802 
37.350000 -0.364255 
37.351000 -0.375869 
37.352000 -0.387442 
37.353000 -0.399006 
37.354000 -0.410483 
37.355000 -0.422075 
37.356000 -0.433633 
37.357000 -0.445170 
37.358000 -0.456752 
37.359000 -0.468392 
37.360000 -0.479930 
37.361000 -0.491526 
37.362000 -0.503173 
37.363000 -0.514900 
37.364000 -0.526550 
37.365000 -0.538185 
37.366000 -0.549772 
37.367000 -0.561246 
37.368000 -0.572694 
37.369000 -0.584159 
37.370000 -0.595684 
37.371000 -0.607101 
37.372000 -0.618471 
37.373000 -0.629871 
37.374000 -0.641242 
37.375000 -0.652663 
37.376000 -0.664087 
37.377000 -0.675438 
37.378000 -0.686716 
37.379000 -0.698028 
37.380000 -0.709383 
37.381000 -0.720729 
37.382000 -0.731965 
37.383000 -0.743236 
37.384000 -0.754531 
37.385000 -0.765876 
37.386000 -0.777226 
37.387000 -0.788391 
37.388000 -0.799695 
37.389000 -0.810882 
37.390000 -0.822169 
37.391000 -0.833337 
37.392000 -0.844572 
37.393000 -0.855843 
37.394000 -0.866999 
37.395000 -0.878212 
37.396000 -0.889357 
37.397000 -0.900382 
37.398000 -0.911437 
37.399000 -0.922604 
37.400000 -0.933877 
37.401000 -0.944923 
37.402000 -0.955848 
37.403000 -0.966812 
37.404000 -0.977844 
37.405000 -0.988771 
37.406000 -0.999701 
37.407000 -1.010680 
37.408000 -1.021698 
37.409000 -1.032724 
37.410000 -1.043777 
37.411000 -1.054887 
37.412000 -1.066022 
37.413000 -1.077179 
37.414000 -1.088263 
37.415000 -1.099284 
37.416000 -1.110354 
37.417000 -1.121399 
37.418000 -1.132482 
37.419000 -1.143548 
37.420000 -1.154652 
37.421000 -1.165723 
37.422000 -1.176736 
37.423000 -1.187771 
37.424000 -1.198808 
37.425000 -1.209835 
37.426000 -1.220880 
37.427000 -1.231902 
37.428000 -1.242874 
37.429000 -1.253833 
37.430000 -1.264805 
37.431000 -1.275708 
37.432000 -1.286635 
37.433000 -1.296655 
37.434000 -1.308403 
37.435000 -1.319356 
37.436000 -1.330264 
37.437000 -1.341086 
37.438000 -1.351944 
37.439000 -1.362845 
37.440000 -1.373662 
37.441000 -1.384521 
37.442000 -1.395307 
37.443000 -1.406073 
37.444000 -1.416877 
37.445000 -1.427648 
37.446000 -1.438356 
37.447000 -1.449047 
37.448000 -1.459830 
37.449000 -1.470536 
37.450000 -1.481212 
37.451000 -1.491825 
37.452000 -1.502518 
37.453000 -1.513231 
37.454000 -1.523870 
37.455000 -1.534526 
37.456000 -1.545194 
37.457000 -1.555804 
37.458000 -1.566416 
37.459000 -1.577068 
37.460000 -1.587697 
37.461000 -1.598253 
37.462000 -1.609014 
37.463000 -1.619590 
37.464000 -1.630149 
37.465000 -1.640848 
37.466000 -1.651381 
37.467000 -1.661811 
37.468000 -1.672257 
37.469000 -1.682709 
37.470000 -1.693449 
37.471000 -1.704101 
37.472000 -1.714697 
37.473000 -1.725333 
37.474000 -1.736078 
37.475000 -1.746763 
37.476000 -1.757445 
37.477000 -1.767923 
37.478000 -1.778416 
37.479000 -1.788987 
37.480000 -1.799439 
37.481000 -1.809862 
37.482000 -1.820326 
37.483000 -1.830751 
37.484000 -1.841177 
37.485000 -1.851560 
37.486000 -1.861927 
37.487000 -1.872260 
37.488000 -1.882578 
37.489000 -1.892900 
37.490000 -1.903207 
37.491000 -1.913483 
37.492000 -1.923757 
37.493000 -1.934020 
37.494000 -1.944203 
37.495000 -1.954365 
37.496000 -1.964520 
37.497000 -1.974628 
37.498000 -1.984705 
37.499000 -1.994732 
37.500000 -2.004732 
37.501000 -2.014724 
37.502000 -2.024695 
37.503000 -2.034630 
37.504000 -2.044549 
37.505000 -2.054454 
37.506000 -2.064341 
37.507000 -2.074199 
37.508000 -2.083984 
37.509000 -2.093748 
37.510000 -2.103515 
37.511000 -2.113263 
37.512000 -2.122999 
37.513000 -2.132713 
37.514000 -2.142334 
37.515000 -2.151932 
37.516000 -2.161538 
37.517000 -2.171167 
37.518000 -2.180794 
37.519000 -2.190355 
37.520000 -2.199867 
37.521000 -2.209398 
37.522000 -2.218893 
37.523000 -2.228407 
37.524000 -2.237870 
37.525000 -2.247393 
37.526000 -2.256811 
37.527000 -2.266240 
37.528000 -2.275718 
37.529000 -2.285074 
37.530000 -2.294425 
37.531000 -2.303845 
37.532000 -2.311975 
37.533000 -2.322359 
37.534000 -2.331911 
37.535000 -2.341315 
37.536000 -2.350674 
37.537000 -2.359982 
37.538000 -2.369124 
37.539000 -2.378415 
37.540000 -2.387690 
37.541000 -2.397098 
37.542000 -2.406252 
37.543000 -2.415665 
37.544000 -2.425228 
37.545000 -2.434803 
37.546000 -2.444252 
37.547000 -2.453585 
37.548000 -2.463141 
37.549000 -2.472599 
37.550000 -2.482380 
37.551000 -2.491830 
37.552000 -2.500956 
37.553000 -2.510022 
37.554000 -2.519078 
37.555000 -2.528109 
37.556000 -2.537083 
37.557000 -2.546034 
37.558000 -2.554898 
37.559000 -2.563809 
37.560000 -2.572703 
37.561000 -2.581566 
37.562000 -2.590420 
37.563000 -2.599246 
37.564000 -2.608011 
37.565000 -2.616769 
37.566000 -2.625532 
37.567000 -2.634269 
37.568000 -2.643000 
37.569000 -2.651685 
37.570000 -2.660359 
37.571000 -2.668983 
37.572000 -2.677590 
37.573000 -2.686173 
37.574000 -2.694746 
37.575000 -2.703243 
37.576000 -2.711755 
37.577000 -2.720242 
37.578000 -2.728717 
37.579000 -2.737162 
37.580000 -2.745608 
37.581000 -2.753997 
37.582000 -2.762393 
37.583000 -2.770741 
37.584000 -2.779068 
37.585000 -2.787382 
37.586000 -2.795668 
37.587000 -2.803948 
37.588000 -2.812183 
37.589000 -2.820394 
37.590000 -2.828559 
37.591000 -2.836718 
37.592000 -2.844839 
37.593000 -2.852952 
37.594000 -2.861044 
37.595000 -2.869092 
37.596000 -2.877083 
37.597000 -2.885101 
37.598000 -2.893075 
37.599000 -2.900984 
37.600000 -2.908879 
37.601000 -2.916776 
37.602000 -2.924645 
37.603000 -2.932511 
37.604000 -2.940305 
37.605000 -2.948115 
37.606000 -2.955884 
37.607000 -2.963634 
37.608000 -2.971352 
37.609000 -2.979031 
37.610000 -2.986720 
37.611000 -2.994378 
37.612000 -3.002003 
37.613000 -3.009623 
37.614000 -3.017199 
37.615000 -3.024761 
37.616000 -3.032263 
37.617000 -3.039756 
37.618000 -3.047259 
37.619000 -3.054710 
37.620000 -3.062136 
37.621000 -3.069532 
37.622000 -3.076942 
37.623000 -3.084298 
37.624000 -3.091661 
37.625000 -3.098988 
37.626000 -3.106186 
37.627000 -3.113393 
37.628000 -3.120646 
37.629000 -3.127848 
37.630000 -3.134993 
37.631000 -3.142138 
37.632000 -3.149266 
37.633000 -3.156379 
37.634000 -3.163585 
37.635000 -3.170777 
37.636000 -3.178045 
37.637000 -3.185169 
37.638000 -3.192181 
37.639000 -3.199190 
37.640000 -3.206074 
37.641000 -3.212945 
37.642000 -3.219852 
37.643000 -3.226816 
37.644000 -3.233631 
37.645000 -3.240434 
37.646000 -3.247221 
37.647000 -3.254136 
37.648000 -3.260960 
37.649000 -3.267553 
37.650000 -3.274195 
37.651000 -3.280820 
37.652000 -3.287371 
37.653000 -3.294042 
37.654000 -3.300659 
37.655000 -3.307185 
37.656000 -3.313636 
37.657000 -3.320033 
37.658000 -3.326356 
37.659000 -3.332681 
37.660000 -3.339032 
37.661000 -3.345241 
37.662000 -3.351505 
37.663000 -3.357601 
37.664000 -3.363673 
37.665000 -3.369772 
37.666000 -3.375867 
37.667000 -3.381919 
37.668000 -3.387772 
37.669000 -3.393809 
37.670000 -3.399777 
37.671000 -3.405706 
37.672000 -3.411486 
37.673000 -3.417408 
37.674000 -3.423218 
37.675000 -3.429026 
37.676000 -3.434837 
37.677000 -3.440593 
37.678000 -3.446383 
37.679000 -3.452061 
37.680000 -3.457739 
37.681000 -3.463350 
37.682000 -3.468933 
37.683000 -3.474453 
37.684000 -3.479920 
37.685000 -3.485350 
37.686000 -3.490814 
37.687000 -3.496229 
37.688000 -3.501654 
37.689000 -3.506999 
37.690000 -3.512377 
37.691000 -3.517704 
37.692000 -3.522952 
37.693000 -3.528189 
37.694000 -3.533453 
37.695000 -3.538659 
37.696000 -3.543827 
37.697000 -3.548994 
37.698000 -3.554097 
37.699000 -3.559088 
37.700000 -3.564166 
37.701000 -3.569151 
37.702000 -3.574071 
37.703000 -3.578896 
37.704000 -3.583810 
37.705000 -3.588667 
37.706000 -3.593422 
37.707000 -3.598110 
37.708000 -3.602804 
37.709000 -3.607449 
37.710000 -3.612131 
37.711000 -3.616755 
37.712000 -3.621390 
37.713000 -3.625970 
37.714000 -3.630522 
37.715000 -3.635065 
37.716000 -3.639537 
37.717000 -3.643940 
37.718000 -3.648317 
37.719000 -3.652606 
37.720000 -3.656910 
37.721000 -3.661222 
37.722000 -3.665488 
37.723000 -3.669734 
37.724000 -3.673983 
37.725000 -3.678230 
37.726000 -3.682386 
37.727000 -3.686518 
37.728000 -3.690671 
37.729000 -3.694746 
37.730000 -3.698780 
37.731000 -3.702798 
37.732000 -3.706766 
37.733000 -3.710643 
37.734000 -3.714587 
37.735000 -3.718472 
37.736000 -3.722302 
37.737000 -3.726125 
37.738000 -3.729903 
37.739000 -3.733590 
37.740000 -3.737217 
37.741000 -3.740907 
37.742000 -3.744564 
37.743000 -3.748223 
37.744000 -3.751791 
37.745000 -3.755359 
37.746000 -3.758919 
37.747000 -3.762416 
37.748000 -3.765875 
37.749000 -3.769302 
37.750000 -3.772689 
37.751000 -3.776052 
37.752000 -3.779380 
37.753000 -3.782659 
37.754000 -3.785948 
37.755000 -3.789173 
37.756000 -3.792427 
37.757000 -3.795660 
37.758000 -3.798840 
37.759000 -3.802069 
37.760000 -3.805230 
37.761000 -3.808327 
37.762000 -3.811397 
37.763000 -3.814381 
37.764000 -3.817389 
37.765000 -3.820323 
37.766000 -3.823264 
37.767000 -3.826172 
37.768000 -3.829065 
37.769000 -3.831913 
37.770000 -3.834745 
37.771000 -3.837481 
37.772000 -3.840172 
37.773000 -3.842899 
37.774000 -3.845558 
37.775000 -3.848237 
37.776000 -3.850890 
37.777000 -3.853478 
37.778000 -3.856029 
37.779000 -3.858545 
37.780000 -3.861063 
37.781000 -3.863581 
37.782000 -3.866025 
37.783000 -3.868415 
37.784000 -3.870848 
37.785000 -3.873216 
37.786000 -3.875513 
37.787000 -3.879327 
37.788000 -3.880284 
37.789000 -3.882418 
37.790000 -3.884542 
37.791000 -3.886696 
37.792000 -3.888816 
37.793000 -3.891003 
37.794000 -3.893158 
37.795000 -3.895245 
37.796000 -3.897333 
37.797000 -3.899299 
37.798000 -3.901277 
37.799000 -3.903243 
37.800000 -3.905251 
37.801000 -3.907229 
37.802000 -3.909186 
37.803000 -3.911263 
37.804000 -3.913282 
37.805000 -3.915413 
37.806000 -3.917696 
37.807000 -3.919879 
37.808000 -3.921934 
37.809000 -3.923895 
37.810000 -3.925675 
37.811000 -3.927595 
37.812000 -3.929440 
37.813000 -3.931454 
37.814000 -3.933589 
37.815000 -3.934719 
37.816000 -3.935773 
37.817000 -3.936943 
37.818000 -3.937574 
37.819000 -3.938496 
37.820000 -3.940138 
37.821000 -3.941924 
37.822000 -3.943611 
37.823000 -3.945286 
37.824000 -3.946680 
37.825000 -3.947864 
37.826000 -3.949211 
37.827000 -3.950588 
37.828000 -3.952017 
37.829000 -3.953412 
37.830000 -3.954763 
37.831000 -3.956193 
37.832000 -3.957546 
37.833000 -3.958714 
37.834000 -3.959863 
37.835000 -3.961063 
37.836000 -3.962237 
37.837000 -3.963505 
37.838000 -3.964725 
37.839000 -3.965904 
37.840000 -3.966951 
37.841000 -3.967827 
37.842000 -3.968744 
37.843000 -3.969681 
37.844000 -3.972096 
37.845000 -3.972132 
37.846000 -3.973089 
37.847000 -3.974065 
37.848000 -3.975091 
37.849000 -3.976095 
37.850000 -3.977216 
37.851000 -3.978231 
37.852000 -3.979229 
37.853000 -3.980330 
37.854000 -3.981076 
37.855000 -3.981563 
37.856000 -3.982306 
37.857000 -3.983108 
37.858000 -3.983809 
37.859000 -3.984508 
37.860000 -3.985305 
37.861000 -3.986049 
37.862000 -3.986737 
37.863000 -3.987464 
37.864000 -3.988145 
37.865000 -3.988808 
37.866000 -3.989479 
37.867000 -3.990113 
37.868000 -3.990720 
37.869000 -3.991314 
37.870000 -3.991957 
37.871000 -3.992565 
37.872000 -3.993120 
37.873000 -3.993664 
37.874000 -3.994226 
37.875000 -3.994789 
37.876000 -3.995385 
37.877000 -3.995953 
37.878000 -3.996487 
37.879000 -3.997025 
37.880000 -3.997535 
37.881000 -3.998037 
37.882000 -3.998508 
37.883000 -3.998993 
37.884000 -4.000571 
37.885000 -4.000109 
37.886000 -4.000482 
37.887000 -4.000876 
37.888000 -4.001284 
37.889000 -4.001713 
37.890000 -4.002140 
37.891000 -4.002555 
37.892000 -4.002958 
37.893000 -4.003379 
37.894000 -4.003833 
37.895000 -4.004254 
37.896000 -4.004647 
37.897000 -4.005042 
37.898000 -4.005395 
37.899000 -4.005767 
37.900000 -4.006135 
37.901000 -4.006503 
37.902000 -4.006892 
37.903000 -4.007285 
37.904000 -4.007664 
37.905000 -4.008038 
37.906000 -4.008418 
37.907000 -4.008745 
37.908000 -4.009105 
37.909000 -4.009432 
37.910000 -4.009773 
37.911000 -4.010140 
37.912000 -4.010484 
37.913000 -4.010831 
37.914000 -4.011089 
37.915000 -4.011373 
37.916000 -4.012593 
37.917000 -4.012183 
37.918000 -4.012467 
37.919000 -4.012807 
37.920000 -4.013147 
37.921000 -4.013440 
37.922000 -4.013828 
37.923000 -4.014191 
37.924000 -4.014501 
37.925000 -4.014895 
37.926000 -4.015218 
37.927000 -4.015563 
37.928000 -4.015891 
37.929000 -4.016225 
37.930000 -4.016548 
37.931000 -4.016873 
37.932000 -4.017182 
37.933000 -4.017498 
37.934000 -4.017869 
37.935000 -4.018225 
37.936000 -4.018585 
37.937000 -4.018854 
37.938000 -4.019194 
37.939000 -4.019472 
37.940000 -4.019760 
37.941000 -4.020116 
37.942000 -4.020502 
37.943000 -4.021526 
37.944000 -4.021398 
37.945000 -4.021682 
37.946000 -4.022036 
37.947000 -4.022460 
37.948000 -4.022868 
37.949000 -4.023294 
37.950000 -4.023647 
37.951000 -4.024022 
37.952000 -4.024411 
37.953000 -4.024812 
37.954000 -4.025221 
37.955000 -4.025714 
37.956000 -4.026135 
37.957000 -4.026486 
37.958000 -4.026865 
37.959000 -4.027315 
37.960000 -4.027821 
37.961000 -4.028251 
37.962000 -4.028676 
37.963000 -4.029086 
37.964000 -4.029592 
37.965000 -4.029990 
37.966000 -4.030383 
37.967000 -4.031238 
37.968000 -4.031297 
37.969000 -4.031756 
37.970000 -4.032331 
37.971000 -4.032776 
37.972000 -4.033123 
37.973000 -4.033484 
37.974000 -4.033870 
37.975000 -4.034385 
37.976000 -4.035015 
37.977000 -4.035401 
37.978000 -4.035862 
37.979000 -4.036602 
37.980000 -4.037017 
37.981000 -4.037246 
37.982000 -4.037565 
37.983000 -4.038178 
37.984000 -4.038680 
37.985000 -4.039060 
37.986000 -4.039461 
37.987000 -4.040025 
37.988000 -4.040482 
37.989000 -4.041318 
37.990000 -4.041739 
37.991000 -4.042212 
37.992000 -4.042668 
37.993000 -4.043185 
37.994000 -4.043647 
37.995000 -4.044163 
37.996000 -4.044759 
37.997000 -4.045401 
37.998000 -4.046113 
37.999000 -4.046538 
38.000000 -4.047009 
38.001000 -4.047385 
38.002000 -4.047847 
38.003000 -4.048463 
38.004000 -4.049130 
38.005000 -4.049602 
38.006000 -4.050173 
38.007000 -4.050770 
38.008000 -4.051242 
38.009000 -4.051694 
38.010000 -4.052198 
38.011000 -4.052801 
38.012000 -4.053517 
38.013000 -4.054009 
38.014000 -4.054569 
38.015000 -4.055134 
38.016000 -4.055779 
38.017000 -4.056414 
38.018000 -4.056967 
38.019000 -4.057565 
38.020000 -4.058211 
38.021000 -4.058934 
38.022000 -4.059596 
38.023000 -4.060210 
38.024000 -4.060796 
38.025000 -4.061469 
38.026000 -4.062167 
38.027000 -4.062860 
38.028000 -4.063203 
38.029000 -4.064118 
38.030000 -4.064803 
38.031000 -4.065517 
38.032000 -4.066217 
38.033000 -4.066893 
38.034000 -4.067545 
38.035000 -4.068203 
38.036000 -4.068869 
38.037000 -4.069551 
38.038000 -4.070223 
38.039000 -4.070951 
38.040000 -4.071651 
38.041000 -4.072354 
38.042000 -4.073034 
38.043000 -4.073722 
38.044000 -4.074433 
38.045000 -4.074563 
38.046000 -4.075693 
38.047000 -4.076438 
38.048000 -4.077160 
38.049000 -4.077866 
38.050000 -4.078557 
38.051000 -4.079279 
38.052000 -4.079966 
38.053000 -4.080669 
38.054000 -4.081374 
38.055000 -4.082084 
38.056000 -4.082772 
38.057000 -4.083441 
38.058000 -4.084142 
38.059000 -4.084834 
38.060000 -4.085553 
38.061000 -4.086218 
38.062000 -4.086126 
38.063000 -4.087454 
38.064000 -4.088219 
38.065000 -4.088929 
38.066000 -4.089578 
38.067000 -4.090267 
38.068000 -4.090954 
38.069000 -4.091650 
38.070000 -4.092346 
38.071000 -4.092967 
38.072000 -4.093646 
38.073000 -4.094285 
38.074000 -4.094952 
38.075000 -4.095597 
38.076000 -4.096207 
38.077000 -4.096866 
38.078000 -4.096516 
38.079000 -4.097996 
38.080000 -4.098700 
38.081000 -4.099348 
38.082000 -4.099997 
38.083000 -4.100613 
38.084000 -4.101213 
38.085000 -4.101787 
38.086000 -4.102361 
38.087000 -4.102917 
38.088000 -4.103482 
38.089000 -4.104031 
38.090000 -4.104555 
38.091000 -4.105103 
38.092000 -4.105610 
38.093000 -4.106129 
38.094000 -4.105383 
38.095000 -4.106909 
38.096000 -4.107501 
38.097000 -4.107997 
38.098000 -4.108458 
38.099000 -4.108904 
38.100000 -4.109366 
38.101000 -4.109791 
38.102000 -4.110211 
38.103000 -4.110584 
38.104000 -4.110936 
38.105000 -4.111342 
38.106000 -4.111709 
38.107000 -4.112047 
38.108000 -4.112351 
38.109000 -4.111227 
38.110000 -4.112872 
38.111000 -4.113216 
38.112000 -4.113518 
38.113000 -4.113800 
38.114000 -4.114067 
38.115000 -4.114347 
38.116000 -4.114573 
38.117000 -4.114758 
38.118000 -4.114958 
38.119000 -4.115175 
38.120000 -4.115369 
38.121000 -4.115536 
38.122000 -4.115675 
38.123000 -4.115854 
38.124000 -4.114348 
38.125000 -4.115836 
38.126000 -4.116062 
38.127000 -4.116133 
38.128000 -4.116204 
38.129000 -4.116274 
38.130000 -4.116419 
38.131000 -4.116447 
38.132000 -4.116609 
38.133000 -4.116714 
38.134000 -4.116730 
38.135000 -4.116727 
38.136000 -4.116723 
38.137000 -4.116715 
38.138000 -4.116712 
38.139000 -4.114766 
38.140000 -4.116273 
38.141000 -4.116325 
38.142000 -4.116212 
38.143000 -4.116175 
38.144000 -4.115956 
38.145000 -4.115698 
38.146000 -4.115406 
38.147000 -4.115253 
38.148000 -4.115108 
38.149000 -4.114881 
38.150000 -4.114480 
38.151000 -4.114077 
38.152000 -4.113492 
38.153000 -4.113091 
38.154000 -4.110533 
38.155000 -4.111946 
38.156000 -4.111811 
38.157000 -4.111451 
38.158000 -4.111068 
38.159000 -4.110405 
38.160000 -4.109872 
38.161000 -4.109404 
38.162000 -4.109037 
38.163000 -4.108413 
38.164000 -4.107744 
38.165000 -4.107038 
38.166000 -4.106707 
38.167000 -4.106534 
38.168000 -4.106091 
38.169000 -4.105363 
38.170000 -4.102550 
38.171000 -4.103814 
38.172000 -4.103202 
38.173000 -4.102588 
38.174000 -4.101606 
38.175000 -4.100948 
38.176000 -4.100161 
38.177000 -4.099278 
38.178000 -4.098302 
38.179000 -4.097361 
38.180000 -4.096500 
38.181000 -4.095515 
38.182000 -4.094574 
38.183000 -4.093453 
38.184000 -4.092337 
38.185000 -4.091263 
38.186000 -4.090174 
38.187000 -4.086583 
38.188000 -4.087408 
38.189000 -4.086500 
38.190000 -4.085302 
38.191000 -4.084062 
38.192000 -4.082753 
38.193000 -4.081383 
38.194000 -4.080116 
38.195000 -4.078812 
38.196000 -4.077409 
38.197000 -4.076021 
38.198000 -4.074535 
38.199000 -4.073137 
38.200000 -4.071726 
38.201000 -4.070044 
38.202000 -4.068563 
38.203000 -4.066972 
38.204000 -4.065348 
38.205000 -4.063711 
38.206000 -4.059505 
38.207000 -4.060157 
38.208000 -4.058666 
38.209000 -4.057074 
38.210000 -4.055247 
38.211000 -4.053409 
38.212000 -4.051110 
38.213000 -4.049200 
38.214000 -4.047253 
38.215000 -4.045347 
38.216000 -4.043454 
38.217000 -4.041452 
38.218000 -4.039460 
38.219000 -4.036765 
38.220000 -4.034550 
38.221000 -4.032217 
38.222000 -4.029872 
38.223000 -4.027736 
38.224000 -4.025438 
38.225000 -4.023145 
38.226000 -4.020783 
38.227000 -4.018378 
38.228000 -4.015922 
38.229000 -4.013424 
38.230000 -4.008261 
38.231000 -4.008116 
38.232000 -4.005725 
38.233000 -4.003031 
38.234000 -4.000459 
38.235000 -3.997815 
38.236000 -3.995076 
38.237000 -3.992335 
38.238000 -3.989006 
38.239000 -3.986199 
38.240000 -3.983418 
38.241000 -3.980901 
38.242000 -3.977599 
38.243000 -3.974171 
38.244000 -3.971579 
38.245000 -3.967283 
38.246000 -3.963807 
38.247000 -3.960888 
38.248000 -3.957966 
38.249000 -3.954685 
38.250000 -3.951337 
38.251000 -3.947968 
38.252000 -3.944589 
38.253000 -3.941120 
38.254000 -3.937616 
38.255000 -3.934033 
38.256000 -3.930615 
38.257000 -3.926834 
38.258000 -3.923112 
38.259000 -3.919359 
38.260000 -3.915560 
38.261000 -3.911724 
38.262000 -3.907855 
38.263000 -3.903920 
38.264000 -3.899894 
38.265000 -3.895794 
38.266000 -3.891615 
38.267000 -3.887315 
38.268000 -3.882672 
38.269000 -3.876776 
38.270000 -3.875764 
38.271000 -3.871893 
38.272000 -3.867939 
38.273000 -3.864076 
38.274000 -3.858603 
38.275000 -3.853042 
38.276000 -3.848506 
38.277000 -3.843927 
38.278000 -3.839345 
38.279000 -3.834697 
38.280000 -3.829953 
38.281000 -3.825158 
38.282000 -3.820301 
38.283000 -3.815425 
38.284000 -3.810509 
38.285000 -3.805501 
38.286000 -3.800435 
38.287000 -3.795346 
38.288000 -3.790128 
38.289000 -3.784955 
38.290000 -3.779688 
38.291000 -3.774390 
38.292000 -3.769056 
38.293000 -3.763512 
38.294000 -3.758006 
38.295000 -3.752497 
38.296000 -3.746865 
38.297000 -3.741238 
38.298000 -3.735500 
38.299000 -3.729560 
38.300000 -3.723799 
38.301000 -3.717892 
38.302000 -3.711949 
38.303000 -3.705943 
38.304000 -3.699796 
38.305000 -3.693647 
38.306000 -3.687441 
38.307000 -3.681181 
38.308000 -3.674899 
38.309000 -3.668530 
38.310000 -3.661997 
38.311000 -3.655509 
38.312000 -3.648963 
38.313000 -3.642351 
38.314000 -3.635718 
38.315000 -3.628904 
38.316000 -3.622085 
38.317000 -3.615213 
38.318000 -3.608253 
38.319000 -3.601434 
38.320000 -3.594457 
38.321000 -3.587165 
38.322000 -3.579995 
38.323000 -3.572737 
38.324000 -3.565437 
38.325000 -3.560527 
38.326000 -3.550875 
38.327000 -3.543166 
38.328000 -3.535519 
38.329000 -3.527846 
38.330000 -3.520188 
38.331000 -3.512305 
38.332000 -3.504467 
38.333000 -3.496558 
38.334000 -3.488569 
38.335000 -3.480553 
38.336000 -3.472366 
38.337000 -3.464157 
38.338000 -3.455928 
38.339000 -3.447595 
38.340000 -3.439202 
38.341000 -3.430735 
38.342000 -3.422134 
38.343000 -3.413522 
38.344000 -3.404829 
38.345000 -3.396071 
38.346000 -3.387296 
38.347000 -3.378247 
38.348000 -3.369263 
38.349000 -3.362353 
38.350000 -3.351329 
38.351000 -3.341984 
38.352000 -3.332452 
38.353000 -3.323075 
38.354000 -3.313635 
38.355000 -3.304153 
38.356000 -3.294651 
38.357000 -3.284835 
38.358000 -3.275154 
38.359000 -3.265367 
38.360000 -3.255551 
38.361000 -3.245648 
38.362000 -3.235544 
38.363000 -3.225477 
38.364000 -3.215339 
38.365000 -3.205176 
38.366000 -3.194922 
38.367000 -3.184536 
38.368000 -3.173944 
38.369000 -3.165405 
38.370000 -3.153127 
38.371000 -3.142309 
38.372000 -3.131533 
38.373000 -3.120498 
38.374000 -3.109597 
38.375000 -3.098595 
38.376000 -3.087529 
38.377000 -3.076420 
38.378000 -3.065058 
38.379000 -3.053686 
38.380000 -3.042297 
38.381000 -3.030806 
38.382000 -3.019291 
38.383000 -3.007600 
38.384000 -2.995724 
38.385000 -2.983916 
38.386000 -2.973744 
38.387000 -2.960275 
38.388000 -2.948055 
38.389000 -2.935680 
38.390000 -2.923360 
38.391000 -2.911025 
38.392000 -2.898587 
38.393000 -2.886096 
38.394000 -2.873422 
38.395000 -2.860594 
38.396000 -2.848069 
38.397000 -2.834963 
38.398000 -2.822002 
38.399000 -2.808936 
38.400000 -2.795639 
38.401000 -2.782360 
38.402000 -2.770600 
38.403000 -2.755801 
38.404000 -2.742157 
38.405000 -2.728395 
38.406000 -2.714553 
38.407000 -2.700707 
38.408000 -2.686790 
38.409000 -2.672810 
38.410000 -2.658701 
38.411000 -2.644372 
38.412000 -2.630020 
38.413000 -2.615619 
38.414000 -2.601148 
38.415000 -2.586620 
38.416000 -2.571883 
38.417000 -2.556975 
38.418000 -2.543496 
38.419000 -2.527301 
38.420000 -2.512175 
38.421000 -2.496980 
38.422000 -2.481556 
38.423000 -2.466117 
38.424000 -2.450640 
38.425000 -2.435113 
38.426000 -2.419533 
38.427000 -2.403695 
38.428000 -2.387751 
38.429000 -2.371797 
38.430000 -2.355770 
38.431000 -2.339688 
38.432000 -2.323449 
38.433000 -2.306788 
38.434000 -2.291412 
38.435000 -2.273736 
38.436000 -2.257015 
38.437000 -2.240264 
38.438000 -2.223337 
38.439000 -2.206294 
38.440000 -2.189227 
38.441000 -2.172125 
38.442000 -2.154922 
38.443000 -2.137630 
38.444000 -2.120122 
38.445000 -2.102565 
38.446000 -2.084937 
38.447000 -2.067221 
38.448000 -2.049516 
38.449000 -2.032602 
38.450000 -2.013557 
38.451000 -1.995312 
38.452000 -1.977035 
38.453000 -1.958767 
38.454000 -1.940287 
38.455000 -1.921581 
38.456000 -1.902842 
38.457000 -1.884038 
38.458000 -1.865177 
38.459000 -1.846289 
38.460000 -1.827047 
38.461000 -1.807705 
38.462000 -1.788294 
38.463000 -1.768866 
38.464000 -1.749525 
38.465000 -1.730644 
38.466000 -1.709975 
38.467000 -1.689934 
38.468000 -1.669937 
38.469000 -1.650020 
38.470000 -1.629752 
38.471000 -1.609279 
38.472000 -1.588749 
38.473000 -1.568145 
38.474000 -1.547751 
38.475000 -1.527033 
38.476000 -1.506051 
38.477000 -1.484961 
38.478000 -1.463740 
38.479000 -1.442856 
38.480000 -1.421686 
38.481000 -1.400135 
38.482000 -1.379199 
38.483000 -1.356587 
38.484000 -1.334881 
38.485000 -1.313157 
38.486000 -1.291010 
38.487000 -1.268837 
38.488000 -1.246393 
38.489000 -1.224327 
38.490000 -1.202302 
38.491000 -1.179703 
38.492000 -1.157114 
38.493000 -1.134218 
38.494000 -1.111467 
38.495000 -1.088964 
38.496000 -1.065958 
38.497000 -1.042796 
38.498000 -1.019392 
38.499000 -0.996537 
38.500000 -0.972959 
38.501000 -0.949420 
38.502000 -0.925670 
38.503000 -0.901663 
38.504000 -0.877634 
38.505000 -0.853767 
38.506000 -0.829826 
38.507000 -0.805579 
38.508000 -0.780972 
38.509000 -0.756374 
38.510000 -0.731798 
38.511000 -0.707323 
38.512000 -0.682610 
38.513000 -0.657521 
38.514000 -0.632366 
38.515000 -0.607201 
38.516000 -0.582057 
38.517000 -0.557285 
38.518000 -0.531406 
38.519000 -0.505624 
38.520000 -0.479845 
38.521000 -0.453997 
38.522000 -0.428202 
38.523000 -0.401976 
38.524000 -0.375527 
38.525000 -0.349211 
38.526000 -0.322890 
38.527000 -0.296524 
38.528000 -0.270074 
38.529000 -0.243264 
38.530000 -0.216538 
38.531000 -0.189779 
38.532000 -0.162793 
38.533000 -0.135868 
38.534000 -0.108561 
38.535000 -0.081555 
38.536000 -0.054042 
38.537000 -0.026512 
38.538000 0.001110 
38.539000 0.028937 
38.540000 0.056744 
38.541000 0.084635 
38.542000 0.112662 
38.543000 0.140902 
38.544000 0.169248 
38.545000 0.197645 
38.546000 0.226063 
38.547000 0.254643 
38.548000 0.283343 
38.549000 0.312245 
38.550000 0.340705 
38.551000 0.370004 
38.552000 0.399121 
38.553000 0.428370 
38.554000 0.457907 
38.555000 0.487557 
38.556000 0.517132 
38.557000 0.546799 
38.558000 0.576623 
38.559000 0.606658 
38.560000 0.636729 
38.561000 0.666577 
38.562000 0.696518 
38.563000 0.726724 
38.564000 0.757183 
38.565000 0.787816 
38.566000 0.818274 
38.567000 0.848690 
38.568000 0.879351 
38.569000 0.910235 
38.570000 0.941403 
38.571000 0.972517 
38.572000 1.003431 
38.573000 1.034577 
38.574000 1.065807 
38.575000 1.097387 
38.576000 1.129170 
38.577000 1.160787 
38.578000 1.192211 
38.579000 1.223860 
38.580000 1.255740 
38.581000 1.288103 
38.582000 1.320212 
38.583000 1.352287 
38.584000 1.384617 
38.585000 1.417094 
38.586000 1.449944 
38.587000 1.482764 
38.588000 1.515212 
38.589000 1.547689 
38.590000 1.580343 
38.591000 1.613379 
38.592000 1.646738 
38.593000 1.679685 
38.594000 1.712613 
38.595000 1.745581 
38.596000 1.778969 
38.597000 1.812887 
38.598000 1.846276 
38.599000 1.879664 
38.600000 1.913063 
38.601000 1.947186 
38.602000 1.981114 
38.603000 2.015110 
38.604000 2.048861 
38.605000 2.082661 
38.606000 2.116736 
38.607000 2.151163 
38.608000 2.185846 
38.609000 2.220449 
38.610000 2.254896 
38.611000 2.289441 
38.612000 2.324280 
38.613000 2.359413 
38.614000 2.394194 
38.615000 2.428631 
38.616000 2.463372 
38.617000 2.498456 
38.618000 2.533883 
38.619000 2.569084 
38.620000 2.604012 
38.621000 2.639076 
38.622000 2.674454 
38.623000 2.710146 
38.624000 2.745808 
38.625000 2.781137 
38.626000 2.816466 
38.627000 2.852696 
38.628000 2.887986 
38.629000 2.924178 
38.630000 2.959840 
38.631000 2.995473 
38.632000 3.031605 
38.633000 3.068061 
38.634000 3.104605 
38.635000 3.140826 
38.636000 3.176871 
38.637000 3.213042 
38.638000 3.249283 
38.639000 3.285935 
38.640000 3.322469 
38.641000 3.358857 
38.642000 3.395224 
38.643000 3.431592 
38.644000 3.468411 
38.645000 3.505347 
38.646000 3.542019 
38.647000 3.578543 
38.648000 3.615107 
38.649000 3.651867 
38.650000 3.689234 
38.651000 3.726317 
38.652000 3.762969 
38.653000 3.799935 
38.654000 3.837175 
38.655000 3.874983 
38.656000 3.912459 
38.657000 3.949444 
38.658000 3.987331 
38.659000 4.023767 
38.660000 4.061154 
38.661000 4.098766 
38.662000 4.136006 
38.663000 4.173060 
38.664000 4.210290 
38.665000 4.247883 
38.666000 4.285790 
38.667000 4.323147 
38.668000 4.360358 
38.669000 4.397598 
38.670000 4.435024 
38.671000 4.473166 
38.672000 4.510700 
38.673000 4.547969 
38.674000 4.585640 
38.675000 4.623302 
38.676000 4.661433 
38.677000 4.699506 
38.678000 4.736795 
38.679000 4.774369 
38.680000 4.811824 
38.681000 4.849780 
38.682000 4.887813 
38.683000 4.925387 
38.684000 4.962783 
38.685000 5.000259 
38.686000 5.038047 
38.687000 5.076081 
38.688000 5.113635 
38.689000 5.151286 
38.690000 5.188507 
38.691000 5.226129 
38.692000 5.264114 
38.693000 5.302030 
38.694000 5.339858 
38.695000 5.378490 
38.696000 5.415328 
38.697000 5.453097 
38.698000 5.490553 
38.699000 5.528204 
38.700000 5.565532 
38.701000 5.602939 
38.702000 5.640640 
38.703000 5.677958 
38.704000 5.715404 
38.705000 5.752703 
38.706000 5.790021 
38.707000 5.827437 
38.708000 5.864530 
38.709000 5.901702 
38.710000 5.939010 
38.711000 5.976329 
38.712000 6.013706 
38.713000 6.051024 
38.714000 6.088186 
38.715000 6.125289 
38.716000 6.162362 
38.717000 6.199347 
38.718000 6.236450 
38.719000 6.273024 
38.720000 6.309617 
38.721000 6.346622 
38.722000 6.383342 
38.723000 6.419994 
38.724000 6.456264 
38.725000 6.492544 
38.726000 6.529000 
38.727000 6.565534 
38.728000 6.601980 
38.729000 6.638093 
38.730000 6.674226 
38.731000 6.710545 
38.732000 6.746922 
38.733000 6.783055 
38.734000 6.818747 
38.735000 6.854193 
38.736000 6.889924 
38.737000 6.925714 
38.738000 6.961258 
38.739000 6.996470 
38.740000 7.031681 
38.741000 7.066843 
38.742000 7.102035 
38.743000 7.137217 
38.744000 7.172056 
38.745000 7.208463 
38.746000 7.242038 
38.747000 7.276759 
38.748000 7.311618 
38.749000 7.346085 
38.750000 7.380424 
38.751000 7.414685 
38.752000 7.448965 
38.753000 7.483030 
38.754000 7.516820 
38.755000 7.550532 
38.756000 7.584117 
38.757000 7.617917 
38.758000 7.651208 
38.759000 7.684557 
38.760000 7.717710 
38.761000 7.750668 
38.762000 7.783909 
38.763000 7.816534 
38.764000 7.849520 
38.765000 7.881929 
38.766000 7.914367 
38.767000 7.947226 
38.768000 7.979263 
38.769000 8.011387 
38.770000 8.043237 
38.771000 8.074744 
38.772000 8.106594 
38.773000 8.137974 
38.774000 8.169304 
38.775000 8.200380 
38.776000 8.231368 
38.777000 8.262453 
38.778000 8.293098 
38.779000 8.323664 
38.780000 8.354034 
38.781000 8.384140 
38.782000 8.414441 
38.783000 8.444253 
38.784000 8.474192 
38.785000 8.504004 
38.786000 8.533345 
38.787000 8.562715 
38.788000 8.591714 
38.789000 8.620584 
38.790000 8.649338 
38.791000 8.677718 
38.792000 8.706168 
38.793000 8.734176 
38.794000 8.762057 
38.795000 8.789860 
38.796000 8.817408 
38.797000 8.844857 
38.798000 8.871945 
38.799000 8.898855 
38.800000 8.925747 
38.801000 8.952256 
38.802000 8.978696 
38.803000 9.005058 
38.804000 9.031087 
38.805000 9.056920 
38.806000 9.082429 
38.807000 9.107831 
38.808000 9.132830 
38.809000 9.157742 
38.810000 9.182595 
38.811000 9.207154 
38.812000 9.231379 
38.813000 9.255252 
38.814000 9.279076 
38.815000 9.302762 
38.816000 9.326057 
38.817000 9.349058 
38.818000 9.371843 
38.819000 9.394471 
38.820000 9.417011 
38.821000 9.439247 
38.822000 9.461238 
38.823000 9.482896 
38.824000 9.504544 
38.825000 9.525859 
38.826000 9.546900 
38.827000 9.567480 
38.828000 9.587991 
38.829000 9.608199 
38.830000 9.628260 
38.831000 9.648203 
38.832000 9.667822 
38.833000 9.687089 
38.834000 9.706032 
38.835000 9.724897 
38.836000 9.743370 
38.837000 9.761461 
38.838000 9.779356 
38.839000 9.796947 
38.840000 9.814322 
38.841000 9.831668 
38.842000 9.848593 
38.843000 9.865106 
38.844000 9.881403 
38.845000 9.897534 
38.846000 9.913351 
38.847000 9.928943 
38.848000 9.945721 
38.849000 9.959029 
38.850000 9.973651 
38.851000 9.987900 
38.852000 10.002032 
38.853000 10.015732 
38.854000 10.029070 
38.855000 10.042212 
38.856000 10.055010 
38.857000 10.067594 
38.858000 10.079795 
38.859000 10.091819 
38.860000 10.103618 
38.861000 10.114957 
38.862000 10.126041 
38.863000 10.136703 
38.864000 10.147238 
38.865000 10.157234 
38.866000 10.167015 
38.867000 10.176511 
38.868000 10.185801 
38.869000 10.194778 
38.870000 10.203402 
38.871000 10.211663 
38.872000 10.219523 
38.873000 10.227128 
38.874000 10.234390 
38.875000 10.241250 
38.876000 10.247845 
38.877000 10.254235 
38.878000 10.260340 
38.879000 10.265936 
38.880000 10.271228 
38.881000 10.276314 
38.882000 10.281047 
38.883000 10.285448 
38.884000 10.289289 
38.885000 10.292896 
38.886000 10.296149 
38.887000 10.299226 
38.888000 10.302029 
38.889000 10.304430 
38.890000 10.306547 
38.891000 10.308164 
38.892000 10.309565 
38.893000 10.310692 
38.894000 10.311271 
38.895000 10.311741 
38.896000 10.311761 
38.897000 10.311447 
38.898000 10.310957 
38.899000 10.310281 
38.900000 10.309105 
38.901000 10.307527 
38.902000 10.305773 
38.903000 10.303852 
38.904000 10.301137 
38.905000 10.298501 
38.906000 10.294954 
38.907000 10.291965 
38.908000 10.288054 
38.909000 10.283958 
38.910000 10.279646 
38.911000 10.275069 
38.912000 10.269905 
38.913000 10.264730 
38.914000 10.259321 
38.915000 10.253215 
38.916000 10.246787 
38.917000 10.239799 
38.918000 10.233174 
38.919000 10.226089 
38.920000 10.218298 
38.921000 10.210448 
38.922000 10.202050 
38.923000 10.193788 
38.924000 10.184753 
38.925000 10.175982 
38.926000 10.166270 
38.927000 10.156244 
38.928000 10.146023 
38.929000 10.135576 
38.930000 10.124845 
38.931000 10.113693 
38.932000 10.102354 
38.933000 10.090869 
38.934000 10.078746 
38.935000 10.066329 
38.936000 10.053540 
38.937000 10.040330 
38.938000 10.027482 
38.939000 10.013645 
38.940000 9.999719 
38.941000 9.985764 
38.942000 9.971122 
38.943000 9.954629 
38.944000 9.940919 
38.945000 9.925454 
38.946000 9.909235 
38.947000 9.893546 
38.948000 9.877562 
38.949000 9.861186 
38.950000 9.844065 
38.951000 9.826612 
38.952000 9.809001 
38.953000 9.791312 
38.954000 9.773300 
38.955000 9.754974 
38.956000 9.736187 
38.957000 9.717528 
38.958000 9.698771 
38.959000 9.679857 
38.960000 9.660609 
38.961000 9.640676 
38.962000 9.619841 
38.963000 9.599536 
38.964000 9.578750 
38.965000 9.558111 
38.966000 9.536826 
38.967000 9.514825 
38.968000 9.492471 
38.969000 9.470911 
38.970000 9.449135 
38.971000 9.426605 
38.972000 9.403369 
38.973000 9.379928 
38.974000 9.356349 
38.975000 9.333358 
38.976000 9.309622 
38.977000 9.285397 
38.978000 9.261103 
38.979000 9.236730 
38.980000 9.212416 
38.981000 9.187681 
38.982000 9.162613 
38.983000 9.136897 
38.984000 9.111280 
38.985000 9.085124 
38.986000 9.059076 
38.987000 9.033076 
38.988000 9.006753 
38.989000 8.980019 
38.990000 8.953098 
38.991000 8.926442 
38.992000 8.899296 
38.993000 8.871445 
38.994000 8.843338 
38.995000 8.815271 
38.996000 8.786900 
38.997000 8.758284 
38.998000 8.729952 
38.999000 8.701199 
39.000000 8.672309 
39.001000 8.643428 
39.002000 8.614401 
39.003000 8.584736 
39.004000 8.555091 
39.005000 8.524829 
39.006000 8.494478 
39.007000 8.464314 
39.008000 8.433934 
39.009000 8.403554 
39.010000 8.373193 
39.011000 8.341872 
39.012000 8.310561 
39.013000 8.279858 
39.014000 8.247881 
39.015000 8.215776 
39.016000 8.183622 
39.017000 8.151762 
39.018000 8.119657 
39.019000 8.087680 
39.020000 8.055350 
39.021000 8.022245 
39.022000 7.989670 
39.023000 7.956860 
39.024000 7.923844 
39.025000 7.890612 
39.026000 7.857439 
39.027000 7.824187 
39.028000 7.790799 
39.029000 7.757312 
39.030000 7.723581 
39.031000 7.689771 
39.032000 7.655529 
39.033000 7.621631 
39.034000 7.587772 
39.035000 7.553786 
39.036000 7.518849 
39.037000 7.484078 
39.038000 7.449925 
39.039000 7.415361 
39.040000 7.380551 
39.041000 7.344977 
39.042000 7.309972 
39.043000 7.275005 
39.044000 7.239774 
39.045000 7.204788 
39.046000 7.168744 
39.047000 7.132935 
39.048000 7.097547 
39.049000 7.061267 
39.050000 7.025752 
39.051000 6.989943 
39.052000 6.953869 
39.053000 6.917658 
39.054000 6.881604 
39.055000 6.844971 
39.056000 6.808525 
39.057000 6.771893 
39.058000 6.735270 
39.059000 6.699353 
39.060000 6.662780 
39.061000 6.626128 
39.062000 6.588946 
39.063000 6.551853 
39.064000 6.514907 
39.065000 6.477648 
39.066000 6.441172 
39.067000 6.404579 
39.068000 6.367515 
39.069000 6.330520 
39.070000 6.293212 
39.071000 6.255746 
39.072000 6.217987 
39.073000 6.180375 
39.074000 6.143027 
39.075000 6.105973 
39.076000 6.068772 
39.077000 6.031179 
39.078000 5.993577 
39.079000 5.955700 
39.080000 5.917421 
39.081000 5.879760 
39.082000 5.842618 
39.083000 5.804839 
39.084000 5.767510 
39.085000 5.729800 
39.086000 5.691884 
39.087000 5.653291 
39.088000 5.615140 
39.089000 5.577126 
39.090000 5.539523 
39.091000 5.502205 
39.092000 5.464151 
39.093000 5.426157 
39.094000 5.387711 
39.095000 5.349344 
39.096000 5.311173 
39.097000 5.273492 
39.098000 5.236135 
39.099000 5.198513 
39.100000 5.160391 
39.101000 5.122171 
39.102000 5.083441 
39.103000 5.045907 
39.104000 5.008393 
39.105000 4.970721 
39.106000 4.933207 
39.107000 4.895585 
39.108000 4.857326 
39.109000 4.818655 
39.110000 4.780572 
39.111000 4.743499 
39.112000 4.706660 
39.113000 4.669558 
39.114000 4.632278 
39.115000 4.594058 
39.116000 4.556534 
39.117000 4.518608 
39.118000 4.481251 
39.119000 4.444697 
39.120000 4.407858 
39.121000 4.371059 
39.122000 4.332741 
39.123000 4.296148 
39.124000 4.258614 
39.125000 4.221423 
39.126000 4.184536 
39.127000 4.148403 
39.128000 4.112192 
39.129000 4.075609 
39.130000 4.038908 
39.131000 4.001962 
39.132000 3.964987 
39.133000 3.928638 
39.134000 3.892663 
39.135000 3.856932 
39.136000 3.821191 
39.137000 3.785284 
39.138000 3.749191 
39.139000 3.712950 
39.140000 3.676984 
39.141000 3.641704 
39.142000 3.606414 
39.143000 3.571174 
39.144000 3.535609 
39.145000 3.500457 
39.146000 3.465343 
39.147000 3.430142 
39.148000 3.395077 
39.149000 3.360523 
39.150000 3.326654 
39.151000 3.292207 
39.152000 3.257446 
39.153000 3.223146 
39.154000 3.188856 
39.155000 3.154674 
39.156000 3.120374 
39.157000 3.086789 
39.158000 3.053400 
39.159000 3.019551 
39.160000 2.985986 
39.161000 2.952255 
39.162000 2.918817 
39.163000 2.885899 
39.164000 2.853333 
39.165000 2.820621 
39.166000 2.788075 
39.167000 2.755353 
39.168000 2.722611 
39.169000 2.689536 
39.170000 2.656657 
39.171000 2.624307 
39.172000 2.592565 
39.173000 2.560500 
39.174000 2.528483 
39.175000 2.496388 
39.176000 2.464097 
39.177000 2.432129 
39.178000 2.400573 
39.179000 2.368831 
39.180000 2.336481 
39.181000 2.305121 
39.182000 2.273017 
39.183000 2.241568 
39.184000 2.209895 
39.185000 2.178153 
39.186000 2.146851 
39.187000 2.114786 
39.188000 2.081828 
39.189000 2.049322 
39.190000 2.016492 
39.191000 1.984946 
39.192000 1.953478 
39.193000 1.921442 
39.194000 1.890385 
39.195000 1.858555 
39.196000 1.824441 
39.197000 1.791082 
39.198000 1.757880 
39.199000 1.723609 
39.200000 1.688917 
39.201000 1.654176 
39.202000 1.619905 
39.203000 1.587017 
39.204000 1.551560 
39.205000 1.518338 
39.206000 1.483470 
39.207000 1.446641 
39.208000 1.409264 
39.209000 1.372220 
39.210000 1.334059 
39.211000 1.295014 
39.212000 1.254969 
39.213000 1.217556 
39.214000 1.182346 
39.215000 1.141715 
39.216000 1.099712 
39.217000 1.057589 
39.218000 1.015619 
39.219000 0.973723 
39.220000 0.930044 
39.221000 0.887177 
39.222000 0.841330 
39.223000 0.798368 
39.224000 0.750310 
39.225000 0.701267 
39.226000 0.654681 
39.227000 0.606018 
39.228000 0.557737 
39.229000 0.506914 
39.230000 0.455752 
39.231000 0.403821 
39.232000 0.352677 
39.233000 0.299273 
39.234000 0.244189 
39.235000 0.185186 
39.236000 0.124614 
39.237000 0.064353 
39.238000 0.005631 
39.239000 -0.054069 
39.240000 -0.114330 
39.241000 -0.171400 
39.242000 -0.230161 
39.243000 -0.295978 
39.244000 -0.367843 
39.245000 -0.436885 
39.246000 -0.509727 
39.247000 -0.581633 
39.248000 -0.651485 
39.249000 -0.718396 
39.250000 -0.784913 
39.251000 -0.856080 
39.252000 -0.934102 
39.253000 -1.014558 
39.254000 -1.095239 
39.255000 -1.176462 
39.256000 -1.256929 
39.257000 -1.332464 
39.258000 -1.414619 
39.259000 -1.497449 
39.260000 -1.581888 
39.261000 -1.674552 
39.262000 -1.766823 
39.263000 -1.861386 
39.264000 -1.948811 
39.265000 -2.031669 
39.266000 -2.120146 
39.267000 -2.211656 
39.268000 -2.306398 
39.269000 -2.403585 
39.270000 -2.510831 
39.271000 -2.616504 
39.272000 -2.721419 
39.273000 -2.812243 
39.274000 -2.903257 
39.275000 -3.003877 
39.276000 -3.106402 
39.277000 -3.209376 
39.278000 -3.320559 
39.279000 -3.432564 
39.280000 -3.549581 
39.281000 -3.655300 
39.282000 -3.749426 
39.283000 -3.846591 
39.284000 -3.953463 
39.285000 -4.068430 
39.286000 -4.181693 
39.287000 -4.300219 
39.288000 -4.423584 
39.289000 -4.546798 
39.290000 -4.669972 
39.291000 -4.765425 
39.292000 -4.868336 
39.293000 -4.978408 
39.294000 -5.099811 
39.295000 -5.221873 
39.296000 -5.350273 
39.297000 -5.480402 
39.298000 -5.612391 
39.299000 -5.751729 
39.300000 -5.881637 
39.301000 -5.980600 
39.302000 -6.088357 
39.303000 -6.197234 
39.304000 -6.323131 
39.305000 -6.450724 
39.306000 -6.576088 
39.307000 -6.702322 
39.308000 -6.822411 
39.309000 -6.960830 
39.310000 -7.055993 
39.311000 -7.149420 
39.312000 -7.239387 
39.313000 -7.300769 
39.314000 -7.372775 
39.315000 -7.457820 
39.316000 -7.544207 
39.317000 -7.622832 
39.318000 -7.698079 
39.319000 -7.831013 
39.320000 -7.902980 
39.321000 -7.923540 
39.322000 -7.955917 
39.323000 -7.985847 
39.324000 -8.016173 
39.325000 -8.049404 
39.326000 -8.085535 
39.327000 -8.120833 
39.328000 -8.159725 
39.329000 -8.195073 
39.330000 -8.243861 
39.331000 -8.282322 
39.332000 -8.309107 
39.333000 -8.334574 
39.334000 -8.360652 
39.335000 -8.380606 
39.336000 -8.398276 
39.337000 -8.413812 
39.338000 -8.427549 
39.339000 -8.438258 
39.340000 -8.447093 
39.341000 -8.456299 
39.342000 -8.460551 
39.343000 -8.464578 
39.344000 -8.466520 
39.345000 -8.466193 
39.346000 -8.465035 
39.347000 -8.465414 
39.348000 -8.466216 
39.349000 -8.466054 
39.350000 -8.464796 
39.351000 -8.465016 
39.352000 -8.464442 
39.353000 -8.464280 
39.354000 -8.464561 
39.355000 -8.465267 
39.356000 -8.464414 
39.357000 -8.464445 
39.358000 -8.465515 
39.359000 -8.465832 
39.360000 -8.465928 
39.361000 -8.466076 
39.362000 -8.465512 
39.363000 -8.466025 
39.364000 -8.466626 
39.365000 -8.466393 
39.366000 -8.465721 
39.367000 -8.465614 
39.368000 -8.466603 
39.369000 -8.467194 
39.370000 -8.467173 
39.371000 -8.467106 
39.372000 -8.467546 
39.373000 -8.467254 
39.374000 -8.467531 
39.375000 -8.467512 
39.376000 -8.468345 
39.377000 -8.468469 
39.378000 -8.467834 
39.379000 -8.467854 
39.380000 -8.467902 
39.381000 -8.468790 
39.382000 -8.468577 
39.383000 -8.468660 
39.384000 -8.468534 
39.385000 -8.468979 
39.386000 -8.469145 
39.387000 -8.468695 
39.388000 -8.468353 
39.389000 -8.468747 
39.390000 -8.468636 
39.391000 -8.468381 
39.392000 -8.468654 
39.393000 -8.468958 
39.394000 -8.468749 
39.395000 -8.468492 
39.396000 -8.468348 
39.397000 -8.468158 
39.398000 -8.468339 
39.399000 -8.468484 
39.400000 -8.468567 
39.401000 -8.468873 
39.402000 -8.468896 
39.403000 -8.468665 
39.404000 -8.468543 
39.405000 -8.468913 
39.406000 -8.468784 
39.407000 -8.468784 
39.408000 -8.468688 
39.409000 -8.469058 
39.410000 -8.469087 
39.411000 -8.469106 
39.412000 -8.469115 
39.413000 -8.469143 
39.414000 -8.469108 
39.415000 -8.469011 
39.416000 -8.469023 
39.417000 -8.469040 
39.418000 -8.469596 
39.419000 -8.469445 
39.420000 -8.469481 
39.421000 -8.469302 
39.422000 -8.469209 
39.423000 -8.469444 
39.424000 -8.469301 
39.425000 -8.469236 
39.426000 -8.469112 
39.427000 -8.469232 
39.428000 -8.469123 
39.429000 -8.469072 
39.430000 -8.469402 
39.431000 -8.469442 
39.432000 -8.469565 
39.433000 -8.469346 
39.434000 -8.469179 
39.435000 -8.468966 
39.436000 -8.469023 
39.437000 -8.469069 
39.438000 -8.469018 
39.439000 -8.469115 
39.440000 -8.469279 
39.441000 -8.469566 
39.442000 -8.469487 
39.443000 -8.469532 
39.444000 -8.469388 
39.445000 -8.469356 
39.446000 -8.469452 
39.447000 -8.469567 
39.448000 -8.469692 
39.449000 -8.469718 
39.450000 -8.469727 
39.451000 -8.469711 
39.452000 -8.469854 
39.453000 -8.470042 
39.454000 -8.469999 
39.455000 -8.470434 
39.456000 -8.470033 
39.457000 -8.469989 
39.458000 -8.470022 
39.459000 -8.469968 
39.460000 -8.469981 
39.461000 -8.470025 
39.462000 -8.470009 
39.463000 -8.470051 
39.464000 -8.470016 
39.465000 -8.469930 
39.466000 -8.470192 
39.467000 -8.470192 
39.468000 -8.470297 
39.469000 -8.470108 
39.470000 -8.470009 
39.471000 -8.469942 
39.472000 -8.469976 
39.473000 -8.470034 
39.474000 -8.469962 
39.475000 -8.470020 
39.476000 -8.470018 
39.477000 -8.470022 
39.478000 -8.470003 
39.479000 -8.469959 
39.480000 -8.469904 
39.481000 -8.469873 
39.482000 -8.469955 
39.483000 -8.470090 
39.484000 -8.470161 
39.485000 -8.470310 
39.486000 -8.470277 
39.487000 -8.470211 
39.488000 -8.470321 
39.489000 -8.470332 
39.490000 -8.470395 
39.491000 -8.470360 
39.492000 -8.470428 
39.493000 -8.470290 
39.494000 -8.470441 
39.495000 -8.470904 
39.496000 -8.470578 
39.497000 -8.470609 
39.498000 -8.470666 
39.499000 -8.470717 
39.500000 -8.470939 
39.501000 -8.471046 
39.502000 -8.471082 
39.503000 -8.471123 
39.504000 -8.470994 
39.505000 -8.470906 
39.506000 -8.470937 
39.507000 -8.471075 
39.508000 -8.471215 
39.509000 -8.471372 
39.510000 -8.471488 
39.511000 -8.471596 
39.512000 -8.471656 
39.513000 -8.471766 
39.514000 -8.471714 
39.515000 -8.472150 
39.516000 -8.471392 
39.517000 -8.471309 
39.518000 -8.471374 
39.519000 -8.471468 
39.520000 -8.471572 
39.521000 -8.471746 
39.522000 -8.471926 
39.523000 -8.472114 
39.524000 -8.472299 
39.525000 -8.472473 
39.526000 -8.472603 
39.527000 -8.472850 
39.528000 -8.473332 
39.529000 -8.473623 
39.530000 -8.473778 
39.531000 -8.473865 
39.532000 -8.473815 
39.533000 -8.473681 
39.534000 -8.473720 
39.535000 -8.473780 
39.536000 -8.473904 
39.537000 -8.473985 
39.538000 -8.474053 
39.539000 -8.474112 
39.540000 -8.474259 
39.541000 -8.474124 
39.542000 -8.474397 
39.543000 -8.473763 
39.544000 -8.473566 
39.545000 -8.473384 
39.546000 -8.473209 
39.547000 -8.473154 
39.548000 -8.472981 
39.549000 -8.472489 
39.550000 -8.472086 
39.551000 -8.472186 
39.552000 -8.472020 
39.553000 -8.472665 
39.554000 -8.474943 
39.555000 -8.475527 
39.556000 -8.476992 
39.557000 -8.475939 
39.558000 -8.475105 
39.559000 -8.473858 
39.560000 -8.472029 
39.561000 -8.469858 
39.562000 -8.467276 
39.563000 -8.464457 
39.564000 -8.461172 
39.565000 -8.457258 
39.566000 -8.452952 
39.567000 -8.448237 
39.568000 -8.442883 
39.569000 -8.436581 
39.570000 -8.430016 
39.571000 -8.422876 
39.572000 -8.415157 
39.573000 -8.407170 
39.574000 -8.398423 
39.575000 -8.388922 
39.576000 -8.379105 
39.577000 -8.368751 
39.578000 -8.357916 
39.579000 -8.346410 
39.580000 -8.333259 
39.581000 -8.317223 
39.582000 -8.291767 
39.583000 -8.268055 
39.584000 -8.244408 
39.585000 -8.219189 
39.586000 -8.191043 
39.587000 -8.157888 
39.588000 -8.122041 
39.589000 -8.085107 
39.590000 -8.047894 
39.591000 -8.010506 
39.592000 -7.972924 
39.593000 -7.935363 
39.594000 -7.898798 
39.595000 -7.862999 
39.596000 -7.827809 
39.597000 -7.793623 
39.598000 -7.759974 
39.599000 -7.726975 
39.600000 -7.694337 
39.601000 -7.662036 
39.602000 -7.623991 
39.603000 -7.576253 
39.604000 -7.530125 
39.605000 -7.485411 
39.606000 -7.434411 
39.607000 -7.379999 
39.608000 -7.335735 
39.609000 -7.292537 
39.610000 -7.250829 
39.611000 -7.211101 
39.612000 -7.173595 
39.613000 -7.138457 
39.614000 -7.105770 
39.615000 -7.075806 
39.616000 -7.046386 
39.617000 -7.018865 
39.618000 -6.993034 
39.619000 -6.968278 
39.620000 -6.938246 
39.621000 -6.903086 
39.622000 -6.869586 
39.623000 -6.837424 
39.624000 -6.802096 
39.625000 -6.766421 
39.626000 -6.735762 
39.627000 -6.710079 
39.628000 -6.688138 
39.629000 -6.668481 
39.630000 -6.650753 
39.631000 -6.634677 
39.632000 -6.620091 
39.633000 -6.606556 
39.634000 -6.593463 
39.635000 -6.581541 
39.636000 -6.566557 
39.637000 -6.551449 
39.638000 -6.537607 
39.639000 -6.521955 
39.640000 -6.507656 
39.641000 -6.494094 
39.642000 -6.480196 
39.643000 -6.468333 
39.644000 -6.458141 
39.645000 -6.447970 
39.646000 -6.437525 
39.647000 -6.427225 
39.648000 -6.416768 
39.649000 -6.405845 
39.650000 -6.394737 
39.651000 -6.383387 
39.652000 -6.371571 
39.653000 -6.359250 
39.654000 -6.346814 
39.655000 -6.333829 
39.656000 -6.320986 
39.657000 -6.307335 
39.658000 -6.294039 
39.659000 -6.281222 
39.660000 -6.267947 
39.661000 -6.254779 
39.662000 -6.241473 
39.663000 -6.227855 
39.664000 -6.213966 
39.665000 -6.199855 
39.666000 -6.185826 
39.667000 -6.171267 
39.668000 -6.156519 
39.669000 -6.141516 
39.670000 -6.126307 
39.671000 -6.110760 
39.672000 -6.095089 
39.673000 -6.079384 
39.674000 -6.063444 
39.675000 -6.047294 
39.676000 -6.030999 
39.677000 -6.014814 
39.678000 -5.998214 
39.679000 -5.981069 
39.680000 -5.963959 
39.681000 -5.946550 
39.682000 -5.929423 
39.683000 -5.911160 
39.684000 -5.894239 
39.685000 -5.876826 
39.686000 -5.859208 
39.687000 -5.841357 
39.688000 -5.823438 
39.689000 -5.805063 
39.690000 -5.786821 
39.691000 -5.768789 
39.692000 -5.750575 
39.693000 -5.732505 
39.694000 -5.714515 
39.695000 -5.696010 
39.696000 -5.677283 
39.697000 -5.658636 
39.698000 -5.639784 
39.699000 -5.620977 
39.700000 -5.602373 
39.701000 -5.583452 
39.702000 -5.564468 
39.703000 -5.545567 
39.704000 -5.526520 
39.705000 -5.507478 
39.706000 -5.488372 
39.707000 -5.469580 
39.708000 -5.451214 
39.709000 -5.432730 
39.710000 -5.414344 
39.711000 -5.396902 
39.712000 -5.378803 
39.713000 -5.354831 
39.714000 -5.335430 
39.715000 -5.315832 
39.716000 -5.296043 
39.717000 -5.276021 
39.718000 -5.255541 
39.719000 -5.235375 
39.720000 -5.215319 
39.721000 -5.197467 
39.722000 -5.179085 
39.723000 -5.158049 
39.724000 -5.138833 
39.725000 -5.119986 
39.726000 -5.101270 
39.727000 -5.083030 
39.728000 -5.065935 
39.729000 -5.045917 
39.730000 -5.027353 
39.731000 -5.009122 
39.732000 -4.991023 
39.733000 -4.975326 
39.734000 -4.958434 
39.735000 -4.940012 
39.736000 -4.922701 
39.737000 -4.905707 
39.738000 -4.889769 
39.739000 -4.871523 
39.740000 -4.854769 
39.741000 -4.837952 
39.742000 -4.821941 
39.743000 -4.804587 
39.744000 -4.788140 
39.745000 -4.771385 
39.746000 -4.756186 
39.747000 -4.740309 
39.748000 -4.724535 
39.749000 -4.708657 
39.750000 -4.693054 
39.751000 -4.677838 
39.752000 -4.662043 
39.753000 -4.646794 
39.754000 -4.631251 
39.755000 -4.614861 
39.756000 -4.599824 
39.757000 -4.584794 
39.758000 -4.569936 
39.759000 -4.555170 
39.760000 -4.539951 
39.761000 -4.525207 
39.762000 -4.510394 
39.763000 -4.495801 
39.764000 -4.481326 
39.765000 -4.466810 
39.766000 -4.452371 
39.767000 -4.437927 
39.768000 -4.423372 
39.769000 -4.409282 
39.770000 -4.394895 
39.771000 -4.380997 
39.772000 -4.366585 
39.773000 -4.352385 
39.774000 -4.337881 
39.775000 -4.323369 
39.776000 -4.308982 
39.777000 -4.294485 
39.778000 -4.279906 
39.779000 -4.265518 
39.780000 -4.251003 
39.781000 -4.235472 
39.782000 -4.221494 
39.783000 -4.207038 
39.784000 -4.192694 
39.785000 -4.177220 
39.786000 -4.162427 
39.787000 -4.147709 
39.788000 -4.132965 
39.789000 -4.118178 
39.790000 -4.103198 
39.791000 -4.088137 
39.792000 -4.073230 
39.793000 -4.058180 
39.794000 -4.042675 
39.795000 -4.027581 
39.796000 -4.010959 
39.797000 -3.995370 
39.798000 -3.980089 
39.799000 -3.964558 
39.800000 -3.948975 
39.801000 -3.933560 
39.802000 -3.917392 
39.803000 -3.899773 
39.804000 -3.883737 
39.805000 -3.867414 
39.806000 -3.851018 
39.807000 -3.834683 
39.808000 -3.818127 
39.809000 -3.800867 
39.810000 -3.784917 
39.811000 -3.767717 
39.812000 -3.750802 
39.813000 -3.733853 
39.814000 -3.717062 
39.815000 -3.700180 
39.816000 -3.683312 
39.817000 -3.666435 
39.818000 -3.649423 
39.819000 -3.632305 
39.820000 -3.614982 
39.821000 -3.597925 
39.822000 -3.580994 
39.823000 -3.564158 
39.824000 -3.547093 
39.825000 -3.530133 
39.826000 -3.513249 
39.827000 -3.496468 
39.828000 -3.479331 
39.829000 -3.462257 
39.830000 -3.445401 
39.831000 -3.428052 
39.832000 -3.410507 
39.833000 -3.393379 
39.834000 -3.375488 
39.835000 -3.358378 
39.836000 -3.340991 
39.837000 -3.323696 
39.838000 -3.306299 
39.839000 -3.288918 
39.840000 -3.271724 
39.841000 -3.254238 
39.842000 -3.237044 
39.843000 -3.220042 
39.844000 -3.203214 
39.845000 -3.186222 
39.846000 -3.169387 
39.847000 -3.152897 
39.848000 -3.136501 
39.849000 -3.120221 
39.850000 -3.104509 
39.851000 -3.088575 
39.852000 -3.072821 
39.853000 -3.057083 
39.854000 -3.040991 
39.855000 -3.025324 
39.856000 -3.009698 
39.857000 -2.993145 
39.858000 -2.978024 
39.859000 -2.962640 
39.860000 -2.947857 
39.861000 -2.932260 
39.862000 -2.916510 
39.863000 -2.900824 
39.864000 -2.885462 
39.865000 -2.870093 
39.866000 -2.854794 
39.867000 -2.839559 
39.868000 -2.824342 
39.869000 -2.809129 
39.870000 -2.793320 
39.871000 -2.777908 
39.872000 -2.762489 
39.873000 -2.747308 
39.874000 -2.731917 
39.875000 -2.716930 
39.876000 -2.701900 
39.877000 -2.687070 
39.878000 -2.671653 
39.879000 -2.656907 
39.880000 -2.642146 
39.881000 -2.627308 
39.882000 -2.612521 
39.883000 -2.598027 
39.884000 -2.583519 
39.885000 -2.568884 
39.886000 -2.554417 
39.887000 -2.540056 
39.888000 -2.525937 
39.889000 -2.511960 
39.890000 -2.497749 
39.891000 -2.483815 
39.892000 -2.469940 
39.893000 -2.455945 
39.894000 -2.442047 
39.895000 -2.428420 
39.896000 -2.414910 
39.897000 -2.401323 
39.898000 -2.388056 
39.899000 -2.374057 
39.900000 -2.360890 
39.901000 -2.347478 
39.902000 -2.333859 
39.903000 -2.320575 
39.904000 -2.307384 
39.905000 -2.294031 
39.906000 -2.280825 
39.907000 -2.267743 
39.908000 -2.254607 
39.909000 -2.241522 
39.910000 -2.228905 
39.911000 -2.215949 
39.912000 -2.203057 
39.913000 -2.190239 
39.914000 -2.177441 
39.915000 -2.164756 
39.916000 -2.151713 
39.917000 -2.139532 
39.918000 -2.127178 
39.919000 -2.114764 
39.920000 -2.102091 
39.921000 -2.090037 
39.922000 -2.077709 
39.923000 -2.065472 
39.924000 -2.053217 
39.925000 -2.041152 
39.926000 -2.028705 
39.927000 -2.016398 
39.928000 -2.004222 
39.929000 -1.992181 
39.930000 -1.980368 
39.931000 -1.968365 
39.932000 -1.956821 
39.933000 -1.945078 
39.934000 -1.933305 
39.935000 -1.921374 
39.936000 -1.909793 
39.937000 -1.898340 
39.938000 -1.886595 
39.939000 -1.875054 
39.940000 -1.863264 
39.941000 -1.852014 
39.942000 -1.840593 
39.943000 -1.829303 
39.944000 -1.817948 
39.945000 -1.806483 
39.946000 -1.795577 
39.947000 -1.784690 
39.948000 -1.773594 
39.949000 -1.762661 
39.950000 -1.751533 
39.951000 -1.740663 
39.952000 -1.729815 
39.953000 -1.719010 
39.954000 -1.708232 
39.955000 -1.697781 
39.956000 -1.687062 
39.957000 -1.676276 
39.958000 -1.665748 
39.959000 -1.655315 
39.960000 -1.644891 
39.961000 -1.634183 
39.962000 -1.623930 
39.963000 -1.613958 
39.964000 -1.603428 
39.965000 -1.593025 
39.966000 -1.583167 
39.967000 -1.573038 
39.968000 -1.563114 
39.969000 -1.552991 
39.970000 -1.543001 
39.971000 -1.533139 
39.972000 -1.523364 
39.973000 -1.513585 
39.974000 -1.503853 
39.975000 -1.493925 
39.976000 -1.484311 
39.977000 -1.474700 
39.978000 -1.465105 
39.979000 -1.455273 
39.980000 -1.445779 
39.981000 -1.436587 
39.982000 -1.427052 
39.983000 -1.417544 
39.984000 -1.408282 
39.985000 -1.399057 
39.986000 -1.389750 
39.987000 -1.380509 
39.988000 -1.371446 
39.989000 -1.362588 
39.990000 -1.353788 
39.991000 -1.344725 
39.992000 -1.335843 
39.993000 -1.326958 
39.994000 -1.318535 
39.995000 -1.309320 
39.996000 -1.301099 
39.997000 -1.292644 
39.998000 -1.283986 
39.999000 -1.275369 
40.000000 -1.267034 
40.001000 -1.258564 
40.002000 -1.250061 
40.003000 -1.241823 
40.004000 -1.233445 
40.005000 -1.225299 
40.006000 -1.217034 
40.007000 -1.208853 
40.008000 -1.201078 
40.009000 -1.193034 
40.010000 -1.185020 
40.011000 -1.177037 
40.012000 -1.169155 
40.013000 -1.161622 
40.014000 -1.153853 
40.015000 -1.145827 
40.016000 -1.138059 
40.017000 -1.130325 
40.018000 -1.122770 
40.019000 -1.115349 
40.020000 -1.107789 
40.021000 -1.100534 
40.022000 -1.093352 
40.023000 -1.086151 
40.024000 -1.078990 
40.025000 -1.071950 
40.026000 -1.064600 
40.027000 -1.057471 
40.028000 -1.050407 
40.029000 -1.043454 
40.030000 -1.036461 
40.031000 -1.029600 
40.032000 -1.022714 
40.033000 -1.015901 
40.034000 -1.009663 
40.035000 -1.003087 
40.036000 -0.996560 
40.037000 -0.989894 
40.038000 -0.983477 
40.039000 -0.976816 
40.040000 -0.970728 
40.041000 -0.964482 
40.042000 -0.958382 
40.043000 -0.951921 
40.044000 -0.945333 
40.045000 -0.938853 
40.046000 -0.932778 
40.047000 -0.926709 
40.048000 -0.920717 
40.049000 -0.915595 
40.050000 -0.909482 
40.051000 -0.903709 
40.052000 -0.898019 
40.053000 -0.892170 
40.054000 -0.886471 
40.055000 -0.880613 
40.056000 -0.874889 
40.057000 -0.869245 
40.058000 -0.863735 
40.059000 -0.858256 
40.060000 -0.853161 
40.061000 -0.847875 
40.062000 -0.842662 
40.063000 -0.837491 
40.064000 -0.832338 
40.065000 -0.827154 
40.066000 -0.822002 
40.067000 -0.816928 
40.068000 -0.811911 
40.069000 -0.807158 
40.070000 -0.802345 
40.071000 -0.797498 
40.072000 -0.792756 
40.073000 -0.788815 
40.074000 -0.783601 
40.075000 -0.778903 
40.076000 -0.774208 
40.077000 -0.769635 
40.078000 -0.765273 
40.079000 -0.760890 
40.080000 -0.756184 
40.081000 -0.751824 
40.082000 -0.747463 
40.083000 -0.743187 
40.084000 -0.739015 
40.085000 -0.734804 
40.086000 -0.730799 
40.087000 -0.726618 
40.088000 -0.722529 
40.089000 -0.718337 
40.090000 -0.714164 
40.091000 -0.710333 
40.092000 -0.706456 
40.093000 -0.702722 
40.094000 -0.698960 
40.095000 -0.694977 
40.096000 -0.691189 
40.097000 -0.687511 
40.098000 -0.683888 
40.099000 -0.680474 
40.100000 -0.677637 
40.101000 -0.673467 
40.102000 -0.669940 
40.103000 -0.666332 
40.104000 -0.662859 
40.105000 -0.659287 
40.106000 -0.655843 
40.107000 -0.652638 
40.108000 -0.649250 
40.109000 -0.646012 
40.110000 -0.642571 
40.111000 -0.639803 
40.112000 -0.636924 
40.113000 -0.633990 
40.114000 -0.630868 
40.115000 -0.627899 
40.116000 -0.624835 
40.117000 -0.622051 
40.118000 -0.618976 
40.119000 -0.616369 
40.120000 -0.613404 
40.121000 -0.610477 
40.122000 -0.607993 
40.123000 -0.605409 
40.124000 -0.602688 
40.125000 -0.599593 
40.126000 -0.597312 
40.127000 -0.594772 
40.128000 -0.592182 
40.129000 -0.590009 
40.130000 -0.588541 
40.131000 -0.585663 
40.132000 -0.582911 
40.133000 -0.580231 
40.134000 -0.577759 
40.135000 -0.575413 
40.136000 -0.573406 
40.137000 -0.571130 
40.138000 -0.568695 
40.139000 -0.566227 
40.140000 -0.564320 
40.141000 -0.562345 
40.142000 -0.560360 
40.143000 -0.558770 
40.144000 -0.557122 
40.145000 -0.555269 
40.146000 -0.553360 
40.147000 -0.550949 
40.148000 -0.549231 
40.149000 -0.547237 
40.150000 -0.545561 
40.151000 -0.543845 
40.152000 -0.542189 
40.153000 -0.540384 
40.154000 -0.538827 
40.155000 -0.537074 
40.156000 -0.535544 
40.157000 -0.533944 
40.158000 -0.532211 
40.159000 -0.530867 
40.160000 -0.529449 
40.161000 -0.527393 
40.162000 -0.525838 
40.163000 -0.525162 
40.164000 -0.523066 
40.165000 -0.521445 
40.166000 -0.519752 
40.167000 -0.518357 
40.168000 -0.516947 
40.169000 -0.515962 
40.170000 -0.514758 
40.171000 -0.513833 
40.172000 -0.512496 
40.173000 -0.511241 
40.174000 -0.509953 
40.175000 -0.508873 
40.176000 -0.507796 
40.177000 -0.506695 
40.178000 -0.505604 
40.179000 -0.504639 
40.180000 -0.503436 
40.181000 -0.502271 
40.182000 -0.500965 
40.183000 -0.499875 
40.184000 -0.498988 
40.185000 -0.498210 
40.186000 -0.497602 
40.187000 -0.496822 
40.188000 -0.495988 
40.189000 -0.495313 
40.190000 -0.494696 
40.191000 -0.494064 
40.192000 -0.493410 
40.193000 -0.492689 
40.194000 -0.492137 
40.195000 -0.491472 
40.196000 -0.490584 
40.197000 -0.489650 
40.198000 -0.488776 
40.199000 -0.487883 
40.200000 -0.487751 
40.201000 -0.487184 
40.202000 -0.486695 
40.203000 -0.486096 
40.204000 -0.486717 
40.205000 -0.485426 
40.206000 -0.484905 
40.207000 -0.484579 
40.208000 -0.484298 
40.209000 -0.484021 
40.210000 -0.483534 
40.211000 -0.482999 
40.212000 -0.482488 
40.213000 -0.481915 
40.214000 -0.481517 
40.215000 -0.481104 
40.216000 -0.480872 
40.217000 -0.480631 
40.218000 -0.480332 
40.219000 -0.480164 
40.220000 -0.479844 
40.221000 -0.479529 
40.222000 -0.479320 
40.223000 -0.479230 
40.224000 -0.479089 
40.225000 -0.478921 
40.226000 -0.478627 
40.227000 -0.478126 
40.228000 -0.477846 
40.229000 -0.477591 
40.230000 -0.477450 
40.231000 -0.477107 
40.232000 -0.476788 
40.233000 -0.476511 
40.234000 -0.476290 
40.235000 -0.476130 
40.236000 -0.475851 
40.237000 -0.475657 
40.238000 -0.475351 
40.239000 -0.475287 
40.240000 -0.475079 
40.241000 -0.474740 
40.242000 -0.474856 
40.243000 -0.474899 
40.244000 -0.474744 
40.245000 -0.474444 
40.246000 -0.474328 
40.247000 -0.474182 
40.248000 -0.474144 
40.249000 -0.474000 
40.250000 -0.473836 
40.251000 -0.473646 
40.252000 -0.473463 
40.253000 -0.473292 
40.254000 -0.473044 
40.255000 -0.472817 
40.256000 -0.472618 
40.257000 -0.472513 
40.258000 -0.472248 
40.259000 -0.471942 
40.260000 -0.472840 
40.261000 -0.471605 
40.262000 -0.471309 
40.263000 -0.471022 
40.264000 -0.470808 
40.265000 -0.470694 
40.266000 -0.470556 
40.267000 -0.470310 
40.268000 -0.470035 
40.269000 -0.469674 
40.270000 -0.469296 
40.271000 -0.469075 
40.272000 -0.468827 
40.273000 -0.468471 
40.274000 -0.468205 
40.275000 -0.467805 
40.276000 -0.467316 
40.277000 -0.466997 
40.278000 -0.466590 
40.279000 -0.466269 
40.280000 -0.465901 
40.281000 -0.465504 
40.282000 -0.465137 
40.283000 -0.464709 
40.284000 -0.464329 
40.285000 -0.463811 
40.286000 -0.463239 
40.287000 -0.462734 
40.288000 -0.462202 
40.289000 -0.461684 
40.290000 -0.461136 
40.291000 -0.460492 
40.292000 -0.459896 
40.293000 -0.459169 
40.294000 -0.458473 
40.295000 -0.457777 
40.296000 -0.456962 
40.297000 -0.456276 
40.298000 -0.455614 
40.299000 -0.454777 
40.300000 -0.453874 
40.301000 -0.453112 
40.302000 -0.452237 
40.303000 -0.451376 
40.304000 -0.450447 
40.305000 -0.449201 
40.306000 -0.447964 
40.307000 -0.446966 
40.308000 -0.445905 
40.309000 -0.444829 
40.310000 -0.443704 
40.311000 -0.442543 
40.312000 -0.441318 
40.313000 -0.440103 
40.314000 -0.438909 
40.315000 -0.437539 
40.316000 -0.436140 
40.317000 -0.434523 
40.318000 -0.433164 
40.319000 -0.431860 
40.320000 -0.430305 
40.321000 -0.428844 
40.322000 -0.427041 
40.323000 -0.425570 
40.324000 -0.423719 
40.325000 -0.422294 
40.326000 -0.420305 
40.327000 -0.418541 
40.328000 -0.417244 
40.329000 -0.415632 
40.330000 -0.414185 
40.331000 -0.412335 
40.332000 -0.410649 
40.333000 -0.408392 
40.334000 -0.406206 
40.335000 -0.403584 
40.336000 -0.400890 
40.337000 -0.398864 
40.338000 -0.396811 
40.339000 -0.393913 
40.340000 -0.391124 
40.341000 -0.388210 
40.342000 -0.385769 
40.343000 -0.383370 
40.344000 -0.381200 
40.345000 -0.378726 
40.346000 -0.376083 
40.347000 -0.373522 
40.348000 -0.370753 
40.349000 -0.368435 
40.350000 -0.366125 
40.351000 -0.363112 
40.352000 -0.359812 
40.353000 -0.356412 
40.354000 -0.353149 
40.355000 -0.350119 
40.356000 -0.347112 
40.357000 -0.344213 
40.358000 -0.341070 
40.359000 -0.338318 
40.360000 -0.334554 
40.361000 -0.330716 
40.362000 -0.327348 
40.363000 -0.323853 
40.364000 -0.320108 
40.365000 -0.316423 
40.366000 -0.312856 
40.367000 -0.309162 
40.368000 -0.305332 
40.369000 -0.301398 
40.370000 -0.297422 
40.371000 -0.293437 
40.372000 -0.289354 
40.373000 -0.285189 
40.374000 -0.280766 
40.375000 -0.275903 
40.376000 -0.271749 
40.377000 -0.267402 
40.378000 -0.262964 
40.379000 -0.258262 
40.380000 -0.253468 
40.381000 -0.248848 
40.382000 -0.243932 
40.383000 -0.238938 
40.384000 -0.233996 
40.385000 -0.229125 
40.386000 -0.224042 
40.387000 -0.218823 
40.388000 -0.213408 
40.389000 -0.207962 
40.390000 -0.202409 
40.391000 -0.196843 
40.392000 -0.191301 
40.393000 -0.185564 
40.394000 -0.179776 
40.395000 -0.173872 
40.396000 -0.167968 
40.397000 -0.161980 
40.398000 -0.155962 
40.399000 -0.149960 
40.400000 -0.143673 
40.401000 -0.137479 
40.402000 -0.131577 
40.403000 -0.126269 
40.404000 -0.117625 
40.405000 -0.110924 
40.406000 -0.104359 
40.407000 -0.097694 
40.408000 -0.090598 
40.409000 -0.083366 
40.410000 -0.076215 
40.411000 -0.068910 
40.412000 -0.061533 
40.413000 -0.054648 
40.414000 -0.047346 
40.415000 -0.040051 
40.416000 -0.032717 
40.417000 -0.025393 
40.418000 -0.019264 
40.419000 -0.009040 
40.420000 -0.001198 
40.421000 0.006728 
40.422000 0.014762 
40.423000 0.022892 
40.424000 0.031215 
40.425000 0.039964 
40.426000 0.048958 
40.427000 0.055829 
40.428000 0.062526 
40.429000 0.070922 
40.430000 0.079421 
40.431000 0.087983 
40.432000 0.096766 
40.433000 0.105399 
40.434000 0.114201 
40.435000 0.123062 
40.436000 0.132065 
40.437000 0.141201 
40.438000 0.150303 
40.439000 0.159511 
40.440000 0.168469 
40.441000 0.177612 
40.442000 0.186924 
40.443000 0.196272 
40.444000 0.205689 
40.445000 0.215276 
40.446000 0.224828 
40.447000 0.234449 
40.448000 0.244141 
40.449000 0.254009 
40.450000 0.263867 
40.451000 0.273799 
40.452000 0.283749 
40.453000 0.293848 
40.454000 0.303926 
40.455000 0.314097 
40.456000 0.324326 
40.457000 0.334596 
40.458000 0.344980 
40.459000 0.355365 
40.460000 0.365822 
40.461000 0.376279 
40.462000 0.386873 
40.463000 0.397474 
40.464000 0.408103 
40.465000 0.418789 
40.466000 0.429612 
40.467000 0.440409 
40.468000 0.451301 
40.469000 0.462206 
40.470000 0.473161 
40.471000 0.484114 
40.472000 0.495149 
40.473000 0.506234 
40.474000 0.517360 
40.475000 0.529592 
40.476000 0.539951 
40.477000 0.551129 
40.478000 0.562409 
40.479000 0.573799 
40.480000 0.585176 
40.481000 0.596646 
40.482000 0.608152 
40.483000 0.619706 
40.484000 0.631316 
40.485000 0.642921 
40.486000 0.654602 
40.487000 0.666317 
40.488000 0.678080 
40.489000 0.689895 
40.490000 0.701774 
40.491000 0.713641 
40.492000 0.725574 
40.493000 0.737536 
40.494000 0.749564 
40.495000 0.761597 
40.496000 0.773691 
40.497000 0.785786 
40.498000 0.797980 
40.499000 0.810181 
40.500000 0.822378 
40.501000 0.834616 
40.502000 0.846910 
40.503000 0.859222 
40.504000 0.871570 
40.505000 0.883929 
40.506000 0.896304 
40.507000 0.908785 
40.508000 0.921221 
40.509000 0.933736 
40.510000 0.946262 
40.511000 0.958833 
40.512000 0.971379 
40.513000 0.983983 
40.514000 0.996584 
40.515000 1.009228 
40.516000 1.021882 
40.517000 1.034549 
40.518000 1.047225 
40.519000 1.059971 
40.520000 1.072672 
40.521000 1.085413 
40.522000 1.098164 
40.523000 1.110976 
40.524000 1.123753 
40.525000 1.136565 
40.526000 1.149408 
40.527000 1.162273 
40.528000 1.175108 
40.529000 1.188001 
40.530000 1.200889 
40.531000 1.213779 
40.532000 1.226703 
40.533000 1.239656 
40.534000 1.253478 
40.535000 1.265645 
40.536000 1.278461 
40.537000 1.291365 
40.538000 1.304293 
40.539000 1.317203 
40.540000 1.330139 
40.541000 1.343104 
40.542000 1.356060 
40.543000 1.369016 
40.544000 1.381961 
40.545000 1.394956 
40.546000 1.407941 
40.547000 1.420916 
40.548000 1.433892 
40.549000 1.446926 
40.550000 1.459891 
40.551000 1.472886 
40.552000 1.485881 
40.553000 1.498826 
40.554000 1.511782 
40.555000 1.524796 
40.556000 1.537791 
40.557000 1.550776 
40.558000 1.563742 
40.559000 1.576707 
40.560000 1.589712 
40.561000 1.602697 
40.562000 1.615662 
40.563000 1.628324 
40.564000 1.641485 
40.565000 1.654441 
40.566000 1.667367 
40.567000 1.680264 
40.568000 1.693151 
40.569000 1.706067 
40.570000 1.718934 
40.571000 1.731831 
40.572000 1.744689 
40.573000 1.757546 
40.574000 1.770375 
40.575000 1.783173 
40.576000 1.796031 
40.577000 1.808791 
40.578000 1.822354 
40.579000 1.834447 
40.580000 1.847138 
40.581000 1.859839 
40.582000 1.872540 
40.583000 1.885191 
40.584000 1.897833 
40.585000 1.910495 
40.586000 1.923147 
40.587000 1.935759 
40.588000 1.948323 
40.589000 1.960887 
40.590000 1.973480 
40.591000 1.986033 
40.592000 1.998538 
40.593000 2.011014 
40.594000 2.023450 
40.595000 2.035915 
40.596000 2.048381 
40.597000 2.060827 
40.598000 2.073283 
40.599000 2.085690 
40.600000 2.098028 
40.601000 2.110395 
40.602000 2.122753 
40.603000 2.135033 
40.604000 2.147312 
40.605000 2.159552 
40.606000 2.171773 
40.607000 2.183974 
40.608000 2.196194 
40.609000 2.208356 
40.610000 2.220518 
40.611000 2.232660 
40.612000 2.244812 
40.613000 2.256886 
40.614000 2.268891 
40.615000 2.281631 
40.616000 2.293028 
40.617000 2.304935 
40.618000 2.316823 
40.619000 2.328739 
40.620000 2.340597 
40.621000 2.352416 
40.622000 2.364225 
40.623000 2.375995 
40.624000 2.387735 
40.625000 2.399456 
40.626000 2.411138 
40.627000 2.422810 
40.628000 2.434452 
40.629000 2.446055 
40.630000 2.457619 
40.631000 2.469144 
40.632000 2.480630 
40.633000 2.492135 
40.634000 2.503581 
40.635000 2.514969 
40.636000 2.526347 
40.637000 2.537715 
40.638000 2.549024 
40.639000 2.560294 
40.640000 2.571525 
40.641000 2.582687 
40.642000 2.593849 
40.643000 2.604933 
40.644000 2.615977 
40.645000 2.627042 
40.646000 2.638086 
40.647000 2.649062 
40.648000 2.660558 
40.649000 2.670946 
40.650000 2.681755 
40.651000 2.692515 
40.652000 2.703295 
40.653000 2.714017 
40.654000 2.724718 
40.655000 2.735371 
40.656000 2.745955 
40.657000 2.756558 
40.658000 2.767074 
40.659000 2.777550 
40.660000 2.787967 
40.661000 2.798404 
40.662000 2.808734 
40.663000 2.819024 
40.664000 2.829323 
40.665000 2.839584 
40.666000 2.849786 
40.667000 2.859997 
40.668000 2.870111 
40.669000 2.880225 
40.670000 2.890270 
40.671000 2.900256 
40.672000 2.910203 
40.673000 2.920140 
40.674000 2.929979 
40.675000 2.939799 
40.676000 2.949579 
40.677000 2.959252 
40.678000 2.968934 
40.679000 2.978999 
40.680000 2.988201 
40.681000 2.997687 
40.682000 3.007135 
40.683000 3.016601 
40.684000 3.025960 
40.685000 3.035261 
40.686000 3.044531 
40.687000 3.053743 
40.688000 3.062897 
40.689000 3.071971 
40.690000 3.081056 
40.691000 3.090101 
40.692000 3.099088 
40.693000 3.107986 
40.694000 3.116826 
40.695000 3.125646 
40.696000 3.134378 
40.697000 3.143061 
40.698000 3.151724 
40.699000 3.160338 
40.700000 3.168864 
40.701000 3.177321 
40.702000 3.185730 
40.703000 3.194089 
40.704000 3.202400 
40.705000 3.210651 
40.706000 3.218815 
40.707000 3.227292 
40.708000 3.235024 
40.709000 3.242874 
40.710000 3.250998 
40.711000 3.258946 
40.712000 3.266717 
40.713000 3.274155 
40.714000 3.281956 
40.715000 3.290119 
40.716000 3.297783 
40.717000 3.305358 
40.718000 3.312904 
40.719000 3.320411 
40.720000 3.327820 
40.721000 3.335160 
40.722000 3.342422 
40.723000 3.349703 
40.724000 3.356818 
40.725000 3.363972 
40.726000 3.371087 
40.727000 3.378574 
40.728000 3.384885 
40.729000 3.391246 
40.730000 3.397861 
40.731000 3.404035 
40.732000 3.411453 
40.733000 3.418274 
40.734000 3.424811 
40.735000 3.431533 
40.736000 3.437776 
40.737000 3.444087 
40.738000 3.450398 
40.739000 3.456572 
40.740000 3.462707 
40.741000 3.468695 
40.742000 3.474595 
40.743000 3.480847 
40.744000 3.486786 
40.745000 3.492636 
40.746000 3.498340 
40.747000 3.503965 
40.748000 3.509238 
40.749000 3.515333 
40.750000 3.520939 
40.751000 3.526486 
40.752000 3.532062 
40.753000 3.536972 
40.754000 3.542048 
40.755000 3.547026 
40.756000 3.551750 
40.757000 3.557287 
40.758000 3.562599 
40.759000 3.567479 
40.760000 3.572320 
40.761000 3.577063 
40.762000 3.581856 
40.763000 3.586275 
40.764000 3.590725 
40.765000 3.595772 
40.766000 3.600280 
40.767000 3.604631 
40.768000 3.608913 
40.769000 3.613304 
40.770000 3.617616 
40.771000 3.622271 
40.772000 3.626377 
40.773000 3.629052 
40.774000 3.632933 
40.775000 3.636726 
40.776000 3.640489 
40.777000 3.644233 
40.778000 3.647927 
40.779000 3.651543 
40.780000 3.655297 
40.781000 3.658815 
40.782000 3.662431 
40.783000 3.665577 
40.784000 3.667968 
40.785000 3.671388 
40.786000 3.674838 
40.787000 3.678268 
40.788000 3.681404 
40.789000 3.684364 
40.790000 3.687235 
40.791000 3.690077 
40.792000 3.692743 
40.793000 3.695418 
40.794000 3.697976 
40.795000 3.700847 
40.796000 3.703356 
40.797000 3.705777 
40.798000 3.708138 
40.799000 3.710383 
40.800000 3.712627 
40.801000 3.714900 
40.802000 3.717007 
40.803000 3.719065 
40.804000 3.721153 
40.805000 3.723044 
40.806000 3.724975 
40.807000 3.726827 
40.808000 3.728669 
40.809000 3.730512 
40.810000 3.732119 
40.811000 3.734216 
40.812000 3.737284 
40.813000 3.736843 
40.814000 3.738028 
40.815000 3.739244 
40.816000 3.740782 
40.817000 3.741615 
40.818000 3.742693 
40.819000 3.743722 
40.820000 3.744790 
40.821000 3.745614 
40.822000 3.746554 
40.823000 3.747466 
40.824000 3.748142 
40.825000 3.748955 
40.826000 3.749534 
40.827000 3.750063 
40.828000 3.750396 
40.829000 3.750161 
40.830000 3.750984 
40.831000 3.751935 
40.832000 3.752160 
40.833000 3.752474 
40.834000 3.752562 
40.835000 3.752346 
40.836000 3.752797 
40.837000 3.752934 
40.838000 3.752513 
40.839000 3.752395 
40.840000 3.752189 
40.841000 3.752385 
40.842000 3.752033 
40.843000 3.751974 
40.844000 3.751484 
40.845000 3.750906 
40.846000 3.750318 
40.847000 3.749749 
40.848000 3.749240 
40.849000 3.748573 
40.850000 3.747730 
40.851000 3.747152 
40.852000 3.746241 
40.853000 3.745359 
40.854000 3.744820 
40.855000 3.744418 
40.856000 3.743409 
40.857000 3.742350 
40.858000 3.740821 
40.859000 3.739763 
40.860000 3.738479 
