Time(s) Pressure(mBar)
36.862000 2.440923 
36.863000 2.294472 
36.864000 2.197730 
36.865000 2.157873 
36.866000 2.109947 
36.867000 2.084298 
36.868000 2.074955 
36.869000 2.109220 
36.870000 2.133580 
36.871000 2.098182 
36.872000 2.063352 
36.873000 2.045548 
36.874000 2.033434 
36.875000 2.018053 
36.876000 2.000677 
36.877000 1.984750 
36.878000 1.978325 
36.879000 1.975517 
36.880000 1.973305 
36.881000 1.975010 
36.882000 1.967531 
36.883000 1.962768 
36.884000 1.956989 
36.885000 1.955023 
36.886000 1.958714 
36.887000 1.965236 
36.888000 1.971918 
36.889000 1.978132 
36.890000 1.982692 
36.891000 1.986750 
36.892000 1.990417 
36.893000 1.994454 
36.894000 1.996769 
36.895000 1.999751 
36.896000 1.999703 
36.897000 1.999458 
36.898000 1.999972 
36.899000 2.001421 
36.900000 2.003437 
36.901000 2.005788 
36.902000 2.008571 
36.903000 2.012748 
36.904000 2.017274 
36.905000 2.020571 
36.906000 2.023502 
36.907000 2.026504 
36.908000 2.029489 
36.909000 2.032101 
36.910000 2.034939 
36.911000 2.037705 
36.912000 2.040553 
36.913000 2.043611 
36.914000 2.047941 
36.915000 2.053345 
36.916000 2.058617 
36.917000 2.063652 
36.918000 2.068349 
36.919000 2.072896 
36.920000 2.077313 
36.921000 2.081753 
36.922000 2.086018 
36.923000 2.090313 
36.924000 2.094549 
36.925000 2.098666 
36.926000 2.102629 
36.927000 2.107039 
36.928000 2.111386 
36.929000 2.115618 
36.930000 2.119862 
36.931000 2.123864 
36.932000 2.127795 
36.933000 2.131456 
36.934000 2.135044 
36.935000 2.138549 
36.936000 2.141681 
36.937000 2.144669 
36.938000 2.147611 
36.939000 2.150464 
36.940000 2.153316 
36.941000 2.156246 
36.942000 2.159279 
36.943000 2.162483 
36.944000 2.165765 
36.945000 2.169118 
36.946000 2.172490 
36.947000 2.175742 
36.948000 2.178684 
36.949000 2.181438 
36.950000 2.183963 
36.951000 2.186586 
36.952000 2.189467 
36.953000 2.192558 
36.954000 2.195714 
36.955000 2.199062 
36.956000 2.202141 
36.957000 2.205575 
36.958000 2.208755 
36.959000 2.211989 
36.960000 2.215285 
36.961000 2.218576 
36.962000 2.221960 
36.963000 2.225354 
36.964000 2.228853 
36.965000 2.232379 
36.966000 2.235813 
36.967000 2.239044 
36.968000 2.242233 
36.969000 2.245607 
36.970000 2.248823 
36.971000 2.251941 
36.972000 2.255133 
36.973000 2.258249 
36.974000 2.261176 
36.975000 2.263994 
36.976000 2.266897 
36.977000 2.270047 
36.978000 2.273565 
36.979000 2.276732 
36.980000 2.279869 
36.981000 2.282957 
36.982000 2.286424 
36.983000 2.289986 
36.984000 2.293978 
36.985000 2.297350 
36.986000 2.301587 
36.987000 2.305442 
36.988000 2.310677 
36.989000 2.319317 
36.990000 2.331708 
36.991000 2.341095 
36.992000 2.348024 
36.993000 2.351463 
36.994000 2.354130 
36.995000 2.358142 
36.996000 2.362036 
36.997000 2.366466 
36.998000 2.362806 
36.999000 2.362834 
37.000000 2.366513 
37.001000 2.370803 
37.002000 2.373848 
37.003000 2.377928 
37.004000 2.376557 
37.005000 2.376189 
37.006000 2.385399 
37.007000 2.389604 
37.008000 2.392562 
37.009000 2.395570 
37.010000 2.403867 
37.011000 2.409059 
37.012000 2.405730 
37.013000 2.414040 
37.014000 2.419400 
37.015000 2.414262 
37.016000 2.415363 
37.017000 2.416377 
37.018000 2.416602 
37.019000 2.420244 
37.020000 2.422395 
37.021000 2.431452 
37.022000 2.428181 
37.023000 2.431092 
37.024000 2.433730 
37.025000 2.433636 
37.026000 2.434889 
37.027000 2.435066 
37.028000 2.435415 
37.029000 2.433903 
37.030000 2.434389 
37.031000 2.434105 
37.032000 2.434212 
37.033000 2.437926 
37.034000 2.438062 
37.035000 2.436595 
37.036000 2.435115 
37.037000 2.433259 
37.038000 2.429316 
37.039000 2.424552 
37.040000 2.417681 
37.041000 2.415787 
37.042000 2.413680 
37.043000 2.410567 
37.044000 2.406724 
37.045000 2.402266 
37.046000 2.397765 
37.047000 2.394808 
37.048000 2.392342 
37.049000 2.388144 
37.050000 2.384297 
37.051000 2.379820 
37.052000 2.375302 
37.053000 2.370111 
37.054000 2.364745 
37.055000 2.358898 
37.056000 2.352524 
37.057000 2.346002 
37.058000 2.339688 
37.059000 2.332365 
37.060000 2.325631 
37.061000 2.317993 
37.062000 2.308059 
37.063000 2.298381 
37.064000 2.287869 
37.065000 2.276204 
37.066000 2.264619 
37.067000 2.251549 
37.068000 2.237344 
37.069000 2.221853 
37.070000 2.202250 
37.071000 2.187325 
37.072000 2.173627 
37.073000 2.161345 
37.074000 2.142935 
37.075000 2.123813 
37.076000 2.110310 
37.077000 2.097333 
37.078000 2.083971 
37.079000 2.070255 
37.080000 2.054205 
37.081000 2.040178 
37.082000 2.025660 
37.083000 2.010367 
37.084000 1.994321 
37.085000 1.979109 
37.086000 1.963328 
37.087000 1.946886 
37.088000 1.930209 
37.089000 1.912648 
37.090000 1.894808 
37.091000 1.876867 
37.092000 1.857924 
37.093000 1.838727 
37.094000 1.819110 
37.095000 1.799016 
37.096000 1.778456 
37.097000 1.756958 
37.098000 1.734355 
37.099000 1.711305 
37.100000 1.689734 
37.101000 1.662557 
37.102000 1.637507 
37.103000 1.617662 
37.104000 1.597359 
37.105000 1.574847 
37.106000 1.553539 
37.107000 1.533174 
37.108000 1.512895 
37.109000 1.491775 
37.110000 1.470655 
37.111000 1.449132 
37.112000 1.425796 
37.113000 1.403330 
37.114000 1.381456 
37.115000 1.359529 
37.116000 1.336751 
37.117000 1.313920 
37.118000 1.290663 
37.119000 1.266349 
37.120000 1.242409 
37.121000 1.218842 
37.122000 1.195319 
37.123000 1.171452 
37.124000 1.147142 
37.125000 1.122772 
37.126000 1.097373 
37.127000 1.072632 
37.128000 1.047530 
37.129000 1.022114 
37.130000 0.994996 
37.131000 0.967996 
37.132000 0.943046 
37.133000 0.920955 
37.134000 0.898089 
37.135000 0.875438 
37.136000 0.853222 
37.137000 0.831403 
37.138000 0.809619 
37.139000 0.786802 
37.140000 0.763587 
37.141000 0.742675 
37.142000 0.722309 
37.143000 0.702290 
37.144000 0.682566 
37.145000 0.662869 
37.146000 0.643189 
37.147000 0.623361 
37.148000 0.604347 
37.149000 0.585960 
37.150000 0.567964 
37.151000 0.550122 
37.152000 0.532409 
37.153000 0.515111 
37.154000 0.498049 
37.155000 0.481200 
37.156000 0.464751 
37.157000 0.448787 
37.158000 0.433173 
37.159000 0.417966 
37.160000 0.403072 
37.161000 0.388527 
37.162000 0.374195 
37.163000 0.360296 
37.164000 0.346859 
37.165000 0.333825 
37.166000 0.321089 
37.167000 0.308629 
37.168000 0.296568 
37.169000 0.284849 
37.170000 0.273095 
37.171000 0.261745 
37.172000 0.251064 
37.173000 0.240846 
37.174000 0.230992 
37.175000 0.221339 
37.176000 0.212248 
37.177000 0.204547 
37.178000 0.199818 
37.179000 0.205510 
37.180000 0.199395 
37.181000 0.193901 
37.182000 0.188612 
37.183000 0.183505 
37.184000 0.178579 
37.185000 0.173808 
37.186000 0.169076 
37.187000 0.164534 
37.188000 0.159942 
37.189000 0.155667 
37.190000 0.151549 
37.191000 0.147621 
37.192000 0.143743 
37.193000 0.140005 
37.194000 0.136428 
37.195000 0.132922 
37.196000 0.129482 
37.197000 0.126186 
37.198000 0.123025 
37.199000 0.119945 
37.200000 0.117015 
37.201000 0.114110 
37.202000 0.111161 
37.203000 0.108456 
37.204000 0.105875 
37.205000 0.103371 
37.206000 0.101355 
37.207000 0.098607 
37.208000 0.096170 
37.209000 0.093835 
37.210000 0.091581 
37.211000 0.089339 
37.212000 0.087192 
37.213000 0.085026 
37.214000 0.082865 
37.215000 0.080762 
37.216000 0.078649 
37.217000 0.076605 
37.218000 0.074488 
37.219000 0.072401 
37.220000 0.070349 
37.221000 0.068278 
37.222000 0.066197 
37.223000 0.064044 
37.224000 0.061883 
37.225000 0.059710 
37.226000 0.057363 
37.227000 0.054828 
37.228000 0.051962 
37.229000 0.049973 
37.230000 0.047906 
37.231000 0.046309 
37.232000 0.044076 
37.233000 0.041876 
37.234000 0.039448 
37.235000 0.036938 
37.236000 0.034393 
37.237000 0.031813 
37.238000 0.029376 
37.239000 0.027038 
37.240000 0.025088 
37.241000 0.023548 
37.242000 0.022227 
37.243000 0.020625 
37.244000 0.019794 
37.245000 0.018807 
37.246000 0.017587 
37.247000 0.016296 
37.248000 0.014979 
37.249000 0.013680 
37.250000 0.012424 
37.251000 0.011208 
37.252000 0.009959 
37.253000 0.008806 
37.254000 0.007678 
37.255000 0.006648 
37.256000 0.005654 
37.257000 0.004710 
37.258000 0.003807 
37.259000 0.002987 
37.260000 0.002239 
37.261000 0.001545 
37.262000 0.000979 
37.263000 0.000464 
37.264000 0.000094 
37.265000 -0.000853 
37.266000 -0.001526 
37.267000 -0.001474 
37.268000 -0.001445 
37.269000 -0.001434 
37.270000 -0.001416 
37.271000 -0.001410 
37.272000 -0.001418 
37.273000 -0.001433 
37.274000 -0.001429 
37.275000 -0.001438 
37.276000 -0.001454 
37.277000 -0.001473 
37.278000 -0.001480 
37.279000 -0.001493 
37.280000 -0.001511 
37.281000 -0.001548 
37.282000 -0.001582 
37.283000 -0.001588 
37.284000 -0.001601 
37.285000 -0.001558 
37.286000 -0.001546 
37.287000 -0.001564 
37.288000 -0.001572 
37.289000 -0.001608 
37.290000 -0.001668 
37.291000 -0.001649 
37.292000 -0.001671 
37.293000 -0.001715 
37.294000 -0.001784 
37.295000 -0.001688 
37.296000 -0.001564 
37.297000 -0.001435 
37.298000 -0.001358 
37.299000 -0.001372 
37.300000 -0.001362 
37.301000 -0.001337 
37.302000 -0.001309 
37.303000 -0.001250 
37.304000 -0.001216 
37.305000 -0.001233 
37.306000 -0.001222 
37.307000 -0.001215 
37.308000 -0.001212 
37.309000 -0.001173 
37.310000 -0.001128 
37.311000 -0.001136 
37.312000 -0.001114 
37.313000 -0.001106 
37.314000 -0.001101 
37.315000 -0.001078 
37.316000 -0.001058 
37.317000 -0.001003 
37.318000 -0.001005 
37.319000 -0.000934 
37.320000 -0.000917 
37.321000 -0.000866 
37.322000 -0.000740 
37.323000 -0.000721 
37.324000 -0.000565 
37.325000 -0.000771 
37.326000 -0.000952 
37.327000 -0.001052 
37.328000 -0.001067 
37.329000 -0.001055 
37.330000 -0.001031 
37.331000 -0.001057 
37.332000 -0.001094 
37.333000 -0.001097 
37.334000 -0.001124 
37.335000 -0.001123 
37.336000 -0.000592 
37.337000 -0.001049 
37.338000 -0.001143 
37.339000 -0.001213 
37.340000 -0.001264 
37.341000 -0.001308 
37.342000 -0.001308 
37.343000 -0.001344 
37.344000 -0.001320 
37.345000 -0.001271 
37.346000 -0.001303 
37.347000 -0.001314 
37.348000 -0.001317 
37.349000 -0.001356 
37.350000 -0.001387 
37.351000 -0.001398 
37.352000 -0.001353 
37.353000 -0.001362 
37.354000 -0.001375 
37.355000 -0.001356 
37.356000 -0.001347 
37.357000 -0.001268 
37.358000 -0.001243 
37.359000 -0.001226 
37.360000 -0.001232 
37.361000 -0.001225 
37.362000 -0.001190 
37.363000 -0.001161 
37.364000 -0.001132 
37.365000 -0.001159 
37.366000 -0.001168 
37.367000 -0.001135 
37.368000 -0.001113 
37.369000 -0.001112 
37.370000 -0.001088 
37.371000 -0.001101 
37.372000 -0.001106 
37.373000 -0.001096 
37.374000 -0.001097 
37.375000 -0.001095 
37.376000 -0.001110 
37.377000 -0.001055 
37.378000 -0.001067 
37.379000 -0.001069 
37.380000 -0.001075 
37.381000 -0.001072 
37.382000 -0.001064 
37.383000 -0.001042 
37.384000 -0.001002 
37.385000 -0.000927 
37.386000 -0.000985 
37.387000 -0.000975 
37.388000 -0.000960 
37.389000 -0.000927 
37.390000 -0.000940 
37.391000 -0.000880 
37.392000 -0.000826 
37.393000 -0.000788 
37.394000 -0.000783 
37.395000 -0.000801 
37.396000 -0.000836 
37.397000 -0.000852 
37.398000 -0.000871 
37.399000 -0.000913 
37.400000 -0.000953 
37.401000 -0.000990 
37.402000 -0.001022 
37.403000 -0.001043 
37.404000 -0.001170 
37.405000 -0.001166 
37.406000 -0.001107 
37.407000 -0.001080 
37.408000 -0.001091 
37.409000 -0.001068 
37.410000 -0.001030 
37.411000 -0.001034 
37.412000 -0.001019 
37.413000 -0.001036 
37.414000 -0.001042 
37.415000 -0.001031 
37.416000 -0.001029 
37.417000 -0.001031 
37.418000 -0.001002 
37.419000 -0.000976 
37.420000 -0.000887 
37.421000 -0.000883 
37.422000 -0.000879 
37.423000 -0.000877 
37.424000 -0.000882 
37.425000 -0.000865 
37.426000 -0.000821 
37.427000 -0.000828 
37.428000 -0.000855 
37.429000 -0.000864 
37.430000 -0.000879 
37.431000 -0.000875 
37.432000 -0.000861 
37.433000 -0.000091 
37.434000 -0.000686 
37.435000 -0.000766 
37.436000 -0.000804 
37.437000 -0.000808 
37.438000 -0.000816 
37.439000 -0.000823 
37.440000 -0.000808 
37.441000 -0.000780 
37.442000 -0.000742 
37.443000 -0.000765 
37.444000 -0.000776 
37.445000 -0.000804 
37.446000 -0.000800 
37.447000 -0.000811 
37.448000 -0.000786 
37.449000 -0.000739 
37.450000 -0.000754 
37.451000 -0.000753 
37.452000 -0.000780 
37.453000 -0.000808 
37.454000 -0.000801 
37.455000 -0.000782 
37.456000 -0.000783 
37.457000 -0.000795 
37.458000 -0.000807 
37.459000 -0.000810 
37.460000 -0.000802 
37.461000 -0.000779 
37.462000 -0.000825 
37.463000 -0.000788 
37.464000 -0.000775 
37.465000 -0.000796 
37.466000 -0.000773 
37.467000 -0.000727 
37.468000 -0.000704 
37.469000 -0.000622 
37.470000 -0.000542 
37.471000 -0.000530 
37.472000 -0.000532 
37.473000 -0.000521 
37.474000 -0.000479 
37.475000 -0.000498 
37.476000 -0.000538 
37.477000 -0.000534 
37.478000 -0.000529 
37.479000 -0.000596 
37.480000 -0.000545 
37.481000 -0.000508 
37.482000 -0.000520 
37.483000 -0.000533 
37.484000 -0.000556 
37.485000 -0.000551 
37.486000 -0.000553 
37.487000 -0.000499 
37.488000 -0.000479 
37.489000 -0.000496 
37.490000 -0.000511 
37.491000 -0.000514 
37.492000 -0.000505 
37.493000 -0.000516 
37.494000 -0.000464 
37.495000 -0.000473 
37.496000 -0.000494 
37.497000 -0.000496 
37.498000 -0.000507 
37.499000 -0.000510 
37.500000 -0.000477 
37.501000 -0.000459 
37.502000 -0.000463 
37.503000 -0.000475 
37.504000 -0.000472 
37.505000 -0.000480 
37.506000 -0.000484 
37.507000 -0.000461 
37.508000 -0.000449 
37.509000 -0.000452 
37.510000 -0.000455 
37.511000 -0.000467 
37.512000 -0.000467 
37.513000 -0.000450 
37.514000 -0.000440 
37.515000 -0.000435 
37.516000 -0.000423 
37.517000 -0.000430 
37.518000 -0.000448 
37.519000 -0.000462 
37.520000 -0.000434 
37.521000 -0.000416 
37.522000 -0.000419 
37.523000 -0.000427 
37.524000 -0.000422 
37.525000 -0.000413 
37.526000 -0.000432 
37.527000 -0.000437 
37.528000 -0.000445 
37.529000 -0.000446 
37.530000 -0.000443 
37.531000 -0.000456 
37.532000 0.000539 
37.533000 -0.000301 
37.534000 -0.000438 
37.535000 -0.000497 
37.536000 -0.000546 
37.537000 -0.000532 
37.538000 -0.000490 
37.539000 -0.000439 
37.540000 -0.000432 
37.541000 -0.000461 
37.542000 -0.000354 
37.543000 -0.000317 
37.544000 -0.000310 
37.545000 -0.000280 
37.546000 -0.000226 
37.547000 -0.000154 
37.548000 -0.000140 
37.549000 -0.000131 
37.550000 -0.000237 
37.551000 -0.000386 
37.552000 -0.000378 
37.553000 -0.000355 
37.554000 -0.000368 
37.555000 -0.000381 
37.556000 -0.000382 
37.557000 -0.000379 
37.558000 -0.000331 
37.559000 -0.000354 
37.560000 -0.000363 
37.561000 -0.000362 
37.562000 -0.000366 
37.563000 -0.000370 
37.564000 -0.000357 
37.565000 -0.000349 
37.566000 -0.000350 
37.567000 -0.000350 
37.568000 -0.000359 
37.569000 -0.000348 
37.570000 -0.000328 
37.571000 -0.000307 
37.572000 -0.000313 
37.573000 -0.000329 
37.574000 -0.000340 
37.575000 -0.000331 
37.576000 -0.000329 
37.577000 -0.000313 
37.578000 -0.000322 
37.579000 -0.000321 
37.580000 -0.000326 
37.581000 -0.000317 
37.582000 -0.000321 
37.583000 -0.000323 
37.584000 -0.000317 
37.585000 -0.000310 
37.586000 -0.000316 
37.587000 -0.000317 
37.588000 -0.000327 
37.589000 -0.000321 
37.590000 -0.000309 
37.591000 -0.000313 
37.592000 -0.000317 
37.593000 -0.000323 
37.594000 -0.000327 
37.595000 -0.000332 
37.596000 -0.000324 
37.597000 -0.000327 
37.598000 -0.000336 
37.599000 -0.000326 
37.600000 -0.000316 
37.601000 -0.000306 
37.602000 -0.000298 
37.603000 -0.000296 
37.604000 -0.000297 
37.605000 -0.000293 
37.606000 -0.000291 
37.607000 -0.000288 
37.608000 -0.000286 
37.609000 -0.000286 
37.610000 -0.000283 
37.611000 -0.000279 
37.612000 -0.000285 
37.613000 -0.000288 
37.614000 -0.000288 
37.615000 -0.000287 
37.616000 -0.000292 
37.617000 -0.000294 
37.618000 -0.000298 
37.619000 -0.000295 
37.620000 -0.000293 
37.621000 -0.000277 
37.622000 -0.000272 
37.623000 -0.000289 
37.624000 -0.000289 
37.625000 -0.000300 
37.626000 -0.000241 
37.627000 -0.000250 
37.628000 -0.000257 
37.629000 -0.000238 
37.630000 -0.000220 
37.631000 -0.000208 
37.632000 -0.000205 
37.633000 -0.000194 
37.634000 -0.000218 
37.635000 -0.000207 
37.636000 -0.000203 
37.637000 -0.000214 
37.638000 -0.000198 
37.639000 -0.000182 
37.640000 -0.000164 
37.641000 -0.000147 
37.642000 -0.000123 
37.643000 -0.000126 
37.644000 -0.000118 
37.645000 -0.000107 
37.646000 -0.000096 
37.647000 -0.000053 
37.648000 -0.000042 
37.649000 -0.000012 
37.650000 -0.000002 
37.651000 0.000002 
37.652000 0.000016 
37.653000 0.000005 
37.654000 -0.000048 
37.655000 -0.000053 
37.656000 -0.000082 
37.657000 -0.000116 
37.658000 -0.000136 
37.659000 -0.000146 
37.660000 -0.000161 
37.661000 -0.000140 
37.662000 -0.000156 
37.663000 -0.000151 
37.664000 -0.000154 
37.665000 -0.000145 
37.666000 -0.000139 
37.667000 -0.000136 
37.668000 -0.000046 
37.669000 -0.000121 
37.670000 -0.000143 
37.671000 -0.000158 
37.672000 -0.000146 
37.673000 -0.000167 
37.674000 -0.000168 
37.675000 -0.000164 
37.676000 -0.000186 
37.677000 -0.000198 
37.678000 -0.000191 
37.679000 -0.000165 
37.680000 -0.000179 
37.681000 -0.000183 
37.682000 -0.000182 
37.683000 -0.000176 
37.684000 -0.000175 
37.685000 -0.000179 
37.686000 -0.000177 
37.687000 -0.000173 
37.688000 -0.000174 
37.689000 -0.000173 
37.690000 -0.000163 
37.691000 -0.000177 
37.692000 -0.000179 
37.693000 -0.000177 
37.694000 -0.000174 
37.695000 -0.000184 
37.696000 -0.000186 
37.697000 -0.000175 
37.698000 -0.000188 
37.699000 -0.000170 
37.700000 -0.000176 
37.701000 -0.000186 
37.702000 -0.000171 
37.703000 -0.000162 
37.704000 -0.000165 
37.705000 -0.000174 
37.706000 -0.000170 
37.707000 -0.000178 
37.708000 -0.000183 
37.709000 -0.000175 
37.710000 -0.000178 
37.711000 -0.000172 
37.712000 -0.000174 
37.713000 -0.000169 
37.714000 -0.000176 
37.715000 -0.000180 
37.716000 -0.000186 
37.717000 -0.000190 
37.718000 -0.000190 
37.719000 -0.000194 
37.720000 -0.000190 
37.721000 -0.000195 
37.722000 -0.000185 
37.723000 -0.000163 
37.724000 -0.000164 
37.725000 -0.000168 
37.726000 -0.000175 
37.727000 -0.000182 
37.728000 -0.000193 
37.729000 -0.000200 
37.730000 -0.000194 
37.731000 -0.000201 
37.732000 -0.000210 
37.733000 -0.000211 
37.734000 -0.000213 
37.735000 -0.000217 
37.736000 -0.000225 
37.737000 -0.000232 
37.738000 -0.000223 
37.739000 -0.000214 
37.740000 -0.000222 
37.741000 -0.000230 
37.742000 -0.000222 
37.743000 -0.000231 
37.744000 -0.000216 
37.745000 -0.000212 
37.746000 -0.000211 
37.747000 -0.000215 
37.748000 -0.000205 
37.749000 -0.000199 
37.750000 -0.000202 
37.751000 -0.000207 
37.752000 -0.000214 
37.753000 -0.000222 
37.754000 -0.000236 
37.755000 -0.000234 
37.756000 -0.000234 
37.757000 -0.000249 
37.758000 -0.000261 
37.759000 -0.000252 
37.760000 -0.000249 
37.761000 -0.000263 
37.762000 -0.000261 
37.763000 -0.000271 
37.764000 -0.000291 
37.765000 -0.000306 
37.766000 -0.000306 
37.767000 -0.000320 
37.768000 -0.000343 
37.769000 -0.000360 
37.770000 -0.000332 
37.771000 -0.000319 
37.772000 -0.000307 
37.773000 -0.000309 
37.774000 -0.000303 
37.775000 -0.000305 
37.776000 -0.000293 
37.777000 -0.000300 
37.778000 -0.000304 
37.779000 -0.000325 
37.780000 -0.000347 
37.781000 -0.000354 
37.782000 -0.000349 
37.783000 -0.000340 
37.784000 -0.000359 
37.785000 -0.000349 
37.786000 -0.000333 
37.787000 -0.001612 
37.788000 -0.000535 
37.789000 -0.000430 
37.790000 -0.000377 
37.791000 -0.000361 
37.792000 -0.000346 
37.793000 -0.000306 
37.794000 -0.000316 
37.795000 -0.000314 
37.796000 -0.000319 
37.797000 -0.000300 
37.798000 -0.000297 
37.799000 -0.000304 
37.800000 -0.000315 
37.801000 -0.000324 
37.802000 -0.000322 
37.803000 -0.000343 
37.804000 -0.000341 
37.805000 -0.000329 
37.806000 -0.000316 
37.807000 -0.000321 
37.808000 -0.000334 
37.809000 -0.000349 
37.810000 -0.000350 
37.811000 -0.000353 
37.812000 -0.000345 
37.813000 -0.000334 
37.814000 -0.000339 
37.815000 -0.000330 
37.816000 -0.000320 
37.817000 -0.000312 
37.818000 -0.000286 
37.819000 -0.000330 
37.820000 -0.000346 
37.821000 -0.000347 
37.822000 -0.000356 
37.823000 -0.000367 
37.824000 -0.000355 
37.825000 -0.000361 
37.826000 -0.000358 
37.827000 -0.000363 
37.828000 -0.000357 
37.829000 -0.000355 
37.830000 -0.000355 
37.831000 -0.000350 
37.832000 -0.000362 
37.833000 -0.000371 
37.834000 -0.000389 
37.835000 -0.000383 
37.836000 -0.000365 
37.837000 -0.000377 
37.838000 -0.000370 
37.839000 -0.000362 
37.840000 -0.000367 
37.841000 -0.000370 
37.842000 -0.000357 
37.843000 -0.000350 
37.844000 -0.001464 
37.845000 -0.000492 
37.846000 -0.000388 
37.847000 -0.000339 
37.848000 -0.000320 
37.849000 -0.000289 
37.850000 -0.000273 
37.851000 -0.000261 
37.852000 -0.000253 
37.853000 -0.000246 
37.854000 -0.000236 
37.855000 -0.000235 
37.856000 -0.000234 
37.857000 -0.000243 
37.858000 -0.000246 
37.859000 -0.000257 
37.860000 -0.000252 
37.861000 -0.000252 
37.862000 -0.000250 
37.863000 -0.000249 
37.864000 -0.000250 
37.865000 -0.000247 
37.866000 -0.000248 
37.867000 -0.000245 
37.868000 -0.000245 
37.869000 -0.000248 
37.870000 -0.000247 
37.871000 -0.000242 
37.872000 -0.000237 
37.873000 -0.000238 
37.874000 -0.000235 
37.875000 -0.000235 
37.876000 -0.000236 
37.877000 -0.000234 
37.878000 -0.000234 
37.879000 -0.000235 
37.880000 -0.000234 
37.881000 -0.000228 
37.882000 -0.000220 
37.883000 -0.000218 
37.884000 -0.001160 
37.885000 -0.000344 
37.886000 -0.000255 
37.887000 -0.000216 
37.888000 -0.000198 
37.889000 -0.000186 
37.890000 -0.000178 
37.891000 -0.000174 
37.892000 -0.000173 
37.893000 -0.000172 
37.894000 -0.000171 
37.895000 -0.000170 
37.896000 -0.000171 
37.897000 -0.000169 
37.898000 -0.000167 
37.899000 -0.000167 
37.900000 -0.000164 
37.901000 -0.000163 
37.902000 -0.000162 
37.903000 -0.000161 
37.904000 -0.000161 
37.905000 -0.000162 
37.906000 -0.000164 
37.907000 -0.000165 
37.908000 -0.000164 
37.909000 -0.000162 
37.910000 -0.000162 
37.911000 -0.000162 
37.912000 -0.000163 
37.913000 -0.000164 
37.914000 -0.000165 
37.915000 -0.000168 
37.916000 -0.000921 
37.917000 -0.000266 
37.918000 -0.000193 
37.919000 -0.000171 
37.920000 -0.000155 
37.921000 -0.000150 
37.922000 -0.000151 
37.923000 -0.000154 
37.924000 -0.000151 
37.925000 -0.000147 
37.926000 -0.000141 
37.927000 -0.000155 
37.928000 -0.000157 
37.929000 -0.000155 
37.930000 -0.000158 
37.931000 -0.000146 
37.932000 -0.000141 
37.933000 -0.000138 
37.934000 -0.000134 
37.935000 -0.000127 
37.936000 -0.000123 
37.937000 -0.000116 
37.938000 -0.000116 
37.939000 -0.000113 
37.940000 -0.000097 
37.941000 -0.000088 
37.942000 -0.000087 
37.943000 -0.000640 
37.944000 -0.000150 
37.945000 -0.000093 
37.946000 -0.000067 
37.947000 -0.000051 
37.948000 -0.000046 
37.949000 -0.000042 
37.950000 -0.000026 
37.951000 -0.000026 
37.952000 -0.000024 
37.953000 -0.000017 
37.954000 -0.000017 
37.955000 -0.000014 
37.956000 -0.000009 
37.957000 -0.000012 
37.958000 -0.000009 
37.959000 -0.000007 
37.960000 -0.000007 
37.961000 -0.000004 
37.962000 0.000008 
37.963000 0.000014 
37.964000 0.000000 
37.965000 0.000019 
37.966000 0.000022 
37.967000 -0.000330 
37.968000 -0.000001 
37.969000 0.000043 
37.970000 0.000055 
37.971000 0.000067 
37.972000 0.000072 
37.973000 0.000085 
37.974000 0.000089 
37.975000 0.000094 
37.976000 0.000095 
37.977000 0.000101 
37.978000 0.000105 
37.979000 0.000114 
37.980000 0.000121 
37.981000 0.000131 
37.982000 0.000129 
37.983000 0.000130 
37.984000 0.000130 
37.985000 0.000137 
37.986000 0.000138 
37.987000 0.000139 
37.988000 0.000138 
37.989000 -0.000009 
37.990000 0.000139 
37.991000 0.000157 
37.992000 0.000173 
37.993000 0.000194 
37.994000 0.000208 
37.995000 0.000216 
37.996000 0.000218 
37.997000 0.000214 
37.998000 0.000212 
37.999000 0.000217 
38.000000 0.000219 
38.001000 0.000230 
38.002000 0.000230 
38.003000 0.000238 
38.004000 0.000239 
38.005000 0.000242 
38.006000 0.000251 
38.007000 0.000266 
38.008000 0.000275 
38.009000 0.000347 
38.010000 0.000320 
38.011000 0.000320 
38.012000 0.000328 
38.013000 0.000336 
38.014000 0.000339 
38.015000 0.000342 
38.016000 0.000346 
38.017000 0.000357 
38.018000 0.000372 
38.019000 0.000385 
38.020000 0.000386 
38.021000 0.000392 
38.022000 0.000396 
38.023000 0.000396 
38.024000 0.000400 
38.025000 0.000403 
38.026000 0.000409 
38.027000 0.000417 
38.028000 0.000689 
38.029000 0.000481 
38.030000 0.000460 
38.031000 0.000458 
38.032000 0.000462 
38.033000 0.000465 
38.034000 0.000476 
38.035000 0.000485 
38.036000 0.000492 
38.037000 0.000499 
38.038000 0.000507 
38.039000 0.000511 
38.040000 0.000523 
38.041000 0.000531 
38.042000 0.000542 
38.043000 0.000546 
38.044000 0.000549 
38.045000 0.001014 
38.046000 0.000637 
38.047000 0.000605 
38.048000 0.000594 
38.049000 0.000590 
38.050000 0.000598 
38.051000 0.000599 
38.052000 0.000607 
38.053000 0.000616 
38.054000 0.000619 
38.055000 0.000625 
38.056000 0.000634 
38.057000 0.000640 
38.058000 0.000642 
38.059000 0.000645 
38.060000 0.000651 
38.061000 0.000658 
38.062000 0.001329 
38.063000 0.000780 
38.064000 0.000726 
38.065000 0.000713 
38.066000 0.000715 
38.067000 0.000709 
38.068000 0.000712 
38.069000 0.000720 
38.070000 0.000730 
38.071000 0.000737 
38.072000 0.000735 
38.073000 0.000742 
38.074000 0.000761 
38.075000 0.000772 
38.076000 0.000777 
38.077000 0.000779 
38.078000 0.001643 
38.079000 0.000923 
38.080000 0.000850 
38.081000 0.000825 
38.082000 0.000814 
38.083000 0.000807 
38.084000 0.000812 
38.085000 0.000820 
38.086000 0.000830 
38.087000 0.000832 
38.088000 0.000844 
38.089000 0.000866 
38.090000 0.000876 
38.091000 0.000880 
38.092000 0.000888 
38.093000 0.000902 
38.094000 0.001969 
38.095000 0.001077 
38.096000 0.000987 
38.097000 0.000967 
38.098000 0.000965 
38.099000 0.000965 
38.100000 0.000967 
38.101000 0.000968 
38.102000 0.000979 
38.103000 0.000995 
38.104000 0.000998 
38.105000 0.001001 
38.106000 0.001004 
38.107000 0.001011 
38.108000 0.001024 
38.109000 0.002286 
38.110000 0.001157 
38.111000 0.001120 
38.112000 0.001105 
38.113000 0.001102 
38.114000 0.001111 
38.115000 0.001114 
38.116000 0.001120 
38.117000 0.001126 
38.118000 0.001134 
38.119000 0.001148 
38.120000 0.001151 
38.121000 0.001161 
38.122000 0.001170 
38.123000 0.001190 
38.124000 0.002635 
38.125000 0.001416 
38.126000 0.001290 
38.127000 0.001248 
38.128000 0.001244 
38.129000 0.001251 
38.130000 0.001252 
38.131000 0.001259 
38.132000 0.001269 
38.133000 0.001290 
38.134000 0.001305 
38.135000 0.001313 
38.136000 0.001321 
38.137000 0.001329 
38.138000 0.001344 
38.139000 0.002960 
38.140000 0.001593 
38.141000 0.001453 
38.142000 0.001411 
38.143000 0.001401 
38.144000 0.001395 
38.145000 0.001400 
38.146000 0.001404 
38.147000 0.001416 
38.148000 0.001430 
38.149000 0.001437 
38.150000 0.001443 
38.151000 0.001453 
38.152000 0.001464 
38.153000 0.001475 
38.154000 0.003259 
38.155000 0.001738 
38.156000 0.001577 
38.157000 0.001531 
38.158000 0.001518 
38.159000 0.001520 
38.160000 0.001516 
38.161000 0.001515 
38.162000 0.001530 
38.163000 0.001544 
38.164000 0.001554 
38.165000 0.001556 
38.166000 0.001559 
38.167000 0.001575 
38.168000 0.001593 
38.169000 0.001604 
38.170000 0.003540 
38.171000 0.001864 
38.172000 0.001697 
38.173000 0.001650 
38.174000 0.001631 
38.175000 0.001622 
38.176000 0.001609 
38.177000 0.001624 
38.178000 0.001646 
38.179000 0.001658 
38.180000 0.001659 
38.181000 0.001650 
38.182000 0.001665 
38.183000 0.001690 
38.184000 0.001702 
38.185000 0.001703 
38.186000 0.001696 
38.187000 0.003794 
38.188000 0.002010 
38.189000 0.001819 
38.190000 0.001750 
38.191000 0.001717 
38.192000 0.001709 
38.193000 0.001724 
38.194000 0.001740 
38.195000 0.001740 
38.196000 0.001744 
38.197000 0.001748 
38.198000 0.001770 
38.199000 0.001787 
38.200000 0.001793 
38.201000 0.001799 
38.202000 0.001797 
38.203000 0.001814 
38.204000 0.001832 
38.205000 0.001837 
38.206000 0.004058 
38.207000 0.002130 
38.208000 0.001933 
38.209000 0.001879 
38.210000 0.001856 
38.211000 0.001845 
38.212000 0.001831 
38.213000 0.001843 
38.214000 0.001859 
38.215000 0.001872 
38.216000 0.001878 
38.217000 0.001870 
38.218000 0.001888 
38.219000 0.001903 
38.220000 0.001919 
38.221000 0.001929 
38.222000 0.001920 
38.223000 0.001925 
38.224000 0.001940 
38.225000 0.001957 
38.226000 0.001968 
38.227000 0.001957 
38.228000 0.001958 
38.229000 0.001972 
38.230000 0.004311 
38.231000 0.002301 
38.232000 0.002073 
38.233000 0.001996 
38.234000 0.001975 
38.235000 0.001966 
38.236000 0.001970 
38.237000 0.001974 
38.238000 0.001974 
38.239000 0.001982 
38.240000 0.001989 
38.241000 0.001997 
38.242000 0.002007 
38.243000 0.002009 
38.244000 0.002018 
38.245000 0.002025 
38.246000 0.002021 
38.247000 0.002032 
38.248000 0.002035 
38.249000 0.002035 
38.250000 0.002050 
38.251000 0.002050 
38.252000 0.002073 
38.253000 0.002084 
38.254000 0.002084 
38.255000 0.002102 
38.256000 0.001954 
38.257000 0.002092 
38.258000 0.002125 
38.259000 0.002127 
38.260000 0.002139 
38.261000 0.002135 
38.262000 0.002142 
38.263000 0.002168 
38.264000 0.002170 
38.265000 0.002175 
38.266000 0.002172 
38.267000 0.002173 
38.268000 0.002198 
38.269000 0.002205 
38.270000 0.002207 
38.271000 0.002208 
38.272000 0.002201 
38.273000 0.002216 
38.274000 0.002225 
38.275000 0.002225 
38.276000 0.002225 
38.277000 0.002221 
38.278000 0.002220 
38.279000 0.002234 
38.280000 0.002238 
38.281000 0.002238 
38.282000 0.002233 
38.283000 0.002222 
38.284000 0.002247 
38.285000 0.002250 
38.286000 0.002247 
38.287000 0.002239 
38.288000 0.002219 
38.289000 0.002235 
38.290000 0.002243 
38.291000 0.002225 
38.292000 0.002200 
38.293000 0.002172 
38.294000 0.002172 
38.295000 0.002205 
38.296000 0.002212 
38.297000 0.002201 
38.298000 0.002192 
38.299000 0.002183 
38.300000 0.002220 
38.301000 0.002243 
38.302000 0.002240 
38.303000 0.002232 
38.304000 0.002212 
38.305000 0.002238 
38.306000 0.002271 
38.307000 0.002277 
38.308000 0.002266 
38.309000 0.002248 
38.310000 0.002248 
38.311000 0.002277 
38.312000 0.002290 
38.313000 0.002286 
38.314000 0.002263 
38.315000 0.002240 
38.316000 0.002261 
38.317000 0.002276 
38.318000 0.002276 
38.319000 0.002264 
38.320000 0.002230 
38.321000 0.002243 
38.322000 0.002259 
38.323000 0.002260 
38.324000 0.002253 
38.325000 0.000222 
38.326000 0.001974 
38.327000 0.002186 
38.328000 0.002249 
38.329000 0.002267 
38.330000 0.002256 
38.331000 0.002235 
38.332000 0.002249 
38.333000 0.002247 
38.334000 0.002236 
38.335000 0.002226 
38.336000 0.002191 
38.337000 0.002193 
38.338000 0.002195 
38.339000 0.002188 
38.340000 0.002185 
38.341000 0.002153 
38.342000 0.002145 
38.343000 0.002157 
38.344000 0.002154 
38.345000 0.002153 
38.346000 0.002137 
38.347000 0.002117 
38.348000 0.002119 
38.349000 0.000357 
38.350000 0.001909 
38.351000 0.002088 
38.352000 0.002112 
38.353000 0.002128 
38.354000 0.002138 
38.355000 0.002137 
38.356000 0.002137 
38.357000 0.002115 
38.358000 0.002097 
38.359000 0.002089 
38.360000 0.002081 
38.361000 0.002081 
38.362000 0.002072 
38.363000 0.002046 
38.364000 0.002024 
38.365000 0.002022 
38.366000 0.002022 
38.367000 0.002029 
38.368000 0.002015 
38.369000 0.000441 
38.370000 0.001808 
38.371000 0.001960 
38.372000 0.002014 
38.373000 0.002038 
38.374000 0.002029 
38.375000 0.002028 
38.376000 0.002031 
38.377000 0.002036 
38.378000 0.002047 
38.379000 0.002041 
38.380000 0.002026 
38.381000 0.002023 
38.382000 0.002023 
38.383000 0.002029 
38.384000 0.002031 
38.385000 0.002013 
38.386000 0.000629 
38.387000 0.001826 
38.388000 0.001964 
38.389000 0.002008 
38.390000 0.002019 
38.391000 0.002010 
38.392000 0.002001 
38.393000 0.001991 
38.394000 0.001987 
38.395000 0.001982 
38.396000 0.001751 
38.397000 0.001916 
38.398000 0.001917 
38.399000 0.001921 
38.400000 0.001918 
38.401000 0.001910 
38.402000 0.000676 
38.403000 0.001730 
38.404000 0.001852 
38.405000 0.001885 
38.406000 0.001892 
38.407000 0.001895 
38.408000 0.001886 
38.409000 0.001877 
38.410000 0.001868 
38.411000 0.001858 
38.412000 0.001848 
38.413000 0.001842 
38.414000 0.001832 
38.415000 0.001821 
38.416000 0.001813 
38.417000 0.001809 
38.418000 0.000744 
38.419000 0.001663 
38.420000 0.001761 
38.421000 0.001785 
38.422000 0.001794 
38.423000 0.001798 
38.424000 0.001798 
38.425000 0.001787 
38.426000 0.001773 
38.427000 0.001762 
38.428000 0.001752 
38.429000 0.001741 
38.430000 0.001727 
38.431000 0.001715 
38.432000 0.001707 
38.433000 0.001711 
38.434000 0.000798 
38.435000 0.001572 
38.436000 0.001634 
38.437000 0.001627 
38.438000 0.001616 
38.439000 0.001604 
38.440000 0.001598 
38.441000 0.001602 
38.442000 0.001602 
38.443000 0.001601 
38.444000 0.001589 
38.445000 0.001588 
38.446000 0.001598 
38.447000 0.001597 
38.448000 0.001590 
38.449000 0.000798 
38.450000 0.001460 
38.451000 0.001537 
38.452000 0.001554 
38.453000 0.001557 
38.454000 0.001558 
38.455000 0.001546 
38.456000 0.001532 
38.457000 0.001520 
38.458000 0.001515 
38.459000 0.001509 
38.460000 0.001500 
38.461000 0.001486 
38.462000 0.001477 
38.463000 0.001471 
38.464000 0.001456 
38.465000 0.000811 
38.466000 0.001352 
38.467000 0.001401 
38.468000 0.001414 
38.469000 0.001426 
38.470000 0.001436 
38.471000 0.001428 
38.472000 0.001408 
38.473000 0.001394 
38.474000 0.001396 
38.475000 0.001404 
38.476000 0.001411 
38.477000 0.001400 
38.478000 0.001387 
38.479000 0.001378 
38.480000 0.001381 
38.481000 0.001403 
38.482000 0.000916 
38.483000 0.001356 
38.484000 0.001403 
38.485000 0.001387 
38.486000 0.001349 
38.487000 0.001316 
38.488000 0.001276 
38.489000 0.001259 
38.490000 0.001253 
38.491000 0.001270 
38.492000 0.001265 
38.493000 0.001258 
38.494000 0.001265 
38.495000 0.001270 
38.496000 0.001272 
38.497000 0.001259 
38.498000 0.001254 
38.499000 0.000869 
38.500000 0.001183 
38.501000 0.001221 
38.502000 0.001236 
38.503000 0.001229 
38.504000 0.001230 
38.505000 0.001217 
38.506000 0.001204 
38.507000 0.001199 
38.508000 0.001204 
38.509000 0.001208 
38.510000 0.001207 
38.511000 0.001184 
38.512000 0.001183 
38.513000 0.001187 
38.514000 0.001189 
38.515000 0.001201 
38.516000 0.001167 
38.517000 0.000924 
38.518000 0.001172 
38.519000 0.001219 
38.520000 0.001268 
38.521000 0.001270 
38.522000 0.001294 
38.523000 0.001334 
38.524000 0.001278 
38.525000 0.001178 
38.526000 0.001086 
38.527000 0.001021 
38.528000 0.001033 
38.529000 0.001046 
38.530000 0.001035 
38.531000 0.001031 
38.532000 0.001007 
38.533000 0.001004 
38.534000 0.001032 
38.535000 0.000889 
38.536000 0.001009 
38.537000 0.001022 
38.538000 0.000999 
38.539000 0.001030 
38.540000 0.001030 
38.541000 0.001034 
38.542000 0.001039 
38.543000 0.001019 
38.544000 0.001008 
38.545000 0.001058 
38.546000 0.001062 
38.547000 0.001078 
38.548000 0.001067 
38.549000 0.001037 
38.550000 0.000765 
38.551000 0.001069 
38.552000 0.001161 
38.553000 0.001177 
38.554000 0.001168 
38.555000 0.001254 
38.556000 0.001150 
38.557000 0.001017 
38.558000 0.000910 
38.559000 0.000807 
38.560000 0.000754 
38.561000 0.000762 
38.562000 0.000745 
38.563000 0.000778 
38.564000 0.000786 
38.565000 0.000756 
38.566000 0.000787 
38.567000 0.000792 
38.568000 0.000777 
38.569000 0.000810 
38.570000 0.000817 
38.571000 0.000837 
38.572000 0.000854 
38.573000 0.000850 
38.574000 0.000848 
38.575000 0.000900 
38.576000 0.000893 
38.577000 0.001013 
38.578000 0.000969 
38.579000 0.000972 
38.580000 0.000935 
38.581000 0.001012 
38.582000 0.001119 
38.583000 0.001523 
38.584000 0.002048 
38.585000 0.002750 
38.586000 0.003952 
38.587000 0.005855 
38.588000 0.008263 
38.589000 0.011149 
38.590000 0.014596 
38.591000 0.018591 
38.592000 0.023203 
38.593000 0.028424 
38.594000 0.034201 
38.595000 0.040521 
38.596000 0.047435 
38.597000 0.055015 
38.598000 0.063130 
38.599000 0.071816 
38.600000 0.081131 
38.601000 0.091207 
38.602000 0.101463 
38.603000 0.112371 
38.604000 0.123852 
38.605000 0.135931 
38.606000 0.148565 
38.607000 0.161603 
38.608000 0.177533 
38.609000 0.195683 
38.610000 0.214494 
38.611000 0.234403 
38.612000 0.255399 
38.613000 0.277616 
38.614000 0.300968 
38.615000 0.325432 
38.616000 0.351000 
38.617000 0.377685 
38.618000 0.405308 
38.619000 0.433922 
38.620000 0.463590 
38.621000 0.494121 
38.622000 0.525544 
38.623000 0.557887 
38.624000 0.590990 
38.625000 0.624797 
38.626000 0.659392 
38.627000 0.695035 
38.628000 0.730869 
38.629000 0.767557 
38.630000 0.804872 
38.631000 0.844500 
38.632000 0.890665 
38.633000 0.935620 
38.634000 0.979546 
38.635000 1.023485 
38.636000 1.067613 
38.637000 1.111921 
38.638000 1.156300 
38.639000 1.200870 
38.640000 1.245463 
38.641000 1.290243 
38.642000 1.335023 
38.643000 1.379838 
38.644000 1.424770 
38.645000 1.469652 
38.646000 1.514475 
38.647000 1.559260 
38.648000 1.604104 
38.649000 1.648835 
38.650000 1.693627 
38.651000 1.738305 
38.652000 1.783013 
38.653000 1.831128 
38.654000 1.879987 
38.655000 1.926631 
38.656000 1.972467 
38.657000 2.018085 
38.658000 2.064146 
38.659000 2.109513 
38.660000 2.155259 
38.661000 2.201128 
38.662000 2.247082 
38.663000 2.293156 
38.664000 2.339237 
38.665000 2.385402 
38.666000 2.431581 
38.667000 2.477725 
38.668000 2.523829 
38.669000 2.569928 
38.670000 2.615975 
38.671000 2.662164 
38.672000 2.708228 
38.673000 2.756330 
38.674000 2.805931 
38.675000 2.854486 
38.676000 2.901954 
38.677000 2.949020 
38.678000 2.995911 
38.679000 3.042834 
38.680000 3.089709 
38.681000 3.136717 
38.682000 3.183777 
38.683000 3.230739 
38.684000 3.277740 
38.685000 3.324705 
38.686000 3.371731 
38.687000 3.418752 
38.688000 3.465562 
38.689000 3.512461 
38.690000 3.559139 
38.691000 3.606034 
38.692000 3.654392 
38.693000 3.703700 
38.694000 3.752861 
38.695000 3.801679 
38.696000 3.848825 
38.697000 3.896252 
38.698000 3.943573 
38.699000 3.990910 
38.700000 4.038203 
38.701000 4.085410 
38.702000 4.132730 
38.703000 4.179873 
38.704000 4.227099 
38.705000 4.274209 
38.706000 4.321296 
38.707000 4.368264 
38.708000 4.415141 
38.709000 4.462202 
38.710000 4.510207 
38.711000 4.558741 
38.712000 4.607455 
38.713000 4.655950 
38.714000 4.703855 
38.715000 4.751454 
38.716000 4.798863 
38.717000 4.846125 
38.718000 4.893411 
38.719000 4.940528 
38.720000 4.987667 
38.721000 5.034793 
38.722000 5.081854 
38.723000 5.128790 
38.724000 5.175626 
38.725000 5.222384 
38.726000 5.269219 
38.727000 5.316712 
38.728000 5.364399 
38.729000 5.412173 
38.730000 5.460180 
38.731000 5.508223 
38.732000 5.555760 
38.733000 5.602996 
38.734000 5.649952 
38.735000 5.696833 
38.736000 5.743614 
38.737000 5.790398 
38.738000 5.837025 
38.739000 5.883554 
38.740000 5.930024 
38.741000 5.976382 
38.742000 6.022678 
38.743000 6.069259 
38.744000 6.115982 
38.745000 6.163819 
38.746000 6.209889 
38.747000 6.256676 
38.748000 6.303728 
38.749000 6.350590 
38.750000 6.397107 
38.751000 6.443392 
38.752000 6.489500 
38.753000 6.535433 
38.754000 6.581267 
38.755000 6.627009 
38.756000 6.672539 
38.757000 6.718130 
38.758000 6.763428 
38.759000 6.809006 
38.760000 6.854599 
38.761000 6.900184 
38.762000 6.945722 
38.763000 6.991005 
38.764000 7.036420 
38.765000 7.081643 
38.766000 7.127077 
38.767000 7.172435 
38.768000 7.217254 
38.769000 7.261852 
38.770000 7.306251 
38.771000 7.350463 
38.772000 7.394677 
38.773000 7.438584 
38.774000 7.482484 
38.775000 7.526406 
38.776000 7.570278 
38.777000 7.614071 
38.778000 7.657661 
38.779000 7.701084 
38.780000 7.744357 
38.781000 7.787396 
38.782000 7.830479 
38.783000 7.873353 
38.784000 7.916409 
38.785000 7.959227 
38.786000 8.001640 
38.787000 8.043771 
38.788000 8.085648 
38.789000 8.127458 
38.790000 8.169197 
38.791000 8.210640 
38.792000 8.252090 
38.793000 8.293205 
38.794000 8.334148 
38.795000 8.374874 
38.796000 8.415459 
38.797000 8.455880 
38.798000 8.495901 
38.799000 8.535848 
38.800000 8.575641 
38.801000 8.615073 
38.802000 8.654528 
38.803000 8.693924 
38.804000 8.733035 
38.805000 8.771791 
38.806000 8.810297 
38.807000 8.848626 
38.808000 8.886526 
38.809000 8.924444 
38.810000 8.962083 
38.811000 8.999512 
38.812000 9.036549 
38.813000 9.073357 
38.814000 9.109877 
38.815000 9.146232 
38.816000 9.182177 
38.817000 9.217792 
38.818000 9.253207 
38.819000 9.288334 
38.820000 9.323517 
38.821000 9.358369 
38.822000 9.392988 
38.823000 9.427322 
38.824000 9.461453 
38.825000 9.495248 
38.826000 9.528587 
38.827000 9.561507 
38.828000 9.594273 
38.829000 9.626765 
38.830000 9.659060 
38.831000 9.691046 
38.832000 9.722789 
38.833000 9.754081 
38.834000 9.784984 
38.835000 9.815807 
38.836000 9.846129 
38.837000 9.875940 
38.838000 9.905566 
38.839000 9.934848 
38.840000 9.963915 
38.841000 9.992923 
38.842000 10.021343 
38.843000 10.049341 
38.844000 10.077066 
38.845000 10.104564 
38.846000 10.131661 
38.847000 10.158366 
38.848000 10.185699 
38.849000 10.210424 
38.850000 10.236257 
38.851000 10.261482 
38.852000 10.286423 
38.853000 10.310894 
38.854000 10.334962 
38.855000 10.358718 
38.856000 10.381963 
38.857000 10.404964 
38.858000 10.427592 
38.859000 10.449926 
38.860000 10.471986 
38.861000 10.493517 
38.862000 10.514694 
38.863000 10.535353 
38.864000 10.555707 
38.865000 10.575474 
38.866000 10.594888 
38.867000 10.613968 
38.868000 10.632814 
38.869000 10.651277 
38.870000 10.669338 
38.871000 10.686890 
38.872000 10.703854 
38.873000 10.720396 
38.874000 10.736684 
38.875000 10.752423 
38.876000 10.767789 
38.877000 10.782754 
38.878000 10.797464 
38.879000 10.811634 
38.880000 10.825413 
38.881000 10.838790 
38.882000 10.851658 
38.883000 10.864035 
38.884000 10.875775 
38.885000 10.887163 
38.886000 10.898129 
38.887000 10.908782 
38.888000 10.919091 
38.889000 10.928960 
38.890000 10.938505 
38.891000 10.947384 
38.892000 10.955792 
38.893000 10.963828 
38.894000 10.971178 
38.895000 10.978313 
38.896000 10.984918 
38.897000 10.991200 
38.898000 10.997129 
38.899000 11.002725 
38.900000 11.007752 
38.901000 11.012329 
38.902000 11.016494 
38.903000 11.020218 
38.904000 11.023118 
38.905000 11.025921 
38.906000 11.027862 
38.907000 11.030096 
38.908000 11.031439 
38.909000 11.032448 
38.910000 11.033026 
38.911000 11.033369 
38.912000 11.032928 
38.913000 11.032360 
38.914000 11.031282 
38.915000 11.029243 
38.916000 11.026882 
38.917000 11.024040 
38.918000 11.021325 
38.919000 11.018052 
38.920000 11.013759 
38.921000 11.009712 
38.922000 11.004939 
38.923000 11.000088 
38.924000 10.994248 
38.925000 10.988809 
38.926000 10.982174 
38.927000 10.974981 
38.928000 10.967356 
38.929000 10.959507 
38.930000 10.951324 
38.931000 10.942827 
38.932000 10.934046 
38.933000 10.924962 
38.934000 10.914681 
38.935000 10.904225 
38.936000 10.893357 
38.937000 10.882047 
38.938000 10.870983 
38.939000 10.858733 
38.940000 10.846669 
38.941000 10.834919 
38.942000 10.821180 
38.943000 10.805990 
38.944000 10.793142 
38.945000 10.778363 
38.946000 10.762958 
38.947000 10.748454 
38.948000 10.733430 
38.949000 10.717937 
38.950000 10.701286 
38.951000 10.684185 
38.952000 10.667016 
38.953000 10.649817 
38.954000 10.631942 
38.955000 10.613518 
38.956000 10.594437 
38.957000 10.576258 
38.958000 10.557520 
38.959000 10.538254 
38.960000 10.518575 
38.961000 10.498152 
38.962000 10.476229 
38.963000 10.455845 
38.964000 10.434511 
38.965000 10.413490 
38.966000 10.391273 
38.967000 10.368175 
38.968000 10.344204 
38.969000 10.321860 
38.970000 10.299633 
38.971000 10.275574 
38.972000 10.251114 
38.973000 10.225928 
38.974000 10.200830 
38.975000 10.176888 
38.976000 10.151555 
38.977000 10.125811 
38.978000 10.099723 
38.979000 10.073518 
38.980000 10.047715 
38.981000 10.021441 
38.982000 9.994461 
38.983000 9.966463 
38.984000 9.938729 
38.985000 9.910407 
38.986000 9.881889 
38.987000 9.853782 
38.988000 9.825362 
38.989000 9.796023 
38.990000 9.766816 
38.991000 9.738202 
38.992000 9.708522 
38.993000 9.677815 
38.994000 9.646496 
38.995000 9.615563 
38.996000 9.583808 
38.997000 9.551811 
38.998000 9.520477 
38.999000 9.488960 
39.000000 9.457837 
39.001000 9.426162 
39.002000 9.394497 
39.003000 9.361885 
39.004000 9.328641 
39.005000 9.294954 
39.006000 9.261139 
39.007000 9.228179 
39.008000 9.194474 
39.009000 9.160946 
39.010000 9.127113 
39.011000 9.092215 
39.012000 9.057074 
39.013000 9.024256 
39.014000 8.988219 
39.015000 8.951910 
39.016000 8.915979 
39.017000 8.880241 
39.018000 8.844047 
39.019000 8.808111 
39.020000 8.771928 
39.021000 8.735112 
39.022000 8.698686 
39.023000 8.662404 
39.024000 8.625172 
39.025000 8.588191 
39.026000 8.551898 
39.027000 8.514757 
39.028000 8.477331 
39.029000 8.439865 
39.030000 8.402651 
39.031000 8.365379 
39.032000 8.327510 
39.033000 8.290244 
39.034000 8.252760 
39.035000 8.215391 
39.036000 8.175818 
39.037000 8.137219 
39.038000 8.099868 
39.039000 8.062101 
39.040000 8.024007 
39.041000 7.983665 
39.042000 7.945450 
39.043000 7.906949 
39.044000 7.868052 
39.045000 7.829637 
39.046000 7.789509 
39.047000 7.750751 
39.048000 7.712816 
39.049000 7.672092 
39.050000 7.633530 
39.051000 7.594526 
39.052000 7.555303 
39.053000 7.515734 
39.054000 7.476716 
39.055000 7.436699 
39.056000 7.397168 
39.057000 7.356672 
39.058000 7.316965 
39.059000 7.279124 
39.060000 7.238860 
39.061000 7.198560 
39.062000 7.158018 
39.063000 7.117751 
39.064000 7.078039 
39.065000 7.037838 
39.066000 6.999065 
39.067000 6.960437 
39.068000 6.921376 
39.069000 6.882306 
39.070000 6.841501 
39.071000 6.801423 
39.072000 6.760520 
39.073000 6.720019 
39.074000 6.680439 
39.075000 6.641336 
39.076000 6.602382 
39.077000 6.562371 
39.078000 6.522371 
39.079000 6.481557 
39.080000 6.441092 
39.081000 6.401756 
39.082000 6.364062 
39.083000 6.324879 
39.084000 6.287068 
39.085000 6.247378 
39.086000 6.206941 
39.087000 6.166362 
39.088000 6.126217 
39.089000 6.087433 
39.090000 6.048882 
39.091000 6.011159 
39.092000 5.972907 
39.093000 5.933071 
39.094000 5.893003 
39.095000 5.853689 
39.096000 5.815297 
39.097000 5.777820 
39.098000 5.740745 
39.099000 5.703759 
39.100000 5.664885 
39.101000 5.626014 
39.102000 5.587008 
39.103000 5.549234 
39.104000 5.512240 
39.105000 5.475612 
39.106000 5.439607 
39.107000 5.403198 
39.108000 5.365230 
39.109000 5.327025 
39.110000 5.289981 
39.111000 5.253992 
39.112000 5.218856 
39.113000 5.183913 
39.114000 5.149090 
39.115000 5.112205 
39.116000 5.076528 
39.117000 5.040847 
39.118000 5.005836 
39.119000 4.971788 
39.120000 4.938118 
39.121000 4.904239 
39.122000 4.868897 
39.123000 4.835123 
39.124000 4.801041 
39.125000 4.767535 
39.126000 4.734555 
39.127000 4.702809 
39.128000 4.671235 
39.129000 4.638828 
39.130000 4.605928 
39.131000 4.573337 
39.132000 4.541724 
39.133000 4.510984 
39.134000 4.480806 
39.135000 4.450451 
39.136000 4.420270 
39.137000 4.390124 
39.138000 4.359371 
39.139000 4.328879 
39.140000 4.298910 
39.141000 4.270323 
39.142000 4.241784 
39.143000 4.212954 
39.144000 4.183797 
39.145000 4.154987 
39.146000 4.127190 
39.147000 4.099230 
39.148000 4.071657 
39.149000 4.044504 
39.150000 4.018451 
39.151000 3.991722 
39.152000 3.963595 
39.153000 3.936053 
39.154000 3.907823 
39.155000 3.881059 
39.156000 3.853788 
39.157000 3.827228 
39.158000 3.802178 
39.159000 3.775591 
39.160000 3.747779 
39.161000 3.719958 
39.162000 3.691324 
39.163000 3.666030 
39.164000 3.640888 
39.165000 3.615200 
39.166000 3.588911 
39.167000 3.560870 
39.168000 3.530819 
39.169000 3.499137 
39.170000 3.467207 
39.171000 3.439742 
39.172000 3.412333 
39.173000 3.384144 
39.174000 3.353846 
39.175000 3.320571 
39.176000 3.284949 
39.177000 3.251422 
39.178000 3.217506 
39.179000 3.184760 
39.180000 3.146323 
39.181000 3.110544 
39.182000 3.070626 
39.183000 3.029108 
39.184000 2.990746 
39.185000 2.948979 
39.186000 2.909426 
39.187000 2.869096 
39.188000 2.817140 
39.189000 2.766735 
39.190000 2.709374 
39.191000 2.660029 
39.192000 2.610655 
39.193000 2.554320 
39.194000 2.507689 
39.195000 2.450699 
39.196000 2.379112 
39.197000 2.301409 
39.198000 2.229789 
39.199000 2.161345 
39.200000 2.083319 
39.201000 2.010413 
39.202000 1.927930 
39.203000 1.837001 
39.204000 1.730434 
39.205000 1.635789 
39.206000 1.556243 
39.207000 1.467173 
39.208000 1.377939 
39.209000 1.279788 
39.210000 1.167370 
39.211000 1.057055 
39.212000 0.959602 
39.213000 0.867043 
39.214000 0.791602 
39.215000 0.720962 
39.216000 0.636970 
39.217000 0.539551 
39.218000 0.464504 
39.219000 0.426348 
39.220000 0.316676 
39.221000 0.287326 
39.222000 0.267072 
39.223000 0.242066 
39.224000 0.212816 
39.225000 0.186738 
39.226000 0.176975 
39.227000 0.165293 
39.228000 0.127842 
39.229000 0.092394 
39.230000 0.061588 
39.231000 0.039199 
39.232000 0.022570 
39.233000 0.013386 
39.234000 0.007309 
39.235000 0.002043 
39.236000 -0.000293 
39.237000 -0.001742 
39.238000 -0.001118 
39.239000 0.000006 
39.240000 0.002109 
39.241000 0.003509 
39.242000 0.003670 
39.243000 0.003400 
39.244000 0.001778 
39.245000 0.002822 
39.246000 0.002412 
39.247000 0.002016 
39.248000 0.003032 
39.249000 0.003642 
39.250000 0.004333 
39.251000 0.003058 
39.252000 0.002397 
39.253000 0.002727 
39.254000 0.003033 
39.255000 0.004163 
39.256000 0.004977 
39.257000 0.005800 
39.258000 0.005501 
39.259000 0.004858 
39.260000 0.003894 
39.261000 0.003431 
39.262000 0.003623 
39.263000 0.003328 
39.264000 0.004204 
39.265000 0.004507 
39.266000 0.004783 
39.267000 0.005724 
39.268000 0.005668 
39.269000 0.006094 
39.270000 0.005759 
39.271000 0.005183 
39.272000 0.004786 
39.273000 0.004640 
39.274000 0.004824 
39.275000 0.004849 
39.276000 0.004967 
39.277000 0.005563 
39.278000 0.005412 
39.279000 0.005466 
39.280000 0.005297 
39.281000 0.005721 
39.282000 0.005643 
39.283000 0.005842 
39.284000 0.006526 
39.285000 0.005969 
39.286000 0.005770 
39.287000 0.005824 
39.288000 0.005555 
39.289000 0.005450 
39.290000 0.005415 
39.291000 0.005296 
39.292000 0.005613 
39.293000 0.005496 
39.294000 0.005697 
39.295000 0.006092 
39.296000 0.005743 
39.297000 0.006072 
39.298000 0.006521 
39.299000 0.006005 
39.300000 0.005619 
39.301000 0.006376 
39.302000 0.005989 
39.303000 0.005827 
39.304000 0.005909 
39.305000 0.005890 
39.306000 0.006054 
39.307000 0.005481 
39.308000 0.005713 
39.309000 0.005939 
39.310000 0.005977 
39.311000 0.005578 
39.312000 0.005832 
39.313000 0.006068 
39.314000 0.006398 
39.315000 0.006408 
39.316000 0.006060 
39.317000 0.006726 
39.318000 0.006859 
39.319000 0.006377 
39.320000 0.006326 
39.321000 0.006384 
39.322000 0.006283 
39.323000 0.005744 
39.324000 0.005894 
39.325000 0.005904 
39.326000 0.006244 
39.327000 0.006557 
39.328000 0.005973 
39.329000 0.005944 
39.330000 0.006189 
39.331000 0.006176 
39.332000 0.006541 
39.333000 0.006474 
39.334000 0.006159 
39.335000 0.006302 
39.336000 0.006391 
39.337000 0.006751 
39.338000 0.006538 
39.339000 0.006805 
39.340000 0.007091 
39.341000 0.006491 
39.342000 0.006368 
39.343000 0.006664 
39.344000 0.006215 
39.345000 0.006357 
39.346000 0.006510 
39.347000 0.006314 
39.348000 0.006207 
39.349000 0.006136 
39.350000 0.006467 
39.351000 0.006549 
39.352000 0.006754 
39.353000 0.006676 
39.354000 0.006583 
39.355000 0.006449 
39.356000 0.006745 
39.357000 0.007008 
39.358000 0.007057 
39.359000 0.006963 
39.360000 0.007131 
39.361000 0.007323 
39.362000 0.007494 
39.363000 0.007224 
39.364000 0.007015 
39.365000 0.007067 
39.366000 0.007333 
39.367000 0.007321 
39.368000 0.006838 
39.369000 0.006439 
39.370000 0.006341 
39.371000 0.006423 
39.372000 0.006505 
39.373000 0.006677 
39.374000 0.006627 
39.375000 0.006475 
39.376000 0.006369 
39.377000 0.006472 
39.378000 0.006671 
39.379000 0.006601 
39.380000 0.006642 
39.381000 0.006522 
39.382000 0.006667 
39.383000 0.006598 
39.384000 0.006619 
39.385000 0.006645 
39.386000 0.006610 
39.387000 0.006752 
39.388000 0.006891 
39.389000 0.006814 
39.390000 0.006823 
39.391000 0.006888 
39.392000 0.006748 
39.393000 0.006718 
39.394000 0.006830 
39.395000 0.006891 
39.396000 0.006915 
39.397000 0.007017 
39.398000 0.006984 
39.399000 0.006982 
39.400000 0.006940 
39.401000 0.006757 
39.402000 0.006846 
39.403000 0.007020 
39.404000 0.007057 
39.405000 0.006904 
39.406000 0.006926 
39.407000 0.006971 
39.408000 0.007008 
39.409000 0.006782 
39.410000 0.006767 
39.411000 0.006779 
39.412000 0.006841 
39.413000 0.006817 
39.414000 0.006817 
39.415000 0.006872 
39.416000 0.006920 
39.417000 0.006920 
39.418000 0.006507 
39.419000 0.006677 
39.420000 0.006693 
39.421000 0.006767 
39.422000 0.006805 
39.423000 0.006748 
39.424000 0.006792 
39.425000 0.006815 
39.426000 0.006853 
39.427000 0.006767 
39.428000 0.006815 
39.429000 0.006845 
39.430000 0.006690 
39.431000 0.006705 
39.432000 0.006705 
39.433000 0.006741 
39.434000 0.006752 
39.435000 0.006840 
39.436000 0.006770 
39.437000 0.006728 
39.438000 0.006770 
39.439000 0.006751 
39.440000 0.006685 
39.441000 0.006535 
39.442000 0.006605 
39.443000 0.006578 
39.444000 0.006663 
39.445000 0.006693 
39.446000 0.006674 
39.447000 0.006622 
39.448000 0.006573 
39.449000 0.006578 
39.450000 0.006585 
39.451000 0.006617 
39.452000 0.006536 
39.453000 0.006408 
39.454000 0.006428 
39.455000 0.006070 
39.456000 0.006398 
39.457000 0.006419 
39.458000 0.006390 
39.459000 0.006403 
39.460000 0.006392 
39.461000 0.006357 
39.462000 0.006381 
39.463000 0.006357 
39.464000 0.006341 
39.465000 0.006372 
39.466000 0.006178 
39.467000 0.006180 
39.468000 0.006096 
39.469000 0.006132 
39.470000 0.006128 
39.471000 0.006123 
39.472000 0.006088 
39.473000 0.006048 
39.474000 0.006050 
39.475000 0.006003 
39.476000 0.005969 
39.477000 0.005938 
39.478000 0.005888 
39.479000 0.005876 
39.480000 0.005863 
39.481000 0.005823 
39.482000 0.005742 
39.483000 0.005703 
39.484000 0.005654 
39.485000 0.005552 
39.486000 0.005563 
39.487000 0.005572 
39.488000 0.005515 
39.489000 0.005492 
39.490000 0.005441 
39.491000 0.005411 
39.492000 0.005390 
39.493000 0.005397 
39.494000 0.005304 
39.495000 0.004912 
39.496000 0.005203 
39.497000 0.005218 
39.498000 0.005231 
39.499000 0.005187 
39.500000 0.005081 
39.501000 0.005018 
39.502000 0.004972 
39.503000 0.004919 
39.504000 0.004919 
39.505000 0.004855 
39.506000 0.004807 
39.507000 0.004771 
39.508000 0.004737 
39.509000 0.004713 
39.510000 0.004659 
39.511000 0.004626 
39.512000 0.004603 
39.513000 0.004596 
39.514000 0.004539 
39.515000 0.003931 
39.516000 0.004386 
39.517000 0.004393 
39.518000 0.004409 
39.519000 0.004384 
39.520000 0.004346 
39.521000 0.004339 
39.522000 0.004305 
39.523000 0.004270 
39.524000 0.004232 
39.525000 0.004173 
39.526000 0.004134 
39.527000 0.004088 
39.528000 0.004051 
39.529000 0.004023 
39.530000 0.003993 
39.531000 0.003928 
39.532000 0.003873 
39.533000 0.003860 
39.534000 0.003844 
39.535000 0.003816 
39.536000 0.003770 
39.537000 0.003747 
39.538000 0.003681 
39.539000 0.003620 
39.540000 0.003567 
39.541000 0.003534 
39.542000 0.003034 
39.543000 0.003389 
39.544000 0.003402 
39.545000 0.003388 
39.546000 0.003373 
39.547000 0.003337 
39.548000 0.003294 
39.549000 0.003251 
39.550000 0.003207 
39.551000 0.003144 
39.552000 0.003072 
39.553000 0.002988 
39.554000 0.002942 
39.555000 0.002910 
39.556000 0.002845 
39.557000 0.002823 
39.558000 0.002786 
39.559000 0.002722 
39.560000 0.002666 
39.561000 0.002607 
39.562000 0.002578 
39.563000 0.002544 
39.564000 0.002507 
39.565000 0.002492 
39.566000 0.002414 
39.567000 0.002300 
39.568000 0.002181 
39.569000 0.002100 
39.570000 0.002009 
39.571000 0.001917 
39.572000 0.001832 
39.573000 0.001730 
39.574000 0.001649 
39.575000 0.001575 
39.576000 0.001503 
39.577000 0.001403 
39.578000 0.001328 
39.579000 0.001272 
39.580000 0.001208 
39.581000 0.001187 
39.582000 0.001141 
39.583000 0.001103 
39.584000 0.001075 
39.585000 0.001099 
39.586000 0.001113 
39.587000 0.001135 
39.588000 0.001168 
39.589000 0.001191 
39.590000 0.001172 
39.591000 0.001189 
39.592000 0.001207 
39.593000 0.001289 
39.594000 0.001338 
39.595000 0.001409 
39.596000 0.001523 
39.597000 0.001568 
39.598000 0.001583 
39.599000 0.001609 
39.600000 0.001625 
39.601000 0.001643 
39.602000 0.001680 
39.603000 0.001719 
39.604000 0.001774 
39.605000 0.001769 
39.606000 0.001743 
39.607000 0.001756 
39.608000 0.001746 
39.609000 0.001764 
39.610000 0.001773 
39.611000 0.001794 
39.612000 0.001828 
39.613000 0.001862 
39.614000 0.001873 
39.615000 0.001291 
39.616000 0.001830 
39.617000 0.001927 
39.618000 0.001926 
39.619000 0.001946 
39.620000 0.001964 
39.621000 0.002012 
39.622000 0.002014 
39.623000 0.001973 
39.624000 0.001903 
39.625000 0.001877 
39.626000 0.001906 
39.627000 0.001905 
39.628000 0.001886 
39.629000 0.001885 
39.630000 0.001908 
39.631000 0.001860 
39.632000 0.001865 
39.633000 0.001900 
39.634000 0.001876 
39.635000 0.001417 
39.636000 0.001714 
39.637000 0.001707 
39.638000 0.001763 
39.639000 0.001761 
39.640000 0.001770 
39.641000 0.001774 
39.642000 0.001768 
39.643000 0.001771 
39.644000 0.001775 
39.645000 0.001790 
39.646000 0.001798 
39.647000 0.001805 
39.648000 0.001806 
39.649000 0.001798 
39.650000 0.001784 
39.651000 0.001724 
39.652000 0.001704 
39.653000 0.001713 
39.654000 0.001750 
39.655000 0.001718 
39.656000 0.001668 
39.657000 0.001644 
39.658000 0.001614 
39.659000 0.001578 
39.660000 0.001538 
39.661000 0.001514 
39.662000 0.001471 
39.663000 0.001460 
39.664000 0.001450 
39.665000 0.001406 
39.666000 0.001335 
39.667000 0.001276 
39.668000 0.001233 
39.669000 0.001192 
39.670000 0.001149 
39.671000 0.001119 
39.672000 0.001067 
39.673000 0.000999 
39.674000 0.000951 
39.675000 0.000885 
39.676000 0.000803 
39.677000 0.000711 
39.678000 0.000631 
39.679000 0.000593 
39.680000 0.000584 
39.681000 0.000540 
39.682000 0.000481 
39.683000 0.001070 
39.684000 0.000420 
39.685000 0.000301 
39.686000 0.000219 
39.687000 0.000147 
39.688000 0.000071 
39.689000 -0.000007 
39.690000 -0.000070 
39.691000 -0.000106 
39.692000 -0.000127 
39.693000 -0.000158 
39.694000 -0.000188 
39.695000 -0.000192 
39.696000 -0.000198 
39.697000 -0.000239 
39.698000 -0.000291 
39.699000 -0.000305 
39.700000 -0.000289 
39.701000 -0.000298 
39.702000 -0.000376 
39.703000 -0.000424 
39.704000 -0.000408 
39.705000 -0.000396 
39.706000 -0.000443 
39.707000 -0.000507 
39.708000 -0.000558 
39.709000 -0.000582 
39.710000 -0.000571 
39.711000 -0.000567 
39.712000 -0.000562 
39.713000 -0.000548 
39.714000 -0.000505 
39.715000 -0.000495 
39.716000 -0.000736 
39.717000 -0.000545 
39.718000 -0.000486 
39.719000 -0.000439 
39.720000 -0.000457 
39.721000 -0.000510 
39.722000 -0.000568 
39.723000 -0.000584 
39.724000 -0.000591 
39.725000 -0.000601 
39.726000 -0.000614 
39.727000 -0.000665 
39.728000 -0.000706 
39.729000 -0.000717 
39.730000 -0.000696 
39.731000 -0.000684 
39.732000 -0.000672 
39.733000 -0.000676 
39.734000 -0.000684 
39.735000 -0.000661 
39.736000 -0.000632 
39.737000 -0.000620 
39.738000 -0.000626 
39.739000 -0.000649 
39.740000 -0.000650 
39.741000 -0.000630 
39.742000 -0.000580 
39.743000 -0.000570 
39.744000 -0.000583 
39.745000 0.000072 
39.746000 -0.000558 
39.747000 -0.000619 
39.748000 -0.000622 
39.749000 -0.000563 
39.750000 -0.000585 
39.751000 -0.000610 
39.752000 -0.000637 
39.753000 -0.000655 
39.754000 -0.000683 
39.755000 -0.000717 
39.756000 -0.000720 
39.757000 -0.000696 
39.758000 -0.000688 
39.759000 -0.000713 
39.760000 -0.000715 
39.761000 -0.000751 
39.762000 -0.000781 
39.763000 -0.000797 
39.764000 -0.000780 
39.765000 -0.000694 
39.766000 -0.000672 
39.767000 -0.000661 
39.768000 -0.000670 
39.769000 -0.000709 
39.770000 -0.000696 
39.771000 -0.000713 
39.772000 -0.000758 
39.773000 -0.000756 
39.774000 -0.000726 
39.775000 -0.000703 
39.776000 -0.000692 
39.777000 -0.000689 
39.778000 -0.000712 
39.779000 -0.000729 
39.780000 -0.000747 
39.781000 -0.000139 
39.782000 -0.000701 
39.783000 -0.000764 
39.784000 -0.000770 
39.785000 -0.000860 
39.786000 -0.000862 
39.787000 -0.000907 
39.788000 -0.000936 
39.789000 -0.000929 
39.790000 -0.000916 
39.791000 -0.000893 
39.792000 -0.000879 
39.793000 -0.000889 
39.794000 -0.000870 
39.795000 -0.000881 
39.796000 -0.000907 
39.797000 -0.000927 
39.798000 -0.000905 
39.799000 -0.000857 
39.800000 -0.000820 
39.801000 -0.000790 
39.802000 -0.000772 
39.803000 -0.000741 
39.804000 -0.000711 
39.805000 -0.000693 
39.806000 -0.000715 
39.807000 -0.000715 
39.808000 -0.000719 
39.809000 -0.000101 
39.810000 -0.000622 
39.811000 -0.000665 
39.812000 -0.000695 
39.813000 -0.000709 
39.814000 -0.000717 
39.815000 -0.000733 
39.816000 -0.000800 
39.817000 -0.000814 
39.818000 -0.000805 
39.819000 -0.000779 
39.820000 -0.000788 
39.821000 -0.000798 
39.822000 -0.000790 
39.823000 -0.000805 
39.824000 -0.000801 
39.825000 -0.000768 
39.826000 -0.000789 
39.827000 -0.000799 
39.828000 -0.000808 
39.829000 -0.000800 
39.830000 -0.000781 
39.831000 -0.000795 
39.832000 -0.000796 
39.833000 -0.000791 
39.834000 -0.000217 
39.835000 -0.000666 
39.836000 -0.000711 
39.837000 -0.000713 
39.838000 -0.000695 
39.839000 -0.000677 
39.840000 -0.000653 
39.841000 -0.000628 
39.842000 -0.000609 
39.843000 -0.000591 
39.844000 -0.000563 
39.845000 -0.000528 
39.846000 -0.000519 
39.847000 -0.000511 
39.848000 -0.000496 
39.849000 -0.000369 
39.850000 -0.000471 
39.851000 -0.000478 
39.852000 -0.000445 
39.853000 -0.000429 
39.854000 -0.000428 
39.855000 -0.000440 
39.856000 -0.000440 
39.857000 0.000036 
39.858000 -0.000391 
39.859000 -0.000460 
39.860000 -0.000483 
39.861000 -0.000517 
39.862000 -0.000542 
39.863000 -0.000549 
39.864000 -0.000573 
39.865000 -0.000607 
39.866000 -0.000631 
39.867000 -0.000633 
39.868000 -0.000641 
39.869000 -0.000658 
39.870000 -0.000671 
39.871000 -0.000691 
39.872000 -0.000700 
39.873000 -0.000722 
39.874000 -0.000748 
39.875000 -0.000786 
39.876000 -0.000815 
39.877000 -0.000821 
39.878000 -0.000443 
39.879000 -0.000839 
39.880000 -0.000933 
39.881000 -0.000991 
39.882000 -0.001030 
39.883000 -0.001058 
39.884000 -0.001112 
39.885000 -0.001169 
39.886000 -0.001204 
39.887000 -0.001248 
39.888000 -0.001277 
39.889000 -0.001303 
39.890000 -0.001338 
39.891000 -0.001372 
39.892000 -0.001412 
39.893000 -0.001437 
39.894000 -0.001472 
39.895000 -0.001525 
39.896000 -0.001571 
39.897000 -0.001512 
39.898000 -0.001493 
39.899000 -0.001204 
39.900000 -0.001509 
39.901000 -0.001538 
39.902000 -0.001496 
39.903000 -0.001478 
39.904000 -0.001500 
39.905000 -0.001552 
39.906000 -0.001556 
39.907000 -0.001533 
39.908000 -0.001527 
39.909000 -0.001559 
39.910000 -0.001527 
39.911000 -0.001452 
39.912000 -0.001438 
39.913000 -0.001455 
39.914000 -0.001491 
39.915000 -0.001539 
39.916000 -0.001289 
39.917000 -0.001583 
39.918000 -0.001674 
39.919000 -0.001800 
39.920000 -0.001579 
39.921000 -0.001830 
39.922000 -0.001828 
39.923000 -0.001814 
39.924000 -0.001832 
39.925000 -0.001834 
39.926000 -0.001858 
39.927000 -0.001880 
39.928000 -0.001935 
39.929000 -0.002001 
39.930000 -0.002086 
39.931000 -0.002163 
39.932000 -0.002187 
39.933000 -0.002248 
39.934000 -0.002317 
39.935000 -0.002336 
39.936000 -0.002288 
39.937000 -0.002266 
39.938000 -0.002261 
39.939000 -0.002284 
39.940000 -0.002120 
39.941000 -0.002231 
39.942000 -0.002265 
39.943000 -0.002291 
39.944000 -0.002315 
39.945000 -0.002318 
39.946000 -0.002323 
39.947000 -0.002318 
39.948000 -0.002326 
39.949000 -0.002345 
39.950000 -0.002371 
39.951000 -0.002348 
39.952000 -0.002351 
39.953000 -0.002345 
39.954000 -0.002325 
39.955000 -0.002308 
39.956000 -0.002269 
39.957000 -0.002210 
39.958000 -0.002197 
39.959000 -0.002198 
39.960000 -0.002178 
39.961000 -0.002112 
39.962000 -0.002150 
39.963000 -0.002164 
39.964000 -0.002156 
39.965000 -0.002152 
39.966000 -0.002162 
39.967000 -0.002176 
39.968000 -0.002131 
39.969000 -0.002105 
39.970000 -0.002043 
39.971000 -0.002022 
39.972000 -0.001954 
39.973000 -0.001900 
39.974000 -0.001871 
39.975000 -0.001834 
39.976000 -0.001813 
39.977000 -0.001814 
39.978000 -0.001805 
39.979000 -0.001809 
39.980000 -0.001831 
39.981000 -0.001855 
39.982000 -0.001899 
39.983000 -0.001850 
39.984000 -0.001792 
39.985000 -0.001723 
39.986000 -0.001675 
39.987000 -0.001652 
39.988000 -0.001644 
39.989000 -0.001635 
39.990000 -0.001668 
39.991000 -0.001683 
39.992000 -0.001671 
39.993000 -0.001652 
39.994000 -0.001647 
39.995000 -0.001205 
39.996000 -0.001562 
39.997000 -0.001615 
39.998000 -0.001657 
39.999000 -0.001676 
40.000000 -0.001689 
40.001000 -0.001694 
40.002000 -0.001706 
40.003000 -0.001836 
40.004000 -0.001719 
40.005000 -0.001691 
40.006000 -0.001678 
40.007000 -0.001679 
40.008000 -0.001702 
40.009000 -0.001705 
40.010000 -0.001731 
40.011000 -0.001745 
40.012000 -0.001732 
40.013000 -0.001731 
40.014000 -0.001733 
40.015000 -0.001729 
40.016000 -0.001730 
40.017000 -0.001727 
40.018000 -0.001721 
40.019000 -0.001724 
40.020000 -0.001717 
40.021000 -0.001697 
40.022000 -0.001697 
40.023000 -0.001686 
40.024000 -0.001686 
40.025000 -0.001904 
40.026000 -0.001709 
40.027000 -0.001692 
40.028000 -0.001694 
40.029000 -0.001682 
40.030000 -0.001666 
40.031000 -0.001645 
40.032000 -0.001620 
40.033000 -0.001604 
40.034000 -0.001593 
40.035000 -0.001588 
40.036000 -0.001591 
40.037000 -0.001589 
40.038000 -0.001585 
40.039000 -0.001584 
40.040000 -0.001600 
40.041000 -0.001620 
40.042000 -0.001628 
40.043000 -0.001638 
40.044000 -0.001655 
40.045000 -0.001648 
40.046000 -0.001652 
40.047000 -0.001591 
40.048000 -0.001594 
40.049000 -0.001922 
40.050000 -0.001664 
40.051000 -0.001643 
40.052000 -0.001623 
40.053000 -0.001621 
40.054000 -0.001626 
40.055000 -0.001637 
40.056000 -0.001647 
40.057000 -0.001656 
40.058000 -0.001663 
40.059000 -0.001655 
40.060000 -0.001645 
40.061000 -0.001609 
40.062000 -0.001594 
40.063000 -0.001594 
40.064000 -0.001567 
40.065000 -0.001585 
40.066000 -0.001602 
40.067000 -0.001609 
40.068000 -0.001602 
40.069000 -0.001582 
40.070000 -0.001582 
40.071000 -0.001605 
40.072000 -0.001596 
40.073000 -0.002022 
40.074000 -0.001676 
40.075000 -0.001645 
40.076000 -0.001626 
40.077000 -0.001605 
40.078000 -0.001593 
40.079000 -0.001600 
40.080000 -0.001597 
40.081000 -0.001546 
40.082000 -0.001554 
40.083000 -0.001547 
40.084000 -0.001551 
40.085000 -0.001551 
40.086000 -0.001555 
40.087000 -0.001564 
40.088000 -0.001548 
40.089000 -0.001555 
40.090000 -0.001534 
40.091000 -0.001524 
40.092000 -0.001505 
40.093000 -0.001523 
40.094000 -0.001518 
40.095000 -0.001530 
40.096000 -0.001537 
40.097000 -0.001534 
40.098000 -0.001529 
40.099000 -0.001546 
40.100000 -0.002049 
40.101000 -0.001598 
40.102000 -0.001556 
40.103000 -0.001559 
40.104000 -0.001560 
40.105000 -0.001548 
40.106000 -0.001518 
40.107000 -0.001513 
40.108000 -0.001528 
40.109000 -0.001536 
40.110000 -0.001532 
40.111000 -0.001502 
40.112000 -0.001507 
40.113000 -0.001516 
40.114000 -0.001527 
40.115000 -0.001552 
40.116000 -0.001569 
40.117000 -0.001553 
40.118000 -0.001556 
40.119000 -0.001581 
40.120000 -0.001580 
40.121000 -0.001588 
40.122000 -0.001610 
40.123000 -0.001628 
40.124000 -0.001581 
40.125000 -0.001584 
40.126000 -0.001588 
40.127000 -0.001594 
40.128000 -0.001577 
40.129000 -0.001607 
40.130000 -0.002201 
40.131000 -0.001734 
40.132000 -0.001710 
40.133000 -0.001726 
40.134000 -0.001754 
40.135000 -0.001786 
40.136000 -0.001764 
40.137000 -0.001762 
40.138000 -0.001722 
40.139000 -0.001625 
40.140000 -0.001656 
40.141000 -0.001706 
40.142000 -0.001738 
40.143000 -0.001771 
40.144000 -0.001843 
40.145000 -0.001844 
40.146000 -0.001773 
40.147000 -0.001797 
40.148000 -0.001829 
40.149000 -0.001678 
40.150000 -0.001625 
40.151000 -0.001675 
40.152000 -0.001679 
40.153000 -0.001686 
40.154000 -0.001534 
40.155000 -0.001556 
40.156000 -0.001559 
40.157000 -0.001574 
40.158000 -0.001518 
40.159000 -0.001553 
40.160000 -0.001446 
40.161000 -0.001424 
40.162000 -0.001430 
40.163000 -0.002102 
40.164000 -0.001560 
40.165000 -0.001480 
40.166000 -0.001473 
40.167000 -0.001358 
40.168000 -0.001343 
40.169000 -0.001378 
40.170000 -0.001280 
40.171000 -0.001201 
40.172000 -0.001244 
40.173000 -0.001269 
40.174000 -0.001281 
40.175000 -0.001277 
40.176000 -0.001285 
40.177000 -0.001288 
40.178000 -0.001300 
40.179000 -0.001276 
40.180000 -0.001213 
40.181000 -0.001219 
40.182000 -0.001235 
40.183000 -0.001220 
40.184000 -0.001218 
40.185000 -0.001226 
40.186000 -0.001098 
40.187000 -0.001114 
40.188000 -0.001136 
40.189000 -0.001041 
40.190000 -0.001049 
40.191000 -0.001074 
40.192000 -0.001090 
40.193000 -0.001099 
40.194000 -0.001098 
40.195000 -0.001078 
40.196000 -0.001043 
40.197000 -0.001041 
40.198000 -0.001034 
40.199000 -0.001080 
40.200000 -0.001083 
40.201000 -0.000981 
40.202000 -0.000977 
40.203000 -0.001003 
40.204000 -0.001674 
40.205000 -0.001064 
40.206000 -0.000982 
40.207000 -0.000936 
40.208000 -0.000908 
40.209000 -0.000895 
40.210000 -0.001001 
40.211000 -0.000973 
40.212000 -0.000925 
40.213000 -0.000888 
40.214000 -0.000801 
40.215000 -0.000799 
40.216000 -0.000856 
40.217000 -0.000779 
40.218000 -0.000815 
40.219000 -0.000645 
40.220000 -0.000501 
40.221000 -0.000503 
40.222000 -0.000474 
40.223000 -0.000520 
40.224000 -0.000546 
40.225000 -0.000552 
40.226000 -0.000573 
40.227000 -0.000596 
40.228000 -0.000593 
40.229000 -0.000583 
40.230000 -0.000594 
40.231000 -0.000588 
40.232000 -0.000601 
40.233000 -0.000604 
40.234000 -0.000583 
40.235000 -0.000604 
40.236000 -0.000640 
40.237000 -0.000641 
40.238000 -0.000642 
40.239000 -0.000621 
40.240000 -0.000615 
40.241000 -0.000608 
40.242000 -0.000597 
40.243000 -0.000590 
40.244000 -0.000581 
40.245000 -0.000581 
40.246000 -0.000581 
40.247000 -0.000584 
40.248000 -0.000595 
40.249000 -0.000594 
40.250000 -0.000613 
40.251000 -0.000609 
40.252000 -0.000603 
40.253000 -0.000601 
40.254000 -0.000581 
40.255000 -0.000581 
40.256000 -0.000572 
40.257000 -0.000575 
40.258000 -0.000580 
40.259000 -0.000579 
40.260000 -0.001359 
40.261000 -0.000683 
40.262000 -0.000607 
40.263000 -0.000569 
40.264000 -0.000541 
40.265000 -0.000535 
40.266000 -0.000531 
40.267000 -0.000528 
40.268000 -0.000525 
40.269000 -0.000518 
40.270000 -0.000492 
40.271000 -0.000480 
40.272000 -0.000467 
40.273000 -0.000460 
40.274000 -0.000457 
40.275000 -0.000444 
40.276000 -0.000436 
40.277000 -0.000430 
40.278000 -0.000418 
40.279000 -0.000418 
40.280000 -0.000408 
40.281000 -0.000394 
40.282000 -0.000393 
40.283000 -0.000384 
40.284000 -0.000390 
40.285000 -0.000368 
40.286000 -0.000358 
40.287000 -0.000343 
40.288000 -0.000337 
40.289000 -0.000334 
40.290000 -0.000327 
40.291000 -0.000312 
40.292000 -0.000297 
40.293000 -0.000296 
40.294000 -0.000291 
40.295000 -0.000289 
40.296000 -0.000289 
40.297000 -0.000277 
40.298000 -0.000276 
40.299000 -0.000276 
40.300000 -0.000255 
40.301000 -0.000235 
40.302000 -0.000233 
40.303000 -0.000224 
40.304000 -0.000212 
40.305000 -0.000192 
40.306000 -0.000186 
40.307000 -0.000180 
40.308000 -0.000160 
40.309000 -0.000144 
40.310000 -0.000115 
40.311000 -0.000117 
40.312000 -0.000118 
40.313000 -0.000115 
40.314000 -0.000132 
40.315000 -0.000099 
40.316000 -0.000080 
40.317000 -0.000014 
40.318000 0.000005 
40.319000 0.000021 
40.320000 0.000037 
40.321000 0.000058 
40.322000 0.000081 
40.323000 0.000100 
40.324000 0.000117 
40.325000 0.000127 
40.326000 0.000156 
40.327000 0.000193 
40.328000 0.000207 
40.329000 0.000220 
40.330000 0.000238 
40.331000 0.000263 
40.332000 0.000282 
40.333000 0.000302 
40.334000 0.000326 
40.335000 0.000357 
40.336000 0.000381 
40.337000 0.000403 
40.338000 0.000422 
40.339000 0.000440 
40.340000 0.000452 
40.341000 0.000469 
40.342000 0.000482 
40.343000 0.000516 
40.344000 0.000538 
40.345000 0.000555 
40.346000 0.000510 
40.347000 0.000533 
40.348000 0.000577 
40.349000 0.000606 
40.350000 0.000624 
40.351000 0.000649 
40.352000 0.000676 
40.353000 0.000702 
40.354000 0.000723 
40.355000 0.000751 
40.356000 0.000776 
40.357000 0.000806 
40.358000 0.000827 
40.359000 0.000558 
40.360000 0.000835 
40.361000 0.000884 
40.362000 0.000912 
40.363000 0.000932 
40.364000 0.000955 
40.365000 0.000981 
40.366000 0.000997 
40.367000 0.001007 
40.368000 0.001019 
40.369000 0.001041 
40.370000 0.001069 
40.371000 0.001094 
40.372000 0.001107 
40.373000 0.001119 
40.374000 0.001132 
40.375000 0.001151 
40.376000 0.001170 
40.377000 0.001195 
40.378000 0.001214 
40.379000 0.001224 
40.380000 0.001239 
40.381000 0.001258 
40.382000 0.001269 
40.383000 0.001277 
40.384000 0.001284 
40.385000 0.001285 
40.386000 0.001286 
40.387000 0.001297 
40.388000 0.001314 
40.389000 0.001329 
40.390000 0.001334 
40.391000 0.001335 
40.392000 0.001332 
40.393000 0.001322 
40.394000 0.001316 
40.395000 0.001309 
40.396000 0.001307 
40.397000 0.001306 
40.398000 0.001303 
40.399000 0.001300 
40.400000 0.001292 
40.401000 0.001290 
40.402000 0.001286 
40.403000 0.001281 
40.404000 0.001279 
40.405000 0.001277 
40.406000 0.001273 
40.407000 0.001270 
40.408000 0.001267 
40.409000 0.001260 
40.410000 0.001258 
40.411000 0.001261 
40.412000 0.001264 
40.413000 0.001254 
40.414000 0.001239 
40.415000 0.001217 
40.416000 0.001205 
40.417000 0.001188 
40.418000 0.001169 
40.419000 0.001159 
40.420000 0.001154 
40.421000 0.001150 
40.422000 0.001138 
40.423000 0.001134 
40.424000 0.001130 
40.425000 0.001110 
40.426000 0.001084 
40.427000 0.001073 
40.428000 0.001062 
40.429000 0.001052 
40.430000 0.001042 
40.431000 0.001035 
40.432000 0.001026 
40.433000 0.001015 
40.434000 0.001004 
40.435000 0.000994 
40.436000 0.000986 
40.437000 0.000977 
40.438000 0.000968 
40.439000 0.000956 
40.440000 0.000946 
40.441000 0.000931 
40.442000 0.000916 
40.443000 0.000901 
40.444000 0.000891 
40.445000 0.000879 
40.446000 0.000867 
40.447000 0.000857 
40.448000 0.000849 
40.449000 0.000857 
40.450000 0.000852 
40.451000 0.000823 
40.452000 0.000798 
40.453000 0.000799 
40.454000 0.000791 
40.455000 0.000787 
40.456000 0.000804 
40.457000 0.000815 
40.458000 0.000828 
40.459000 0.000869 
40.460000 0.000880 
40.461000 0.000860 
40.462000 0.000860 
40.463000 0.000849 
40.464000 0.000858 
40.465000 0.000886 
40.466000 0.000897 
40.467000 0.000881 
40.468000 0.000845 
40.469000 0.000795 
40.470000 0.000754 
40.471000 0.000713 
40.472000 0.000678 
40.473000 0.000649 
40.474000 0.000617 
40.475000 0.001273 
40.476000 0.000668 
40.477000 0.000573 
40.478000 0.000520 
40.479000 0.000477 
40.480000 0.000445 
40.481000 0.000420 
40.482000 0.000400 
40.483000 0.000383 
40.484000 0.000368 
40.485000 0.000353 
40.486000 0.000340 
40.487000 0.000327 
40.488000 0.000317 
40.489000 0.000307 
40.490000 0.000296 
40.491000 0.000285 
40.492000 0.000274 
40.493000 0.000265 
40.494000 0.000256 
40.495000 0.000248 
40.496000 0.000238 
40.497000 0.000228 
40.498000 0.000219 
40.499000 0.000208 
40.500000 0.000200 
40.501000 0.000192 
40.502000 0.000186 
40.503000 0.000182 
40.504000 0.000177 
40.505000 0.000174 
40.506000 0.000168 
40.507000 0.000161 
40.508000 0.000154 
40.509000 0.000152 
40.510000 0.000147 
40.511000 0.000120 
40.512000 -0.000017 
40.513000 -0.000014 
40.514000 0.000123 
40.515000 0.000441 
40.516000 0.001014 
40.517000 0.001570 
40.518000 0.002324 
40.519000 0.003273 
40.520000 0.004318 
40.521000 0.005517 
40.522000 0.006859 
40.523000 0.008333 
40.524000 0.009950 
40.525000 0.011693 
40.526000 0.013585 
40.527000 0.015645 
40.528000 0.017861 
40.529000 0.020226 
40.530000 0.022753 
40.531000 0.025453 
40.532000 0.028324 
40.533000 0.031349 
40.534000 0.035128 
40.535000 0.038016 
40.536000 0.041518 
40.537000 0.045227 
40.538000 0.049127 
40.539000 0.053218 
40.540000 0.057493 
40.541000 0.061954 
40.542000 0.066596 
40.543000 0.071413 
40.544000 0.076417 
40.545000 0.081588 
40.546000 0.086943 
40.547000 0.092479 
40.548000 0.098188 
40.549000 0.104081 
40.550000 0.110151 
40.551000 0.116400 
40.552000 0.122821 
40.553000 0.129408 
40.554000 0.136151 
40.555000 0.143055 
40.556000 0.150113 
40.557000 0.157330 
40.558000 0.165024 
40.559000 0.173769 
40.560000 0.182696 
40.561000 0.191958 
40.562000 0.201649 
40.563000 0.211411 
40.564000 0.221875 
40.565000 0.232603 
40.566000 0.243635 
40.567000 0.254857 
40.568000 0.266348 
40.569000 0.278059 
40.570000 0.289959 
40.571000 0.302060 
40.572000 0.314373 
40.573000 0.326871 
40.574000 0.339538 
40.575000 0.352395 
40.576000 0.365433 
40.577000 0.378631 
40.578000 0.392479 
40.579000 0.405574 
40.580000 0.419206 
40.581000 0.433004 
40.582000 0.446957 
40.583000 0.461058 
40.584000 0.475297 
40.585000 0.489693 
40.586000 0.504224 
40.587000 0.518879 
40.588000 0.533655 
40.589000 0.548555 
40.590000 0.563575 
40.591000 0.578727 
40.592000 0.593992 
40.593000 0.609357 
40.594000 0.624828 
40.595000 0.640401 
40.596000 0.656080 
40.597000 0.671859 
40.598000 0.687728 
40.599000 0.703685 
40.600000 0.719725 
40.601000 0.736350 
40.602000 0.753854 
40.603000 0.770812 
40.604000 0.788107 
40.605000 0.805245 
40.606000 0.822367 
40.607000 0.839743 
40.608000 0.856999 
40.609000 0.874209 
40.610000 0.891378 
40.611000 0.908615 
40.612000 0.925791 
40.613000 0.942839 
40.614000 0.959840 
40.615000 0.977265 
40.616000 0.993813 
40.617000 1.010605 
40.618000 1.027393 
40.619000 1.044165 
40.620000 1.060876 
40.621000 1.077537 
40.622000 1.094158 
40.623000 1.110755 
40.624000 1.127313 
40.625000 1.143838 
40.626000 1.160341 
40.627000 1.176814 
40.628000 1.193258 
40.629000 1.209675 
40.630000 1.226060 
40.631000 1.242433 
40.632000 1.258792 
40.633000 1.275127 
40.634000 1.291419 
40.635000 1.307685 
40.636000 1.323934 
40.637000 1.340173 
40.638000 1.356400 
40.639000 1.372585 
40.640000 1.388722 
40.641000 1.404825 
40.642000 1.420902 
40.643000 1.436951 
40.644000 1.452961 
40.645000 1.468964 
40.646000 1.484948 
40.647000 1.500654 
40.648000 1.516453 
40.649000 1.531667 
40.650000 1.546801 
40.651000 1.561905 
40.652000 1.577148 
40.653000 1.592317 
40.654000 1.607551 
40.655000 1.622739 
40.656000 1.637895 
40.657000 1.653113 
40.658000 1.668290 
40.659000 1.683408 
40.660000 1.698440 
40.661000 1.713534 
40.662000 1.728512 
40.663000 1.743440 
40.664000 1.758361 
40.665000 1.773236 
40.666000 1.788061 
40.667000 1.802859 
40.668000 1.817617 
40.669000 1.832323 
40.670000 1.846997 
40.671000 1.861600 
40.672000 1.876198 
40.673000 1.890747 
40.674000 1.905252 
40.675000 1.919708 
40.676000 1.934138 
40.677000 1.948523 
40.678000 1.962870 
40.679000 1.977452 
40.680000 1.991457 
40.681000 2.005631 
40.682000 2.019799 
40.683000 2.033959 
40.684000 2.048058 
40.685000 2.062088 
40.686000 2.076082 
40.687000 2.090032 
40.688000 2.103921 
40.689000 2.117751 
40.690000 2.131557 
40.691000 2.145342 
40.692000 2.159078 
40.693000 2.172759 
40.694000 2.186376 
40.695000 2.199945 
40.696000 2.213441 
40.697000 2.226871 
40.698000 2.240263 
40.699000 2.253599 
40.700000 2.266824 
40.701000 2.279516 
40.702000 2.292169 
40.703000 2.304995 
40.704000 2.317847 
40.705000 2.330458 
40.706000 2.343183 
40.707000 2.356009 
40.708000 2.368391 
40.709000 2.380923 
40.710000 2.393341 
40.711000 2.405702 
40.712000 2.418073 
40.713000 2.430419 
40.714000 2.442602 
40.715000 2.454640 
40.716000 2.466693 
40.717000 2.478721 
40.718000 2.490684 
40.719000 2.502576 
40.720000 2.514414 
40.721000 2.526157 
40.722000 2.537895 
40.723000 2.549518 
40.724000 2.561059 
40.725000 2.572514 
40.726000 2.583891 
40.727000 2.595183 
40.728000 2.606480 
40.729000 2.617729 
40.730000 2.628905 
40.731000 2.640188 
40.732000 2.650768 
40.733000 2.661571 
40.734000 2.672343 
40.735000 2.683204 
40.736000 2.693746 
40.737000 2.704308 
40.738000 2.714799 
40.739000 2.725223 
40.740000 2.735568 
40.741000 2.745860 
40.742000 2.756092 
40.743000 2.766099 
40.744000 2.776101 
40.745000 2.786033 
40.746000 2.795887 
40.747000 2.805722 
40.748000 2.815585 
40.749000 2.824928 
40.750000 2.834363 
40.751000 2.843779 
40.752000 2.853119 
40.753000 2.862437 
40.754000 2.871677 
40.755000 2.880915 
40.756000 2.890234 
40.757000 2.898788 
40.758000 2.907330 
40.759000 2.916085 
40.760000 2.924743 
40.761000 2.933356 
40.762000 2.941974 
40.763000 2.950455 
40.764000 2.958889 
40.765000 2.966440 
40.766000 2.974247 
40.767000 2.981988 
40.768000 2.989677 
40.769000 2.997421 
40.770000 3.005096 
40.771000 3.012577 
40.772000 3.019990 
40.773000 3.027463 
40.774000 3.034807 
40.775000 3.041985 
40.776000 3.049047 
40.777000 3.056155 
40.778000 3.063231 
40.779000 3.070156 
40.780000 3.076795 
40.781000 3.083551 
40.782000 3.090365 
40.783000 3.096902 
40.784000 3.103889 
40.785000 3.110087 
40.786000 3.116018 
40.787000 3.121587 
40.788000 3.127450 
40.789000 3.133393 
40.790000 3.139264 
40.791000 3.145035 
40.792000 3.150790 
40.793000 3.156462 
40.794000 3.162060 
40.795000 3.166934 
40.796000 3.172177 
40.797000 3.177361 
40.798000 3.182459 
40.799000 3.187427 
40.800000 3.192339 
40.801000 3.197149 
40.802000 3.201888 
40.803000 3.206572 
40.804000 3.211180 
40.805000 3.215670 
40.806000 3.220156 
40.807000 3.224724 
40.808000 3.229002 
40.809000 3.232758 
40.810000 3.236882 
40.811000 3.240241 
40.812000 3.244007 
40.813000 3.247738 
40.814000 3.251403 
40.815000 3.254929 
40.816000 3.258579 
40.817000 3.261917 
40.818000 3.265113 
40.819000 3.268007 
40.820000 3.270457 
40.821000 3.273192 
40.822000 3.275968 
40.823000 3.278546 
40.824000 3.281077 
40.825000 3.283612 
40.826000 3.285938 
40.827000 3.288217 
40.828000 3.290597 
40.829000 3.292547 
40.830000 3.294018 
40.831000 3.295994 
40.832000 3.297883 
40.833000 3.299656 
40.834000 3.301034 
40.835000 3.301855 
40.836000 3.303283 
40.837000 3.304389 
40.838000 3.305458 
40.839000 3.306443 
40.840000 3.307281 
40.841000 3.307821 
40.842000 3.308444 
40.843000 3.309230 
40.844000 3.309774 
40.845000 3.309872 
40.846000 3.310289 
40.847000 3.310541 
40.848000 3.311012 
40.849000 3.310840 
40.850000 3.311053 
40.851000 3.311166 
40.852000 3.311267 
40.853000 3.311216 
40.854000 3.311760 
40.855000 3.312235 
40.856000 3.311566 
40.857000 3.311352 
40.858000 3.310649 
40.859000 3.310132 
40.860000 3.308944 
