Time(s) Pressure(mBar)
36.862000 -0.012666 
36.863000 -0.011867 
36.864000 -0.011414 
36.865000 -0.011194 
36.866000 -0.011067 
36.867000 -0.010990 
36.868000 -0.010964 
36.869000 -0.010970 
36.870000 -0.010969 
36.871000 -0.010973 
36.872000 -0.010988 
36.873000 -0.010999 
36.874000 -0.010986 
36.875000 -0.010970 
36.876000 -0.010964 
36.877000 -0.010969 
36.878000 -0.010990 
36.879000 -0.011016 
36.880000 -0.011032 
36.881000 -0.011041 
36.882000 -0.011052 
36.883000 -0.011063 
36.884000 -0.011072 
36.885000 -0.011087 
36.886000 -0.011112 
36.887000 -0.010957 
36.888000 -0.011154 
36.889000 -0.011196 
36.890000 -0.011195 
36.891000 -0.011225 
36.892000 -0.011275 
36.893000 -0.011331 
36.894000 -0.011354 
36.895000 -0.011358 
36.896000 -0.011347 
36.897000 -0.011333 
36.898000 -0.011328 
36.899000 -0.011341 
36.900000 -0.011360 
36.901000 -0.011380 
36.902000 -0.011404 
36.903000 -0.011428 
36.904000 -0.011455 
36.905000 -0.011457 
36.906000 -0.011473 
36.907000 -0.011523 
36.908000 -0.011591 
36.909000 -0.011667 
36.910000 -0.011738 
36.911000 -0.011792 
36.912000 -0.011824 
36.913000 -0.011820 
36.914000 -0.011796 
36.915000 -0.011765 
36.916000 -0.011742 
36.917000 -0.011728 
36.918000 -0.011724 
36.919000 -0.011731 
36.920000 -0.011752 
36.921000 -0.011777 
36.922000 -0.011807 
36.923000 -0.011844 
36.924000 -0.011889 
36.925000 -0.011941 
36.926000 -0.011977 
36.927000 -0.012008 
36.928000 -0.012059 
36.929000 -0.012117 
36.930000 -0.012177 
36.931000 -0.012229 
36.932000 -0.012332 
36.933000 -0.012365 
36.934000 -0.012380 
36.935000 -0.012371 
36.936000 -0.012319 
36.937000 -0.012272 
36.938000 -0.012261 
36.939000 -0.012251 
36.940000 -0.012240 
36.941000 -0.012239 
36.942000 -0.012238 
36.943000 -0.012250 
36.944000 -0.012267 
36.945000 -0.012286 
36.946000 -0.012288 
36.947000 -0.012278 
36.948000 -0.012234 
36.949000 -0.012186 
36.950000 -0.012125 
36.951000 -0.012063 
36.952000 -0.012027 
36.953000 -0.012010 
36.954000 -0.012003 
36.955000 -0.012024 
36.956000 -0.012049 
36.957000 -0.012089 
36.958000 -0.012124 
36.959000 -0.012180 
36.960000 -0.012224 
36.961000 -0.012265 
36.962000 -0.012300 
36.963000 -0.012337 
36.964000 -0.012397 
36.965000 -0.012480 
36.966000 -0.012554 
36.967000 -0.012603 
36.968000 -0.012588 
36.969000 -0.012608 
36.970000 -0.012620 
36.971000 -0.012618 
36.972000 -0.012600 
36.973000 -0.012583 
36.974000 -0.012565 
36.975000 -0.012539 
36.976000 -0.012487 
36.977000 -0.012445 
36.978000 -0.012443 
36.979000 -0.012445 
36.980000 -0.012428 
36.981000 -0.012406 
36.982000 -0.012391 
36.983000 -0.012383 
36.984000 -0.012377 
36.985000 -0.012366 
36.986000 -0.012355 
36.987000 -0.012344 
36.988000 -0.012336 
36.989000 -0.012333 
36.990000 -0.012323 
36.991000 -0.012320 
36.992000 -0.012326 
36.993000 -0.012339 
36.994000 -0.012355 
36.995000 -0.012357 
36.996000 -0.012359 
36.997000 -0.012378 
36.998000 -0.012393 
36.999000 -0.012400 
37.000000 -0.012399 
37.001000 -0.012405 
37.002000 -0.012404 
37.003000 -0.012396 
37.004000 -0.012400 
37.005000 -0.012406 
37.006000 -0.012401 
37.007000 -0.012387 
37.008000 -0.012404 
37.009000 -0.012401 
37.010000 -0.012390 
37.011000 -0.012393 
37.012000 -0.012398 
37.013000 -0.012396 
37.014000 -0.012407 
37.015000 -0.012410 
37.016000 -0.012394 
37.017000 -0.012381 
37.018000 -0.012380 
37.019000 -0.012386 
37.020000 -0.012405 
37.021000 -0.012402 
37.022000 -0.012403 
37.023000 -0.012430 
37.024000 -0.012466 
37.025000 -0.012487 
37.026000 -0.012490 
37.027000 -0.012497 
37.028000 -0.012190 
37.029000 -0.012513 
37.030000 -0.012560 
37.031000 -0.012515 
37.032000 -0.012503 
37.033000 -0.012484 
37.034000 -0.012475 
37.035000 -0.012463 
37.036000 -0.012452 
37.037000 -0.012468 
37.038000 -0.012472 
37.039000 -0.012484 
37.040000 -0.012534 
37.041000 -0.012520 
37.042000 -0.012522 
37.043000 -0.012529 
37.044000 -0.012529 
37.045000 -0.012517 
37.046000 -0.012507 
37.047000 -0.012479 
37.048000 -0.012474 
37.049000 -0.012469 
37.050000 -0.012445 
37.051000 -0.012431 
37.052000 -0.012416 
37.053000 -0.012406 
37.054000 -0.012403 
37.055000 -0.012405 
37.056000 -0.012417 
37.057000 -0.012405 
37.058000 -0.012406 
37.059000 -0.012410 
37.060000 -0.012424 
37.061000 -0.012426 
37.062000 -0.012415 
37.063000 -0.012389 
37.064000 -0.012404 
37.065000 -0.012380 
37.066000 -0.012361 
37.067000 -0.012340 
37.068000 -0.012312 
37.069000 -0.012302 
37.070000 -0.012286 
37.071000 -0.012292 
37.072000 -0.012265 
37.073000 -0.012311 
37.074000 -0.012223 
37.075000 -0.012199 
37.076000 -0.012198 
37.077000 -0.012176 
37.078000 -0.012154 
37.079000 -0.012098 
37.080000 -0.012133 
37.081000 -0.012107 
37.082000 -0.012095 
37.083000 -0.012102 
37.084000 -0.012051 
37.085000 -0.012055 
37.086000 -0.012059 
37.087000 -0.012061 
37.088000 -0.012054 
37.089000 -0.012108 
37.090000 -0.012104 
37.091000 -0.012059 
37.092000 -0.012145 
37.093000 -0.012140 
37.094000 -0.012209 
37.095000 -0.012215 
37.096000 -0.012194 
37.097000 -0.012171 
37.098000 -0.012183 
37.099000 -0.012194 
37.100000 -0.012181 
37.101000 -0.012156 
37.102000 -0.012146 
37.103000 -0.012129 
37.104000 -0.012112 
37.105000 -0.012098 
37.106000 -0.012081 
37.107000 -0.012079 
37.108000 -0.012087 
37.109000 -0.012088 
37.110000 -0.012069 
37.111000 -0.012058 
37.112000 -0.012054 
37.113000 -0.012044 
37.114000 -0.012057 
37.115000 -0.012060 
37.116000 -0.012028 
37.117000 -0.012023 
37.118000 -0.012000 
37.119000 -0.011974 
37.120000 -0.011958 
37.121000 -0.011959 
37.122000 -0.011956 
37.123000 -0.011941 
37.124000 -0.011917 
37.125000 -0.011906 
37.126000 -0.011916 
37.127000 -0.011917 
37.128000 -0.011916 
37.129000 -0.011894 
37.130000 -0.011882 
37.131000 -0.011885 
37.132000 -0.011855 
37.133000 -0.011840 
37.134000 -0.011838 
37.135000 -0.011818 
37.136000 -0.011822 
37.137000 -0.011811 
37.138000 -0.011803 
37.139000 -0.011792 
37.140000 -0.011812 
37.141000 -0.011829 
37.142000 -0.011818 
37.143000 -0.011811 
37.144000 -0.011770 
37.145000 -0.011763 
37.146000 -0.011781 
37.147000 -0.011756 
37.148000 -0.011739 
37.149000 -0.011765 
37.150000 -0.011730 
37.151000 -0.011730 
37.152000 -0.011746 
37.153000 -0.011741 
37.154000 -0.011727 
37.155000 -0.011682 
37.156000 -0.011680 
37.157000 -0.011673 
37.158000 -0.011688 
37.159000 -0.011689 
37.160000 -0.011678 
37.161000 -0.011664 
37.162000 -0.011696 
37.163000 -0.011690 
37.164000 -0.011672 
37.165000 -0.011663 
37.166000 -0.011675 
37.167000 -0.011720 
37.168000 -0.011718 
37.169000 -0.011706 
37.170000 -0.011722 
37.171000 -0.011705 
37.172000 -0.011739 
37.173000 -0.011737 
37.174000 -0.011678 
37.175000 -0.011623 
37.176000 -0.011589 
37.177000 -0.011536 
37.178000 -0.011518 
37.179000 -0.011473 
37.180000 -0.011572 
37.181000 -0.011512 
37.182000 -0.011465 
37.183000 -0.011424 
37.184000 -0.011386 
37.185000 -0.011340 
37.186000 -0.011314 
37.187000 -0.011286 
37.188000 -0.011385 
37.189000 -0.011382 
37.190000 -0.011347 
37.191000 -0.011324 
37.192000 -0.011293 
37.193000 -0.011265 
37.194000 -0.011216 
37.195000 -0.011196 
37.196000 -0.011187 
37.197000 -0.011173 
37.198000 -0.011143 
37.199000 -0.011108 
37.200000 -0.011081 
37.201000 -0.011081 
37.202000 -0.011165 
37.203000 -0.011166 
37.204000 -0.011151 
37.205000 -0.011134 
37.206000 -0.010703 
37.207000 -0.011030 
37.208000 -0.011075 
37.209000 -0.011088 
37.210000 -0.011083 
37.211000 -0.011095 
37.212000 -0.011072 
37.213000 -0.011058 
37.214000 -0.011050 
37.215000 -0.011028 
37.216000 -0.011027 
37.217000 -0.010996 
37.218000 -0.011009 
37.219000 -0.011011 
37.220000 -0.011002 
37.221000 -0.011003 
37.222000 -0.010988 
37.223000 -0.010984 
37.224000 -0.010982 
37.225000 -0.010958 
37.226000 -0.010950 
37.227000 -0.010946 
37.228000 -0.010953 
37.229000 -0.010944 
37.230000 -0.010950 
37.231000 -0.010996 
37.232000 -0.010975 
37.233000 -0.010951 
37.234000 -0.010951 
37.235000 -0.010950 
37.236000 -0.010940 
37.237000 -0.010930 
37.238000 -0.010931 
37.239000 -0.010916 
37.240000 -0.010926 
37.241000 -0.010918 
37.242000 -0.010920 
37.243000 -0.010917 
37.244000 -0.010898 
37.245000 -0.010879 
37.246000 -0.010887 
37.247000 -0.010881 
37.248000 -0.010872 
37.249000 -0.010865 
37.250000 -0.010853 
37.251000 -0.010842 
37.252000 -0.010849 
37.253000 -0.010832 
37.254000 -0.010838 
37.255000 -0.010822 
37.256000 -0.010813 
37.257000 -0.010807 
37.258000 -0.010810 
37.259000 -0.010799 
37.260000 -0.010791 
37.261000 -0.010785 
37.262000 -0.010778 
37.263000 -0.010785 
37.264000 -0.010802 
37.265000 -0.010814 
37.266000 -0.010830 
37.267000 -0.010827 
37.268000 -0.010817 
37.269000 -0.010809 
37.270000 -0.010797 
37.271000 -0.010795 
37.272000 -0.010794 
37.273000 -0.010789 
37.274000 -0.010777 
37.275000 -0.010774 
37.276000 -0.010771 
37.277000 -0.010766 
37.278000 -0.010760 
37.279000 -0.010750 
37.280000 -0.010739 
37.281000 -0.010739 
37.282000 -0.010740 
37.283000 -0.010728 
37.284000 -0.010715 
37.285000 -0.010700 
37.286000 -0.010689 
37.287000 -0.010676 
37.288000 -0.010672 
37.289000 -0.010662 
37.290000 -0.010658 
37.291000 -0.010655 
37.292000 -0.010652 
37.293000 -0.010654 
37.294000 -0.010647 
37.295000 -0.010646 
37.296000 -0.010633 
37.297000 -0.010612 
37.298000 -0.010595 
37.299000 -0.010611 
37.300000 -0.010615 
37.301000 -0.010605 
37.302000 -0.010598 
37.303000 -0.010579 
37.304000 -0.010570 
37.305000 -0.010569 
37.306000 -0.010564 
37.307000 -0.010565 
37.308000 -0.010568 
37.309000 -0.010549 
37.310000 -0.010543 
37.311000 -0.010540 
37.312000 -0.010533 
37.313000 -0.010537 
37.314000 -0.010539 
37.315000 -0.010543 
37.316000 -0.010547 
37.317000 -0.010537 
37.318000 -0.010542 
37.319000 -0.010539 
37.320000 -0.010534 
37.321000 -0.010523 
37.322000 -0.010527 
37.323000 -0.010511 
37.324000 -0.010506 
37.325000 -0.010508 
37.326000 -0.010510 
37.327000 -0.010513 
37.328000 -0.010517 
37.329000 -0.010505 
37.330000 -0.010492 
37.331000 -0.010497 
37.332000 -0.010505 
37.333000 -0.010490 
37.334000 -0.010496 
37.335000 -0.010484 
37.336000 -0.009940 
37.337000 -0.010391 
37.338000 -0.010448 
37.339000 -0.010471 
37.340000 -0.010485 
37.341000 -0.010492 
37.342000 -0.010488 
37.343000 -0.010496 
37.344000 -0.010492 
37.345000 -0.010462 
37.346000 -0.010464 
37.347000 -0.010468 
37.348000 -0.010465 
37.349000 -0.010463 
37.350000 -0.010467 
37.351000 -0.010459 
37.352000 -0.010436 
37.353000 -0.010426 
37.354000 -0.010428 
37.355000 -0.010435 
37.356000 -0.010441 
37.357000 -0.010414 
37.358000 -0.010402 
37.359000 -0.010384 
37.360000 -0.010383 
37.361000 -0.010372 
37.362000 -0.010352 
37.363000 -0.010345 
37.364000 -0.010335 
37.365000 -0.010336 
37.366000 -0.010334 
37.367000 -0.010310 
37.368000 -0.010295 
37.369000 -0.010294 
37.370000 -0.010286 
37.371000 -0.010285 
37.372000 -0.010285 
37.373000 -0.010277 
37.374000 -0.010278 
37.375000 -0.010279 
37.376000 -0.010290 
37.377000 -0.010273 
37.378000 -0.010281 
37.379000 -0.010281 
37.380000 -0.010287 
37.381000 -0.010285 
37.382000 -0.010275 
37.383000 -0.010266 
37.384000 -0.010256 
37.385000 -0.010237 
37.386000 -0.010248 
37.387000 -0.010249 
37.388000 -0.010251 
37.389000 -0.010251 
37.390000 -0.010250 
37.391000 -0.010246 
37.392000 -0.010240 
37.393000 -0.010222 
37.394000 -0.010227 
37.395000 -0.010238 
37.396000 -0.010236 
37.397000 -0.010233 
37.398000 -0.010236 
37.399000 -0.010240 
37.400000 -0.010225 
37.401000 -0.010231 
37.402000 -0.010249 
37.403000 -0.010244 
37.404000 -0.010252 
37.405000 -0.010249 
37.406000 -0.010236 
37.407000 -0.010225 
37.408000 -0.010226 
37.409000 -0.010219 
37.410000 -0.010211 
37.411000 -0.010211 
37.412000 -0.010201 
37.413000 -0.010204 
37.414000 -0.010198 
37.415000 -0.010189 
37.416000 -0.010181 
37.417000 -0.010175 
37.418000 -0.010158 
37.419000 -0.010146 
37.420000 -0.010113 
37.421000 -0.010104 
37.422000 -0.010100 
37.423000 -0.010095 
37.424000 -0.010094 
37.425000 -0.010085 
37.426000 -0.010070 
37.427000 -0.010072 
37.428000 -0.010079 
37.429000 -0.010078 
37.430000 -0.010081 
37.431000 -0.010076 
37.432000 -0.010071 
37.433000 -0.009333 
37.434000 -0.009943 
37.435000 -0.010015 
37.436000 -0.010043 
37.437000 -0.010051 
37.438000 -0.010061 
37.439000 -0.010062 
37.440000 -0.010058 
37.441000 -0.010044 
37.442000 -0.010029 
37.443000 -0.010041 
37.444000 -0.010041 
37.445000 -0.010054 
37.446000 -0.010054 
37.447000 -0.010059 
37.448000 -0.010046 
37.449000 -0.010028 
37.450000 -0.010034 
37.451000 -0.010033 
37.452000 -0.010041 
37.453000 -0.010054 
37.454000 -0.010050 
37.455000 -0.010040 
37.456000 -0.010035 
37.457000 -0.010038 
37.458000 -0.010046 
37.459000 -0.010045 
37.460000 -0.010038 
37.461000 -0.010037 
37.462000 -0.010042 
37.463000 -0.010034 
37.464000 -0.010036 
37.465000 -0.010036 
37.466000 -0.010021 
37.467000 -0.010012 
37.468000 -0.010007 
37.469000 -0.009992 
37.470000 -0.009974 
37.471000 -0.009975 
37.472000 -0.009980 
37.473000 -0.009975 
37.474000 -0.009956 
37.475000 -0.009949 
37.476000 -0.009935 
37.477000 -0.009922 
37.478000 -0.009914 
37.479000 -0.009922 
37.480000 -0.009899 
37.481000 -0.009882 
37.482000 -0.009883 
37.483000 -0.009884 
37.484000 -0.009893 
37.485000 -0.009887 
37.486000 -0.009886 
37.487000 -0.009862 
37.488000 -0.009852 
37.489000 -0.009858 
37.490000 -0.009861 
37.491000 -0.009862 
37.492000 -0.009858 
37.493000 -0.009866 
37.494000 -0.009837 
37.495000 -0.009835 
37.496000 -0.009842 
37.497000 -0.009844 
37.498000 -0.009851 
37.499000 -0.009854 
37.500000 -0.009836 
37.501000 -0.009826 
37.502000 -0.009825 
37.503000 -0.009826 
37.504000 -0.009823 
37.505000 -0.009829 
37.506000 -0.009831 
37.507000 -0.009818 
37.508000 -0.009809 
37.509000 -0.009809 
37.510000 -0.009811 
37.511000 -0.009816 
37.512000 -0.009815 
37.513000 -0.009807 
37.514000 -0.009796 
37.515000 -0.009794 
37.516000 -0.009791 
37.517000 -0.009796 
37.518000 -0.009805 
37.519000 -0.009809 
37.520000 -0.009797 
37.521000 -0.009790 
37.522000 -0.009789 
37.523000 -0.009793 
37.524000 -0.009788 
37.525000 -0.009784 
37.526000 -0.009794 
37.527000 -0.009798 
37.528000 -0.009801 
37.529000 -0.009794 
37.530000 -0.009795 
37.531000 -0.009800 
37.532000 -0.008829 
37.533000 -0.009650 
37.534000 -0.009763 
37.535000 -0.009800 
37.536000 -0.009827 
37.537000 -0.009828 
37.538000 -0.009821 
37.539000 -0.009805 
37.540000 -0.009801 
37.541000 -0.009809 
37.542000 -0.009776 
37.543000 -0.009768 
37.544000 -0.009769 
37.545000 -0.009760 
37.546000 -0.009745 
37.547000 -0.009725 
37.548000 -0.009725 
37.549000 -0.009714 
37.550000 -0.009723 
37.551000 -0.009751 
37.552000 -0.009739 
37.553000 -0.009723 
37.554000 -0.009730 
37.555000 -0.009737 
37.556000 -0.009733 
37.557000 -0.009733 
37.558000 -0.009711 
37.559000 -0.009725 
37.560000 -0.009727 
37.561000 -0.009724 
37.562000 -0.009725 
37.563000 -0.009726 
37.564000 -0.009717 
37.565000 -0.009711 
37.566000 -0.009711 
37.567000 -0.009713 
37.568000 -0.009716 
37.569000 -0.009711 
37.570000 -0.009700 
37.571000 -0.009688 
37.572000 -0.009691 
37.573000 -0.009698 
37.574000 -0.009703 
37.575000 -0.009694 
37.576000 -0.009692 
37.577000 -0.009682 
37.578000 -0.009686 
37.579000 -0.009684 
37.580000 -0.009685 
37.581000 -0.009678 
37.582000 -0.009680 
37.583000 -0.009681 
37.584000 -0.009676 
37.585000 -0.009670 
37.586000 -0.009670 
37.587000 -0.009668 
37.588000 -0.009674 
37.589000 -0.009669 
37.590000 -0.009660 
37.591000 -0.009662 
37.592000 -0.009661 
37.593000 -0.009662 
37.594000 -0.009664 
37.595000 -0.009665 
37.596000 -0.009657 
37.597000 -0.009658 
37.598000 -0.009665 
37.599000 -0.009661 
37.600000 -0.009655 
37.601000 -0.009648 
37.602000 -0.009644 
37.603000 -0.009643 
37.604000 -0.009643 
37.605000 -0.009641 
37.606000 -0.009640 
37.607000 -0.009637 
37.608000 -0.009635 
37.609000 -0.009636 
37.610000 -0.009633 
37.611000 -0.009629 
37.612000 -0.009631 
37.613000 -0.009633 
37.614000 -0.009632 
37.615000 -0.009631 
37.616000 -0.009635 
37.617000 -0.009637 
37.618000 -0.009643 
37.619000 -0.009639 
37.620000 -0.009640 
37.621000 -0.009637 
37.622000 -0.009637 
37.623000 -0.009646 
37.624000 -0.009651 
37.625000 -0.009654 
37.626000 -0.009627 
37.627000 -0.009630 
37.628000 -0.009636 
37.629000 -0.009630 
37.630000 -0.009617 
37.631000 -0.009621 
37.632000 -0.009618 
37.633000 -0.009612 
37.634000 -0.009624 
37.635000 -0.009624 
37.636000 -0.009621 
37.637000 -0.009622 
37.638000 -0.009614 
37.639000 -0.009615 
37.640000 -0.009599 
37.641000 -0.009583 
37.642000 -0.009578 
37.643000 -0.009583 
37.644000 -0.009576 
37.645000 -0.009571 
37.646000 -0.009570 
37.647000 -0.009557 
37.648000 -0.009543 
37.649000 -0.009534 
37.650000 -0.009538 
37.651000 -0.009532 
37.652000 -0.009528 
37.653000 -0.009525 
37.654000 -0.009534 
37.655000 -0.009524 
37.656000 -0.009526 
37.657000 -0.009537 
37.658000 -0.009542 
37.659000 -0.009545 
37.660000 -0.009547 
37.661000 -0.009535 
37.662000 -0.009539 
37.663000 -0.009533 
37.664000 -0.009532 
37.665000 -0.009524 
37.666000 -0.009519 
37.667000 -0.009518 
37.668000 -0.009431 
37.669000 -0.009502 
37.670000 -0.009513 
37.671000 -0.009522 
37.672000 -0.009514 
37.673000 -0.009523 
37.674000 -0.009520 
37.675000 -0.009518 
37.676000 -0.009526 
37.677000 -0.009533 
37.678000 -0.009525 
37.679000 -0.009509 
37.680000 -0.009516 
37.681000 -0.009518 
37.682000 -0.009515 
37.683000 -0.009511 
37.684000 -0.009510 
37.685000 -0.009512 
37.686000 -0.009509 
37.687000 -0.009506 
37.688000 -0.009506 
37.689000 -0.009505 
37.690000 -0.009499 
37.691000 -0.009506 
37.692000 -0.009504 
37.693000 -0.009501 
37.694000 -0.009498 
37.695000 -0.009504 
37.696000 -0.009505 
37.697000 -0.009496 
37.698000 -0.009503 
37.699000 -0.009490 
37.700000 -0.009495 
37.701000 -0.009499 
37.702000 -0.009489 
37.703000 -0.009483 
37.704000 -0.009483 
37.705000 -0.009488 
37.706000 -0.009483 
37.707000 -0.009487 
37.708000 -0.009490 
37.709000 -0.009484 
37.710000 -0.009485 
37.711000 -0.009479 
37.712000 -0.009479 
37.713000 -0.009475 
37.714000 -0.009477 
37.715000 -0.009478 
37.716000 -0.009480 
37.717000 -0.009481 
37.718000 -0.009480 
37.719000 -0.009482 
37.720000 -0.009479 
37.721000 -0.009481 
37.722000 -0.009475 
37.723000 -0.009463 
37.724000 -0.009462 
37.725000 -0.009463 
37.726000 -0.009467 
37.727000 -0.009469 
37.728000 -0.009474 
37.729000 -0.009476 
37.730000 -0.009471 
37.731000 -0.009473 
37.732000 -0.009478 
37.733000 -0.009479 
37.734000 -0.009479 
37.735000 -0.009479 
37.736000 -0.009480 
37.737000 -0.009483 
37.738000 -0.009480 
37.739000 -0.009471 
37.740000 -0.009472 
37.741000 -0.009475 
37.742000 -0.009470 
37.743000 -0.009472 
37.744000 -0.009462 
37.745000 -0.009460 
37.746000 -0.009461 
37.747000 -0.009462 
37.748000 -0.009454 
37.749000 -0.009448 
37.750000 -0.009449 
37.751000 -0.009451 
37.752000 -0.009455 
37.753000 -0.009457 
37.754000 -0.009463 
37.755000 -0.009459 
37.756000 -0.009457 
37.757000 -0.009463 
37.758000 -0.009466 
37.759000 -0.009460 
37.760000 -0.009458 
37.761000 -0.009461 
37.762000 -0.009459 
37.763000 -0.009463 
37.764000 -0.009472 
37.765000 -0.009477 
37.766000 -0.009472 
37.767000 -0.009476 
37.768000 -0.009484 
37.769000 -0.009491 
37.770000 -0.009475 
37.771000 -0.009467 
37.772000 -0.009461 
37.773000 -0.009461 
37.774000 -0.009455 
37.775000 -0.009456 
37.776000 -0.009449 
37.777000 -0.009449 
37.778000 -0.009447 
37.779000 -0.009456 
37.780000 -0.009465 
37.781000 -0.009465 
37.782000 -0.009459 
37.783000 -0.009451 
37.784000 -0.009458 
37.785000 -0.009454 
37.786000 -0.009442 
37.787000 -0.010664 
37.788000 -0.009625 
37.789000 -0.009517 
37.790000 -0.009470 
37.791000 -0.009450 
37.792000 -0.009432 
37.793000 -0.009408 
37.794000 -0.009409 
37.795000 -0.009407 
37.796000 -0.009407 
37.797000 -0.009395 
37.798000 -0.009392 
37.799000 -0.009391 
37.800000 -0.009392 
37.801000 -0.009393 
37.802000 -0.009392 
37.803000 -0.009400 
37.804000 -0.009396 
37.805000 -0.009389 
37.806000 -0.009380 
37.807000 -0.009380 
37.808000 -0.009383 
37.809000 -0.009388 
37.810000 -0.009389 
37.811000 -0.009389 
37.812000 -0.009384 
37.813000 -0.009374 
37.814000 -0.009375 
37.815000 -0.009371 
37.816000 -0.009365 
37.817000 -0.009360 
37.818000 -0.009328 
37.819000 -0.009362 
37.820000 -0.009369 
37.821000 -0.009366 
37.822000 -0.009370 
37.823000 -0.009372 
37.824000 -0.009364 
37.825000 -0.009363 
37.826000 -0.009356 
37.827000 -0.009354 
37.828000 -0.009349 
37.829000 -0.009349 
37.830000 -0.009349 
37.831000 -0.009347 
37.832000 -0.009350 
37.833000 -0.009353 
37.834000 -0.009362 
37.835000 -0.009360 
37.836000 -0.009344 
37.837000 -0.009348 
37.838000 -0.009336 
37.839000 -0.009331 
37.840000 -0.009332 
37.841000 -0.009328 
37.842000 -0.009321 
37.843000 -0.009314 
37.844000 -0.010377 
37.845000 -0.009449 
37.846000 -0.009349 
37.847000 -0.009305 
37.848000 -0.009286 
37.849000 -0.009260 
37.850000 -0.009246 
37.851000 -0.009237 
37.852000 -0.009229 
37.853000 -0.009220 
37.854000 -0.009211 
37.855000 -0.009210 
37.856000 -0.009209 
37.857000 -0.009215 
37.858000 -0.009217 
37.859000 -0.009223 
37.860000 -0.009223 
37.861000 -0.009224 
37.862000 -0.009222 
37.863000 -0.009220 
37.864000 -0.009220 
37.865000 -0.009219 
37.866000 -0.009219 
37.867000 -0.009217 
37.868000 -0.009217 
37.869000 -0.009220 
37.870000 -0.009219 
37.871000 -0.009216 
37.872000 -0.009212 
37.873000 -0.009212 
37.874000 -0.009210 
37.875000 -0.009209 
37.876000 -0.009210 
37.877000 -0.009208 
37.878000 -0.009207 
37.879000 -0.009206 
37.880000 -0.009204 
37.881000 -0.009202 
37.882000 -0.009197 
37.883000 -0.009195 
37.884000 -0.010096 
37.885000 -0.009315 
37.886000 -0.009230 
37.887000 -0.009194 
37.888000 -0.009177 
37.889000 -0.009166 
37.890000 -0.009159 
37.891000 -0.009155 
37.892000 -0.009152 
37.893000 -0.009150 
37.894000 -0.009148 
37.895000 -0.009147 
37.896000 -0.009146 
37.897000 -0.009144 
37.898000 -0.009142 
37.899000 -0.009142 
37.900000 -0.009140 
37.901000 -0.009138 
37.902000 -0.009136 
37.903000 -0.009135 
37.904000 -0.009134 
37.905000 -0.009134 
37.906000 -0.009133 
37.907000 -0.009131 
37.908000 -0.009130 
37.909000 -0.009127 
37.910000 -0.009127 
37.911000 -0.009126 
37.912000 -0.009127 
37.913000 -0.009126 
37.914000 -0.009125 
37.915000 -0.009126 
37.916000 -0.009845 
37.917000 -0.009219 
37.918000 -0.009148 
37.919000 -0.009124 
37.920000 -0.009110 
37.921000 -0.009104 
37.922000 -0.009101 
37.923000 -0.009101 
37.924000 -0.009098 
37.925000 -0.009094 
37.926000 -0.009089 
37.927000 -0.009098 
37.928000 -0.009098 
37.929000 -0.009096 
37.930000 -0.009097 
37.931000 -0.009090 
37.932000 -0.009086 
37.933000 -0.009083 
37.934000 -0.009079 
37.935000 -0.009073 
37.936000 -0.009068 
37.937000 -0.009062 
37.938000 -0.009061 
37.939000 -0.009058 
37.940000 -0.009046 
37.941000 -0.009039 
37.942000 -0.009037 
37.943000 -0.009566 
37.944000 -0.009096 
37.945000 -0.009041 
37.946000 -0.009017 
37.947000 -0.009004 
37.948000 -0.008997 
37.949000 -0.008992 
37.950000 -0.008980 
37.951000 -0.008979 
37.952000 -0.008976 
37.953000 -0.008970 
37.954000 -0.008969 
37.955000 -0.008966 
37.956000 -0.008961 
37.957000 -0.008962 
37.958000 -0.008958 
37.959000 -0.008955 
37.960000 -0.008954 
37.961000 -0.008952 
37.962000 -0.008943 
37.963000 -0.008938 
37.964000 -0.008951 
37.965000 -0.008933 
37.966000 -0.008929 
37.967000 -0.009265 
37.968000 -0.008953 
37.969000 -0.008915 
37.970000 -0.008902 
37.971000 -0.008891 
37.972000 -0.008884 
37.973000 -0.008874 
37.974000 -0.008869 
37.975000 -0.008864 
37.976000 -0.008862 
37.977000 -0.008856 
37.978000 -0.008852 
37.979000 -0.008847 
37.980000 -0.008842 
37.981000 -0.008832 
37.982000 -0.008831 
37.983000 -0.008829 
37.984000 -0.008828 
37.985000 -0.008822 
37.986000 -0.008819 
37.987000 -0.008817 
37.988000 -0.008817 
37.989000 -0.008957 
37.990000 -0.008816 
37.991000 -0.008799 
37.992000 -0.008788 
37.993000 -0.008774 
37.994000 -0.008764 
37.995000 -0.008758 
37.996000 -0.008755 
37.997000 -0.008756 
37.998000 -0.008755 
37.999000 -0.008750 
38.000000 -0.008748 
38.001000 -0.008741 
38.002000 -0.008739 
38.003000 -0.008733 
38.004000 -0.008731 
38.005000 -0.008727 
38.006000 -0.008719 
38.007000 -0.008711 
38.008000 -0.008705 
38.009000 -0.008640 
38.010000 -0.008668 
38.011000 -0.008669 
38.012000 -0.008664 
38.013000 -0.008658 
38.014000 -0.008654 
38.015000 -0.008652 
38.016000 -0.008648 
38.017000 -0.008642 
38.018000 -0.008633 
38.019000 -0.008625 
38.020000 -0.008622 
38.021000 -0.008617 
38.022000 -0.008614 
38.023000 -0.008612 
38.024000 -0.008608 
38.025000 -0.008604 
38.026000 -0.008600 
38.027000 -0.008594 
38.028000 -0.008335 
38.029000 -0.008537 
38.030000 -0.008558 
38.031000 -0.008561 
38.032000 -0.008561 
38.033000 -0.008559 
38.034000 -0.008551 
38.035000 -0.008544 
38.036000 -0.008538 
38.037000 -0.008532 
38.038000 -0.008524 
38.039000 -0.008520 
38.040000 -0.008511 
38.041000 -0.008506 
38.042000 -0.008499 
38.043000 -0.008494 
38.044000 -0.008491 
38.045000 -0.008046 
38.046000 -0.008408 
38.047000 -0.008440 
38.048000 -0.008451 
38.049000 -0.008455 
38.050000 -0.008452 
38.051000 -0.008450 
38.052000 -0.008443 
38.053000 -0.008439 
38.054000 -0.008437 
38.055000 -0.008433 
38.056000 -0.008425 
38.057000 -0.008419 
38.058000 -0.008418 
38.059000 -0.008415 
38.060000 -0.008409 
38.061000 -0.008402 
38.062000 -0.007760 
38.063000 -0.008293 
38.064000 -0.008345 
38.065000 -0.008358 
38.066000 -0.008358 
38.067000 -0.008364 
38.068000 -0.008363 
38.069000 -0.008357 
38.070000 -0.008348 
38.071000 -0.008342 
38.072000 -0.008343 
38.073000 -0.008338 
38.074000 -0.008327 
38.075000 -0.008317 
38.076000 -0.008313 
38.077000 -0.008311 
38.078000 -0.007482 
38.079000 -0.008172 
38.080000 -0.008242 
38.081000 -0.008265 
38.082000 -0.008274 
38.083000 -0.008279 
38.084000 -0.008277 
38.085000 -0.008271 
38.086000 -0.008264 
38.087000 -0.008262 
38.088000 -0.008253 
38.089000 -0.008238 
38.090000 -0.008230 
38.091000 -0.008225 
38.092000 -0.008216 
38.093000 -0.008207 
38.094000 -0.007184 
38.095000 -0.008041 
38.096000 -0.008130 
38.097000 -0.008155 
38.098000 -0.008159 
38.099000 -0.008160 
38.100000 -0.008158 
38.101000 -0.008156 
38.102000 -0.008149 
38.103000 -0.008138 
38.104000 -0.008133 
38.105000 -0.008127 
38.106000 -0.008124 
38.107000 -0.008118 
38.108000 -0.008109 
38.109000 -0.006904 
38.110000 -0.007990 
38.111000 -0.008030 
38.112000 -0.008056 
38.113000 -0.008064 
38.114000 -0.008061 
38.115000 -0.008060 
38.116000 -0.008056 
38.117000 -0.008052 
38.118000 -0.008046 
38.119000 -0.008032 
38.120000 -0.008028 
38.121000 -0.008023 
38.122000 -0.008019 
38.123000 -0.008007 
38.124000 -0.006621 
38.125000 -0.007793 
38.126000 -0.007917 
38.127000 -0.007959 
38.128000 -0.007967 
38.129000 -0.007964 
38.130000 -0.007965 
38.131000 -0.007964 
38.132000 -0.007958 
38.133000 -0.007945 
38.134000 -0.007934 
38.135000 -0.007929 
38.136000 -0.007924 
38.137000 -0.007918 
38.138000 -0.007906 
38.139000 -0.006354 
38.140000 -0.007672 
38.141000 -0.007809 
38.142000 -0.007853 
38.143000 -0.007865 
38.144000 -0.007872 
38.145000 -0.007873 
38.146000 -0.007871 
38.147000 -0.007860 
38.148000 -0.007848 
38.149000 -0.007843 
38.150000 -0.007839 
38.151000 -0.007831 
38.152000 -0.007820 
38.153000 -0.007810 
38.154000 -0.006096 
38.155000 -0.007559 
38.156000 -0.007715 
38.157000 -0.007759 
38.158000 -0.007776 
38.159000 -0.007779 
38.160000 -0.007783 
38.161000 -0.007784 
38.162000 -0.007770 
38.163000 -0.007757 
38.164000 -0.007748 
38.165000 -0.007747 
38.166000 -0.007745 
38.167000 -0.007730 
38.168000 -0.007714 
38.169000 -0.007703 
38.170000 -0.005842 
38.171000 -0.007453 
38.172000 -0.007613 
38.173000 -0.007658 
38.174000 -0.007678 
38.175000 -0.007690 
38.176000 -0.007704 
38.177000 -0.007692 
38.178000 -0.007672 
38.179000 -0.007662 
38.180000 -0.007662 
38.181000 -0.007670 
38.182000 -0.007656 
38.183000 -0.007634 
38.184000 -0.007622 
38.185000 -0.007623 
38.186000 -0.007631 
38.187000 -0.005614 
38.188000 -0.007330 
38.189000 -0.007515 
38.190000 -0.007583 
38.191000 -0.007616 
38.192000 -0.007626 
38.193000 -0.007612 
38.194000 -0.007598 
38.195000 -0.007599 
38.196000 -0.007597 
38.197000 -0.007593 
38.198000 -0.007573 
38.199000 -0.007557 
38.200000 -0.007553 
38.201000 -0.007549 
38.202000 -0.007552 
38.203000 -0.007535 
38.204000 -0.007518 
38.205000 -0.007514 
38.206000 -0.005378 
38.207000 -0.007233 
38.208000 -0.007423 
38.209000 -0.007476 
38.210000 -0.007498 
38.211000 -0.007509 
38.212000 -0.007522 
38.213000 -0.007512 
38.214000 -0.007497 
38.215000 -0.007485 
38.216000 -0.007480 
38.217000 -0.007488 
38.218000 -0.007471 
38.219000 -0.007458 
38.220000 -0.007444 
38.221000 -0.007434 
38.222000 -0.007443 
38.223000 -0.007437 
38.224000 -0.007424 
38.225000 -0.007407 
38.226000 -0.007397 
38.227000 -0.007408 
38.228000 -0.007407 
38.229000 -0.007394 
38.230000 -0.005144 
38.231000 -0.007079 
38.232000 -0.007299 
38.233000 -0.007374 
38.234000 -0.007396 
38.235000 -0.007405 
38.236000 -0.007402 
38.237000 -0.007400 
38.238000 -0.007402 
38.239000 -0.007396 
38.240000 -0.007391 
38.241000 -0.007385 
38.242000 -0.007378 
38.243000 -0.007377 
38.244000 -0.007370 
38.245000 -0.007366 
38.246000 -0.007371 
38.247000 -0.007362 
38.248000 -0.007361 
38.249000 -0.007363 
38.250000 -0.007351 
38.251000 -0.007353 
38.252000 -0.007334 
38.253000 -0.007326 
38.254000 -0.007328 
38.255000 -0.007314 
38.256000 -0.007456 
38.257000 -0.007327 
38.258000 -0.007297 
38.259000 -0.007297 
38.260000 -0.007287 
38.261000 -0.007294 
38.262000 -0.007288 
38.263000 -0.007266 
38.264000 -0.007266 
38.265000 -0.007263 
38.266000 -0.007268 
38.267000 -0.007270 
38.268000 -0.007247 
38.269000 -0.007243 
38.270000 -0.007243 
38.271000 -0.007244 
38.272000 -0.007252 
38.273000 -0.007239 
38.274000 -0.007232 
38.275000 -0.007233 
38.276000 -0.007234 
38.277000 -0.007239 
38.278000 -0.007241 
38.279000 -0.007228 
38.280000 -0.007226 
38.281000 -0.007228 
38.282000 -0.007234 
38.283000 -0.007245 
38.284000 -0.007222 
38.285000 -0.007220 
38.286000 -0.007224 
38.287000 -0.007232 
38.288000 -0.007253 
38.289000 -0.007238 
38.290000 -0.007230 
38.291000 -0.007247 
38.292000 -0.007270 
38.293000 -0.007298 
38.294000 -0.007299 
38.295000 -0.007269 
38.296000 -0.007264 
38.297000 -0.007276 
38.298000 -0.007286 
38.299000 -0.007297 
38.300000 -0.007263 
38.301000 -0.007242 
38.302000 -0.007247 
38.303000 -0.007257 
38.304000 -0.007279 
38.305000 -0.007256 
38.306000 -0.007227 
38.307000 -0.007223 
38.308000 -0.007236 
38.309000 -0.007255 
38.310000 -0.007256 
38.311000 -0.007230 
38.312000 -0.007220 
38.313000 -0.007225 
38.314000 -0.007247 
38.315000 -0.007270 
38.316000 -0.007251 
38.317000 -0.007238 
38.318000 -0.007239 
38.319000 -0.007252 
38.320000 -0.007286 
38.321000 -0.007274 
38.322000 -0.007261 
38.323000 -0.007260 
38.324000 -0.007266 
38.325000 -0.009221 
38.326000 -0.007535 
38.327000 -0.007332 
38.328000 -0.007271 
38.329000 -0.007255 
38.330000 -0.007266 
38.331000 -0.007287 
38.332000 -0.007274 
38.333000 -0.007274 
38.334000 -0.007285 
38.335000 -0.007296 
38.336000 -0.007329 
38.337000 -0.007328 
38.338000 -0.007326 
38.339000 -0.007334 
38.340000 -0.007338 
38.341000 -0.007369 
38.342000 -0.007378 
38.343000 -0.007367 
38.344000 -0.007372 
38.345000 -0.007374 
38.346000 -0.007391 
38.347000 -0.007410 
38.348000 -0.007410 
38.349000 -0.009110 
38.350000 -0.007615 
38.351000 -0.007443 
38.352000 -0.007421 
38.353000 -0.007407 
38.354000 -0.007398 
38.355000 -0.007399 
38.356000 -0.007400 
38.357000 -0.007420 
38.358000 -0.007437 
38.359000 -0.007445 
38.360000 -0.007452 
38.361000 -0.007449 
38.362000 -0.007455 
38.363000 -0.007477 
38.364000 -0.007496 
38.365000 -0.007498 
38.366000 -0.007498 
38.367000 -0.007493 
38.368000 -0.007510 
38.369000 -0.009035 
38.370000 -0.007717 
38.371000 -0.007572 
38.372000 -0.007525 
38.373000 -0.007505 
38.374000 -0.007519 
38.375000 -0.007526 
38.376000 -0.007529 
38.377000 -0.007530 
38.378000 -0.007527 
38.379000 -0.007539 
38.380000 -0.007559 
38.381000 -0.007567 
38.382000 -0.007571 
38.383000 -0.007569 
38.384000 -0.007572 
38.385000 -0.007593 
38.386000 -0.008935 
38.387000 -0.007780 
38.388000 -0.007649 
38.389000 -0.007608 
38.390000 -0.007599 
38.391000 -0.007608 
38.392000 -0.007617 
38.393000 -0.007626 
38.394000 -0.007631 
38.395000 -0.007637 
38.396000 -0.007858 
38.397000 -0.007700 
38.398000 -0.007699 
38.399000 -0.007696 
38.400000 -0.007699 
38.401000 -0.007708 
38.402000 -0.008903 
38.403000 -0.007884 
38.404000 -0.007769 
38.405000 -0.007739 
38.406000 -0.007733 
38.407000 -0.007733 
38.408000 -0.007742 
38.409000 -0.007751 
38.410000 -0.007761 
38.411000 -0.007774 
38.412000 -0.007785 
38.413000 -0.007792 
38.414000 -0.007802 
38.415000 -0.007815 
38.416000 -0.007826 
38.417000 -0.007832 
38.418000 -0.008865 
38.419000 -0.007975 
38.420000 -0.007882 
38.421000 -0.007860 
38.422000 -0.007854 
38.423000 -0.007852 
38.424000 -0.007853 
38.425000 -0.007866 
38.426000 -0.007880 
38.427000 -0.007892 
38.428000 -0.007902 
38.429000 -0.007915 
38.430000 -0.007929 
38.431000 -0.007940 
38.432000 -0.007949 
38.433000 -0.007961 
38.434000 -0.008857 
38.435000 -0.008095 
38.436000 -0.008014 
38.437000 -0.008001 
38.438000 -0.007997 
38.439000 -0.008002 
38.440000 -0.008009 
38.441000 -0.008011 
38.442000 -0.008021 
38.443000 -0.008031 
38.444000 -0.008051 
38.445000 -0.008061 
38.446000 -0.008060 
38.447000 -0.008068 
38.448000 -0.008080 
38.449000 -0.008853 
38.450000 -0.008214 
38.451000 -0.008144 
38.452000 -0.008130 
38.453000 -0.008127 
38.454000 -0.008128 
38.455000 -0.008142 
38.456000 -0.008157 
38.457000 -0.008170 
38.458000 -0.008176 
38.459000 -0.008184 
38.460000 -0.008194 
38.461000 -0.008209 
38.462000 -0.008220 
38.463000 -0.008227 
38.464000 -0.008242 
38.465000 -0.008872 
38.466000 -0.008349 
38.467000 -0.008303 
38.468000 -0.008292 
38.469000 -0.008283 
38.470000 -0.008277 
38.471000 -0.008289 
38.472000 -0.008312 
38.473000 -0.008329 
38.474000 -0.008332 
38.475000 -0.008328 
38.476000 -0.008328 
38.477000 -0.008344 
38.478000 -0.008361 
38.479000 -0.008376 
38.480000 -0.008380 
38.481000 -0.008374 
38.482000 -0.008871 
38.483000 -0.008464 
38.484000 -0.008429 
38.485000 -0.008419 
38.486000 -0.008415 
38.487000 -0.008409 
38.488000 -0.008424 
38.489000 -0.008434 
38.490000 -0.008444 
38.491000 -0.008437 
38.492000 -0.008450 
38.493000 -0.008464 
38.494000 -0.008465 
38.495000 -0.008469 
38.496000 -0.008473 
38.497000 -0.008489 
38.498000 -0.008500 
38.499000 -0.008879 
38.500000 -0.008576 
38.501000 -0.008543 
38.502000 -0.008533 
38.503000 -0.008543 
38.504000 -0.008546 
38.505000 -0.008566 
38.506000 -0.008584 
38.507000 -0.008593 
38.508000 -0.008594 
38.509000 -0.008597 
38.510000 -0.008606 
38.511000 -0.008635 
38.512000 -0.008642 
38.513000 -0.008646 
38.514000 -0.008653 
38.515000 -0.008650 
38.516000 -0.008691 
38.517000 -0.008939 
38.518000 -0.008712 
38.519000 -0.008691 
38.520000 -0.008672 
38.521000 -0.008696 
38.522000 -0.008708 
38.523000 -0.008683 
38.524000 -0.008678 
38.525000 -0.008692 
38.526000 -0.008722 
38.527000 -0.008760 
38.528000 -0.008745 
38.529000 -0.008735 
38.530000 -0.008752 
38.531000 -0.008766 
38.532000 -0.008798 
38.533000 -0.008811 
38.534000 -0.008793 
38.535000 -0.008941 
38.536000 -0.008830 
38.537000 -0.008828 
38.538000 -0.008863 
38.539000 -0.008840 
38.540000 -0.008848 
38.541000 -0.008856 
38.542000 -0.008864 
38.543000 -0.008897 
38.544000 -0.008922 
38.545000 -0.008886 
38.546000 -0.008897 
38.547000 -0.008897 
38.548000 -0.008925 
38.549000 -0.008970 
38.550000 -0.009252 
38.551000 -0.008989 
38.552000 -0.008938 
38.553000 -0.008962 
38.554000 -0.009006 
38.555000 -0.009012 
38.556000 -0.009043 
38.557000 -0.009015 
38.558000 -0.009003 
38.559000 -0.009049 
38.560000 -0.009084 
38.561000 -0.009076 
38.562000 -0.009102 
38.563000 -0.009082 
38.564000 -0.009085 
38.565000 -0.009128 
38.566000 -0.009112 
38.567000 -0.009126 
38.568000 -0.009156 
38.569000 -0.009141 
38.570000 -0.009153 
38.571000 -0.009153 
38.572000 -0.009160 
38.573000 -0.009189 
38.574000 -0.009214 
38.575000 -0.009187 
38.576000 -0.009220 
38.577000 -0.009128 
38.578000 -0.009203 
38.579000 -0.009235 
38.580000 -0.009314 
38.581000 -0.009293 
38.582000 -0.009249 
38.583000 -0.009276 
38.584000 -0.009321 
38.585000 -0.009372 
38.586000 -0.009437 
38.587000 -0.009387 
38.588000 -0.009374 
38.589000 -0.009418 
38.590000 -0.009438 
38.591000 -0.009471 
38.592000 -0.009458 
38.593000 -0.009412 
38.594000 -0.009393 
38.595000 -0.009433 
38.596000 -0.009476 
38.597000 -0.009446 
38.598000 -0.009471 
38.599000 -0.009507 
38.600000 -0.009495 
38.601000 -0.009296 
38.602000 -0.009473 
38.603000 -0.009547 
38.604000 -0.009591 
38.605000 -0.009574 
38.606000 -0.009527 
38.607000 -0.009588 
38.608000 -0.009639 
38.609000 -0.009655 
38.610000 -0.009678 
38.611000 -0.009634 
38.612000 -0.009704 
38.613000 -0.009735 
38.614000 -0.009765 
38.615000 -0.009783 
38.616000 -0.009789 
38.617000 -0.009736 
38.618000 -0.009786 
38.619000 -0.009846 
38.620000 -0.009808 
38.621000 -0.009838 
38.622000 -0.009867 
38.623000 -0.009828 
38.624000 -0.009831 
38.625000 -0.009886 
38.626000 -0.009904 
38.627000 -0.009623 
38.628000 -0.009826 
38.629000 -0.009879 
38.630000 -0.009935 
38.631000 -0.009995 
38.632000 -0.009949 
38.633000 -0.009933 
38.634000 -0.010028 
38.635000 -0.010094 
38.636000 -0.010099 
38.637000 -0.010088 
38.638000 -0.010121 
38.639000 -0.010122 
38.640000 -0.010201 
38.641000 -0.010157 
38.642000 -0.010182 
38.643000 -0.010207 
38.644000 -0.010174 
38.645000 -0.010203 
38.646000 -0.010246 
38.647000 -0.010286 
38.648000 -0.010222 
38.649000 -0.010260 
38.650000 -0.010257 
38.651000 -0.010304 
38.652000 -0.010301 
38.653000 -0.010351 
38.654000 -0.010310 
38.655000 -0.010408 
38.656000 -0.010450 
38.657000 -0.010488 
38.658000 -0.010108 
38.659000 -0.010419 
38.660000 -0.010528 
38.661000 -0.010596 
38.662000 -0.010647 
38.663000 -0.010555 
38.664000 -0.010595 
38.665000 -0.010596 
38.666000 -0.010667 
38.667000 -0.010665 
38.668000 -0.010668 
38.669000 -0.010656 
38.670000 -0.010683 
38.671000 -0.010661 
38.672000 -0.010708 
38.673000 -0.010758 
38.674000 -0.010735 
38.675000 -0.010788 
38.676000 -0.010866 
38.677000 -0.010973 
38.678000 -0.010935 
38.679000 -0.010987 
38.680000 -0.010988 
38.681000 -0.011019 
38.682000 -0.011053 
38.683000 -0.011079 
38.684000 -0.011047 
38.685000 -0.011059 
38.686000 -0.011032 
38.687000 -0.011065 
38.688000 -0.011124 
38.689000 -0.011074 
38.690000 -0.011074 
38.691000 -0.011094 
38.692000 -0.011174 
38.693000 -0.011173 
38.694000 -0.011246 
38.695000 -0.010784 
38.696000 -0.011308 
38.697000 -0.011414 
38.698000 -0.011500 
38.699000 -0.011483 
38.700000 -0.011484 
38.701000 -0.011491 
38.702000 -0.011519 
38.703000 -0.011558 
38.704000 -0.011524 
38.705000 -0.011477 
38.706000 -0.011472 
38.707000 -0.011500 
38.708000 -0.011486 
38.709000 -0.011492 
38.710000 -0.011520 
38.711000 -0.011568 
38.712000 -0.011661 
38.713000 -0.011817 
38.714000 -0.011874 
38.715000 -0.011877 
38.716000 -0.011932 
38.717000 -0.011994 
38.718000 -0.012027 
38.719000 -0.012001 
38.720000 -0.011949 
38.721000 -0.011972 
38.722000 -0.011972 
38.723000 -0.011953 
38.724000 -0.011898 
38.725000 -0.011828 
38.726000 -0.011861 
38.727000 -0.011928 
38.728000 -0.012036 
38.729000 -0.012146 
38.730000 -0.012188 
38.731000 -0.012285 
38.732000 -0.012434 
38.733000 -0.012501 
38.734000 -0.012509 
38.735000 -0.012440 
38.736000 -0.012443 
38.737000 -0.012478 
38.738000 -0.012474 
38.739000 -0.012398 
38.740000 -0.012332 
38.741000 -0.012262 
38.742000 -0.012260 
38.743000 -0.012352 
38.744000 -0.012460 
38.745000 -0.011893 
38.746000 -0.012519 
38.747000 -0.012769 
38.748000 -0.012979 
38.749000 -0.013110 
38.750000 -0.013152 
38.751000 -0.013139 
38.752000 -0.013097 
38.753000 -0.013096 
38.754000 -0.013015 
38.755000 -0.012871 
38.756000 -0.012806 
38.757000 -0.012698 
38.758000 -0.012689 
38.759000 -0.012822 
38.760000 -0.012950 
38.761000 -0.013044 
38.762000 -0.013095 
38.763000 -0.013213 
38.764000 -0.013359 
38.765000 -0.013481 
38.766000 -0.013640 
38.767000 -0.013722 
38.768000 -0.013699 
38.769000 -0.013605 
38.770000 -0.013469 
38.771000 -0.013302 
38.772000 -0.013107 
38.773000 -0.013001 
38.774000 -0.013410 
38.775000 -0.013744 
38.776000 -0.013889 
38.777000 -0.013930 
38.778000 -0.013899 
38.779000 -0.013848 
38.780000 -0.013880 
38.781000 -0.013875 
38.782000 -0.013968 
38.783000 -0.014135 
38.784000 -0.014227 
38.785000 -0.014159 
38.786000 -0.013942 
38.787000 -0.013657 
38.788000 -0.013380 
38.789000 -0.013195 
38.790000 -0.012438 
38.791000 -0.009514 
38.792000 -0.004531 
38.793000 0.002058 
38.794000 0.010225 
38.795000 0.020003 
38.796000 0.031445 
38.797000 0.044510 
38.798000 0.059089 
38.799000 0.075147 
38.800000 0.092591 
38.801000 0.111364 
38.802000 0.131340 
38.803000 0.152991 
38.804000 0.181644 
38.805000 0.212619 
38.806000 0.245168 
38.807000 0.279815 
38.808000 0.316043 
38.809000 0.353882 
38.810000 0.393195 
38.811000 0.433767 
38.812000 0.475764 
38.813000 0.519058 
38.814000 0.563486 
38.815000 0.609046 
38.816000 0.655666 
38.817000 0.703208 
38.818000 0.751674 
38.819000 0.806245 
38.820000 0.862297 
38.821000 0.916770 
38.822000 0.971834 
38.823000 1.025916 
38.824000 1.079601 
38.825000 1.133974 
38.826000 1.187293 
38.827000 1.240055 
38.828000 1.292791 
38.829000 1.345604 
38.830000 1.397609 
38.831000 1.449200 
38.832000 1.500946 
38.833000 1.552326 
38.834000 1.604335 
38.835000 1.656272 
38.836000 1.706729 
38.837000 1.757721 
38.838000 1.807621 
38.839000 1.857096 
38.840000 1.906726 
38.841000 1.956596 
38.842000 2.005230 
38.843000 2.053184 
38.844000 2.101191 
38.845000 2.149674 
38.846000 2.197280 
38.847000 2.244104 
38.848000 2.291216 
38.849000 2.336556 
38.850000 2.383143 
38.851000 2.428483 
38.852000 2.473526 
38.853000 2.518255 
38.854000 2.562463 
38.855000 2.606187 
38.856000 2.649809 
38.857000 2.693697 
38.858000 2.736247 
38.859000 2.778185 
38.860000 2.819939 
38.861000 2.861599 
38.862000 2.903163 
38.863000 2.944371 
38.864000 2.984456 
38.865000 3.023596 
38.866000 3.062319 
38.867000 3.100484 
38.868000 3.139324 
38.869000 3.177386 
38.870000 3.214632 
38.871000 3.251428 
38.872000 3.287581 
38.873000 3.323618 
38.874000 3.359454 
38.875000 3.394355 
38.876000 3.428662 
38.877000 3.462304 
38.878000 3.495964 
38.879000 3.529350 
38.880000 3.562377 
38.881000 3.594222 
38.882000 3.625404 
38.883000 3.655606 
38.884000 3.685017 
38.885000 3.714270 
38.886000 3.743077 
38.887000 3.771424 
38.888000 3.799592 
38.889000 3.827230 
38.890000 3.854559 
38.891000 3.881099 
38.892000 3.906766 
38.893000 3.931761 
38.894000 3.955951 
38.895000 3.979661 
38.896000 4.003149 
38.897000 4.026400 
38.898000 4.048881 
38.899000 4.070539 
38.900000 4.091731 
38.901000 4.112337 
38.902000 4.131961 
38.903000 4.151044 
38.904000 4.169279 
38.905000 4.186908 
38.906000 4.203770 
38.907000 4.220399 
38.908000 4.236184 
38.909000 4.252032 
38.910000 4.267323 
38.911000 4.282020 
38.912000 4.295912 
38.913000 4.309338 
38.914000 4.321807 
38.915000 4.333325 
38.916000 4.344245 
38.917000 4.354456 
38.918000 4.364295 
38.919000 4.373562 
38.920000 4.381944 
38.921000 4.390229 
38.922000 4.397680 
38.923000 4.404637 
38.924000 4.410581 
38.925000 4.416345 
38.926000 4.421119 
38.927000 4.425046 
38.928000 4.428331 
38.929000 4.431176 
38.930000 4.433926 
38.931000 4.436275 
38.932000 4.437922 
38.933000 4.438998 
38.934000 4.438930 
38.935000 4.438451 
38.936000 4.437463 
38.937000 4.435884 
38.938000 4.434265 
38.939000 4.431525 
38.940000 4.428380 
38.941000 4.424875 
38.942000 4.420480 
38.943000 4.414280 
38.944000 4.409500 
38.945000 4.403305 
38.946000 4.396336 
38.947000 4.389823 
38.948000 4.382885 
38.949000 4.375176 
38.950000 4.366552 
38.951000 4.357566 
38.952000 4.348099 
38.953000 4.337979 
38.954000 4.327441 
38.955000 4.316427 
38.956000 4.305151 
38.957000 4.293228 
38.958000 4.280812 
38.959000 4.267937 
38.960000 4.254677 
38.961000 4.240814 
38.962000 4.226198 
38.963000 4.211808 
38.964000 4.196308 
38.965000 4.181226 
38.966000 4.165088 
38.967000 4.148194 
38.968000 4.130345 
38.969000 4.113386 
38.970000 4.096546 
38.971000 4.078528 
38.972000 4.059248 
38.973000 4.039704 
38.974000 4.020341 
38.975000 4.002282 
38.976000 3.982652 
38.977000 3.961610 
38.978000 3.941167 
38.979000 3.919158 
38.980000 3.898794 
38.981000 3.878255 
38.982000 3.856452 
38.983000 3.833743 
38.984000 3.811187 
38.985000 3.786762 
38.986000 3.762653 
38.987000 3.739647 
38.988000 3.716178 
38.989000 3.691291 
38.990000 3.666901 
38.991000 3.642527 
38.992000 3.618501 
38.993000 3.593602 
38.994000 3.567599 
38.995000 3.539576 
38.996000 3.511191 
38.997000 3.480389 
38.998000 3.454511 
38.999000 3.428696 
39.000000 3.406556 
39.001000 3.376527 
39.002000 3.362060 
39.003000 3.335398 
39.004000 3.306327 
39.005000 3.278093 
39.006000 3.248714 
39.007000 3.223888 
39.008000 3.206402 
39.009000 3.172191 
39.010000 3.144551 
39.011000 3.111558 
39.012000 3.078661 
39.013000 3.059046 
39.014000 3.025776 
39.015000 2.995287 
39.016000 2.967172 
39.017000 2.935057 
39.018000 2.902747 
39.019000 2.872286 
39.020000 2.840519 
39.021000 2.808934 
39.022000 2.779109 
39.023000 2.749196 
39.024000 2.716687 
39.025000 2.683892 
39.026000 2.656751 
39.027000 2.626648 
39.028000 2.596373 
39.029000 2.562224 
39.030000 2.531440 
39.031000 2.501437 
39.032000 2.472190 
39.033000 2.443179 
39.034000 2.413703 
39.035000 2.385125 
39.036000 2.352233 
39.037000 2.321208 
39.038000 2.292412 
39.039000 2.264826 
39.040000 2.240944 
39.041000 2.202199 
39.042000 2.172387 
39.043000 2.143257 
39.044000 2.114334 
39.045000 2.085797 
39.046000 2.056261 
39.047000 2.029720 
39.048000 2.003463 
39.049000 1.970722 
39.050000 1.943231 
39.051000 1.910134 
39.052000 1.882302 
39.053000 1.854136 
39.054000 1.827458 
39.055000 1.799911 
39.056000 1.772796 
39.057000 1.744480 
39.058000 1.716777 
39.059000 1.692797 
39.060000 1.658503 
39.061000 1.630352 
39.062000 1.603955 
39.063000 1.576888 
39.064000 1.550702 
39.065000 1.525358 
39.066000 1.500356 
39.067000 1.475990 
39.068000 1.451407 
39.069000 1.428568 
39.070000 1.400906 
39.071000 1.377904 
39.072000 1.354348 
39.073000 1.331156 
39.074000 1.307100 
39.075000 1.281494 
39.076000 1.255749 
39.077000 1.230805 
39.078000 1.208781 
39.079000 1.185776 
39.080000 1.162749 
39.081000 1.141788 
39.082000 1.121929 
39.083000 1.101447 
39.084000 1.081452 
39.085000 1.061168 
39.086000 1.041916 
39.087000 1.020626 
39.088000 1.001448 
39.089000 0.980381 
39.090000 0.960042 
39.091000 0.941446 
39.092000 0.922081 
39.093000 0.902532 
39.094000 0.885909 
39.095000 0.870503 
39.096000 0.855029 
39.097000 0.839472 
39.098000 0.823022 
39.099000 0.804608 
39.100000 0.784309 
39.101000 0.767222 
39.102000 0.753268 
39.103000 0.740779 
39.104000 0.725147 
39.105000 0.705515 
39.106000 0.691662 
39.107000 0.678574 
39.108000 0.664428 
39.109000 0.648763 
39.110000 0.630233 
39.111000 0.602556 
39.112000 0.578537 
39.113000 0.563111 
39.114000 0.546547 
39.115000 0.526223 
39.116000 0.495831 
39.117000 0.478682 
39.118000 0.461294 
39.119000 0.441236 
39.120000 0.417845 
39.121000 0.384232 
39.122000 0.356577 
39.123000 0.345957 
39.124000 0.332672 
39.125000 0.308749 
39.126000 0.266956 
39.127000 0.252181 
39.128000 0.240792 
39.129000 0.228830 
39.130000 0.215133 
39.131000 0.220748 
39.132000 0.235434 
39.133000 0.250677 
39.134000 0.258305 
39.135000 0.196143 
39.136000 0.180635 
39.137000 0.181241 
39.138000 0.187414 
39.139000 0.211229 
39.140000 0.217658 
39.141000 0.221880 
39.142000 0.227483 
39.143000 0.218880 
39.144000 0.167307 
39.145000 0.127754 
39.146000 0.092066 
39.147000 0.058711 
39.148000 0.035243 
39.149000 0.015827 
39.150000 0.001233 
39.151000 -0.006860 
39.152000 -0.009802 
39.153000 -0.011075 
39.154000 -0.011953 
39.155000 -0.013070 
39.156000 -0.011435 
39.157000 -0.012058 
39.158000 -0.012660 
39.159000 -0.011461 
39.160000 -0.010946 
39.161000 -0.009931 
39.162000 -0.009775 
39.163000 -0.011043 
39.164000 -0.010262 
39.165000 -0.010833 
39.166000 -0.010890 
39.167000 -0.010251 
39.168000 -0.009688 
39.169000 -0.008676 
39.170000 -0.008551 
39.171000 -0.008748 
39.172000 -0.009591 
39.173000 -0.009802 
39.174000 -0.009519 
39.175000 -0.009284 
39.176000 -0.008578 
39.177000 -0.008053 
39.178000 -0.008380 
39.179000 -0.007977 
39.180000 -0.008720 
39.181000 -0.009198 
39.182000 -0.008703 
39.183000 -0.008722 
39.184000 -0.008168 
39.185000 -0.007892 
39.186000 -0.008343 
39.187000 -0.008084 
39.188000 -0.008276 
39.189000 -0.008507 
39.190000 -0.008097 
39.191000 -0.008316 
39.192000 -0.008105 
39.193000 -0.008164 
39.194000 -0.008414 
39.195000 -0.008410 
39.196000 -0.008346 
39.197000 -0.008733 
39.198000 -0.008182 
39.199000 -0.007796 
39.200000 -0.008156 
39.201000 -0.008194 
39.202000 -0.007999 
39.203000 -0.008271 
39.204000 -0.008232 
39.205000 -0.008813 
39.206000 -0.008395 
39.207000 -0.008123 
39.208000 -0.008308 
39.209000 -0.008558 
39.210000 -0.008219 
39.211000 -0.007847 
39.212000 -0.007599 
39.213000 -0.007816 
39.214000 -0.008495 
39.215000 -0.008646 
39.216000 -0.008404 
39.217000 -0.008502 
39.218000 -0.008406 
39.219000 -0.008114 
39.220000 -0.008039 
39.221000 -0.007993 
39.222000 -0.007699 
39.223000 -0.007551 
39.224000 -0.007978 
39.225000 -0.008207 
39.226000 -0.008384 
39.227000 -0.008236 
39.228000 -0.008286 
39.229000 -0.008192 
39.230000 -0.008036 
39.231000 -0.007804 
39.232000 -0.007688 
39.233000 -0.007561 
39.234000 -0.007406 
39.235000 -0.007614 
39.236000 -0.007971 
39.237000 -0.008134 
39.238000 -0.008115 
39.239000 -0.008015 
39.240000 -0.007869 
39.241000 -0.007651 
39.242000 -0.007569 
39.243000 -0.007577 
39.244000 -0.007562 
39.245000 -0.007325 
39.246000 -0.007384 
39.247000 -0.007525 
39.248000 -0.007469 
39.249000 -0.007455 
39.250000 -0.007411 
39.251000 -0.007590 
39.252000 -0.007587 
39.253000 -0.007440 
39.254000 -0.007362 
39.255000 -0.007150 
39.256000 -0.006973 
39.257000 -0.006794 
39.258000 -0.006854 
39.259000 -0.007029 
39.260000 -0.007110 
39.261000 -0.007169 
39.262000 -0.007216 
39.263000 -0.007270 
39.264000 -0.007111 
39.265000 -0.007093 
39.266000 -0.006944 
39.267000 -0.006690 
39.268000 -0.006732 
39.269000 -0.006581 
39.270000 -0.006542 
39.271000 -0.006654 
39.272000 -0.006780 
39.273000 -0.006748 
39.274000 -0.006769 
39.275000 -0.006768 
39.276000 -0.006716 
39.277000 -0.006618 
39.278000 -0.006571 
39.279000 -0.006584 
39.280000 -0.006574 
39.281000 -0.006441 
39.282000 -0.006404 
39.283000 -0.006288 
39.284000 -0.006086 
39.285000 -0.006215 
39.286000 -0.006247 
39.287000 -0.006249 
39.288000 -0.006334 
39.289000 -0.006337 
39.290000 -0.006385 
39.291000 -0.006358 
39.292000 -0.006244 
39.293000 -0.006245 
39.294000 -0.006217 
39.295000 -0.006083 
39.296000 -0.006084 
39.297000 -0.006011 
39.298000 -0.005921 
39.299000 -0.005986 
39.300000 -0.006536 
39.301000 -0.005901 
39.302000 -0.005960 
39.303000 -0.005995 
39.304000 -0.005956 
39.305000 -0.005941 
39.306000 -0.005906 
39.307000 -0.006068 
39.308000 -0.005971 
39.309000 -0.005933 
39.310000 -0.005866 
39.311000 -0.006002 
39.312000 -0.005896 
39.313000 -0.005776 
39.314000 -0.005690 
39.315000 -0.005658 
39.316000 -0.005700 
39.317000 -0.005505 
39.318000 -0.005412 
39.319000 -0.005544 
39.320000 -0.005600 
39.321000 -0.005571 
39.322000 -0.005596 
39.323000 -0.005762 
39.324000 -0.005719 
39.325000 -0.005709 
39.326000 -0.005626 
39.327000 -0.005469 
39.328000 -0.005651 
39.329000 -0.005713 
39.330000 -0.005591 
39.331000 -0.005541 
39.332000 -0.005416 
39.333000 -0.005459 
39.334000 -0.005537 
39.335000 -0.005488 
39.336000 -0.005427 
39.337000 -0.005271 
39.338000 -0.005354 
39.339000 -0.005297 
39.340000 -0.005186 
39.341000 -0.005331 
39.342000 -0.005414 
39.343000 -0.005307 
39.344000 -0.005499 
39.345000 -0.005410 
39.346000 -0.005398 
39.347000 -0.005439 
39.348000 -0.005428 
39.349000 -0.005425 
39.350000 -0.005344 
39.351000 -0.005292 
39.352000 -0.005216 
39.353000 -0.005261 
39.354000 -0.005260 
39.355000 -0.005242 
39.356000 -0.005157 
39.357000 -0.005075 
39.358000 -0.005022 
39.359000 -0.005017 
39.360000 -0.004926 
39.361000 -0.004794 
39.362000 -0.004737 
39.363000 -0.004855 
39.364000 -0.004993 
39.365000 -0.005005 
39.366000 -0.004912 
39.367000 -0.004924 
39.368000 -0.005139 
39.369000 -0.005285 
39.370000 -0.005357 
39.371000 -0.005326 
39.372000 -0.005298 
39.373000 -0.005232 
39.374000 -0.005246 
39.375000 -0.005305 
39.376000 -0.005305 
39.377000 -0.005267 
39.378000 -0.005206 
39.379000 -0.005234 
39.380000 -0.005215 
39.381000 -0.005365 
39.382000 -0.005214 
39.383000 -0.005233 
39.384000 -0.005220 
39.385000 -0.005197 
39.386000 -0.005204 
39.387000 -0.005156 
39.388000 -0.005102 
39.389000 -0.005117 
39.390000 -0.005121 
39.391000 -0.005109 
39.392000 -0.005152 
39.393000 -0.005148 
39.394000 -0.005092 
39.395000 -0.005082 
39.396000 -0.005078 
39.397000 -0.005046 
39.398000 -0.005052 
39.399000 -0.005036 
39.400000 -0.005038 
39.401000 -0.005119 
39.402000 -0.005081 
39.403000 -0.005009 
39.404000 -0.005003 
39.405000 -0.005068 
39.406000 -0.005060 
39.407000 -0.005041 
39.408000 -0.005030 
39.409000 -0.005117 
39.410000 -0.005120 
39.411000 -0.005125 
39.412000 -0.005083 
39.413000 -0.005101 
39.414000 -0.005113 
39.415000 -0.005093 
39.416000 -0.005067 
39.417000 -0.005068 
39.418000 -0.005369 
39.419000 -0.005184 
39.420000 -0.005152 
39.421000 -0.005132 
39.422000 -0.005113 
39.423000 -0.005117 
39.424000 -0.005108 
39.425000 -0.005103 
39.426000 -0.005097 
39.427000 -0.005139 
39.428000 -0.005118 
39.429000 -0.005095 
39.430000 -0.005160 
39.431000 -0.005151 
39.432000 -0.005150 
39.433000 -0.005141 
39.434000 -0.005151 
39.435000 -0.005099 
39.436000 -0.005151 
39.437000 -0.005182 
39.438000 -0.005168 
39.439000 -0.005165 
39.440000 -0.005180 
39.441000 -0.005251 
39.442000 -0.005211 
39.443000 -0.005237 
39.444000 -0.005205 
39.445000 -0.005200 
39.446000 -0.005198 
39.447000 -0.005220 
39.448000 -0.005253 
39.449000 -0.005249 
39.450000 -0.005246 
39.451000 -0.005221 
39.452000 -0.005259 
39.453000 -0.005323 
39.454000 -0.005316 
39.455000 -0.005631 
39.456000 -0.005351 
39.457000 -0.005325 
39.458000 -0.005338 
39.459000 -0.005337 
39.460000 -0.005339 
39.461000 -0.005367 
39.462000 -0.005346 
39.463000 -0.005347 
39.464000 -0.005361 
39.465000 -0.005343 
39.466000 -0.005441 
39.467000 -0.005428 
39.468000 -0.005460 
39.469000 -0.005450 
39.470000 -0.005455 
39.471000 -0.005464 
39.472000 -0.005486 
39.473000 -0.005509 
39.474000 -0.005503 
39.475000 -0.005517 
39.476000 -0.005528 
39.477000 -0.005537 
39.478000 -0.005567 
39.479000 -0.005569 
39.480000 -0.005571 
39.481000 -0.005593 
39.482000 -0.005628 
39.483000 -0.005635 
39.484000 -0.005655 
39.485000 -0.005709 
39.486000 -0.005698 
39.487000 -0.005683 
39.488000 -0.005702 
39.489000 -0.005718 
39.490000 -0.005729 
39.491000 -0.005742 
39.492000 -0.005728 
39.493000 -0.005723 
39.494000 -0.005769 
39.495000 -0.006117 
39.496000 -0.005831 
39.497000 -0.005801 
39.498000 -0.005772 
39.499000 -0.005783 
39.500000 -0.005826 
39.501000 -0.005852 
39.502000 -0.005868 
39.503000 -0.005882 
39.504000 -0.005876 
39.505000 -0.005907 
39.506000 -0.005929 
39.507000 -0.005941 
39.508000 -0.005944 
39.509000 -0.005955 
39.510000 -0.005989 
39.511000 -0.005996 
39.512000 -0.005996 
39.513000 -0.005996 
39.514000 -0.006023 
39.515000 -0.006582 
39.516000 -0.006137 
39.517000 -0.006113 
39.518000 -0.006092 
39.519000 -0.006104 
39.520000 -0.006120 
39.521000 -0.006112 
39.522000 -0.006123 
39.523000 -0.006143 
39.524000 -0.006160 
39.525000 -0.006196 
39.526000 -0.006214 
39.527000 -0.006232 
39.528000 -0.006239 
39.529000 -0.006251 
39.530000 -0.006266 
39.531000 -0.006301 
39.532000 -0.006330 
39.533000 -0.006338 
39.534000 -0.006348 
39.535000 -0.006358 
39.536000 -0.006381 
39.537000 -0.006385 
39.538000 -0.006417 
39.539000 -0.006451 
39.540000 -0.006472 
39.541000 -0.006487 
39.542000 -0.006951 
39.543000 -0.006599 
39.544000 -0.006572 
39.545000 -0.006577 
39.546000 -0.006586 
39.547000 -0.006607 
39.548000 -0.006627 
39.549000 -0.006643 
39.550000 -0.006656 
39.551000 -0.006684 
39.552000 -0.006707 
39.553000 -0.006740 
39.554000 -0.006749 
39.555000 -0.006761 
39.556000 -0.006793 
39.557000 -0.006797 
39.558000 -0.006809 
39.559000 -0.006836 
39.560000 -0.006861 
39.561000 -0.006886 
39.562000 -0.006883 
39.563000 -0.006885 
39.564000 -0.006894 
39.565000 -0.006888 
39.566000 -0.006907 
39.567000 -0.006939 
39.568000 -0.006976 
39.569000 -0.006992 
39.570000 -0.007014 
39.571000 -0.007039 
39.572000 -0.007054 
39.573000 -0.007085 
39.574000 -0.007104 
39.575000 -0.007122 
39.576000 -0.007142 
39.577000 -0.007166 
39.578000 -0.007189 
39.579000 -0.007201 
39.580000 -0.007220 
39.581000 -0.007209 
39.582000 -0.007228 
39.583000 -0.007250 
39.584000 -0.007268 
39.585000 -0.007259 
39.586000 -0.007260 
39.587000 -0.007262 
39.588000 -0.007259 
39.589000 -0.007261 
39.590000 -0.007284 
39.591000 -0.007285 
39.592000 -0.007289 
39.593000 -0.007285 
39.594000 -0.007294 
39.595000 -0.007282 
39.596000 -0.007254 
39.597000 -0.007263 
39.598000 -0.007283 
39.599000 -0.007294 
39.600000 -0.007301 
39.601000 -0.007320 
39.602000 -0.007334 
39.603000 -0.007347 
39.604000 -0.007344 
39.605000 -0.007368 
39.606000 -0.007404 
39.607000 -0.007422 
39.608000 -0.007455 
39.609000 -0.007472 
39.610000 -0.007482 
39.611000 -0.007494 
39.612000 -0.007511 
39.613000 -0.007522 
39.614000 -0.007541 
39.615000 -0.008108 
39.616000 -0.007645 
39.617000 -0.007600 
39.618000 -0.007602 
39.619000 -0.007600 
39.620000 -0.007618 
39.621000 -0.007622 
39.622000 -0.007638 
39.623000 -0.007655 
39.624000 -0.007683 
39.625000 -0.007694 
39.626000 -0.007683 
39.627000 -0.007693 
39.628000 -0.007715 
39.629000 -0.007728 
39.630000 -0.007728 
39.631000 -0.007755 
39.632000 -0.007772 
39.633000 -0.007775 
39.634000 -0.007811 
39.635000 -0.008254 
39.636000 -0.007936 
39.637000 -0.007931 
39.638000 -0.007914 
39.639000 -0.007918 
39.640000 -0.007924 
39.641000 -0.007928 
39.642000 -0.007941 
39.643000 -0.007949 
39.644000 -0.007955 
39.645000 -0.007969 
39.646000 -0.007989 
39.647000 -0.008003 
39.648000 -0.008018 
39.649000 -0.008051 
39.650000 -0.008074 
39.651000 -0.008117 
39.652000 -0.008142 
39.653000 -0.008158 
39.654000 -0.008157 
39.655000 -0.008174 
39.656000 -0.008210 
39.657000 -0.008224 
39.658000 -0.008245 
39.659000 -0.008264 
39.660000 -0.008297 
39.661000 -0.008310 
39.662000 -0.008322 
39.663000 -0.008324 
39.664000 -0.008335 
39.665000 -0.008360 
39.666000 -0.008388 
39.667000 -0.008416 
39.668000 -0.008435 
39.669000 -0.008446 
39.670000 -0.008453 
39.671000 -0.008457 
39.672000 -0.008474 
39.673000 -0.008482 
39.674000 -0.008491 
39.675000 -0.008511 
39.676000 -0.008532 
39.677000 -0.008553 
39.678000 -0.008564 
39.679000 -0.008582 
39.680000 -0.008583 
39.681000 -0.008584 
39.682000 -0.008597 
39.683000 -0.008002 
39.684000 -0.008565 
39.685000 -0.008631 
39.686000 -0.008664 
39.687000 -0.008681 
39.688000 -0.008708 
39.689000 -0.008730 
39.690000 -0.008743 
39.691000 -0.008760 
39.692000 -0.008780 
39.693000 -0.008798 
39.694000 -0.008817 
39.695000 -0.008823 
39.696000 -0.008834 
39.697000 -0.008847 
39.698000 -0.008868 
39.699000 -0.008873 
39.700000 -0.008869 
39.701000 -0.008887 
39.702000 -0.008910 
39.703000 -0.008928 
39.704000 -0.008925 
39.705000 -0.008913 
39.706000 -0.008935 
39.707000 -0.008968 
39.708000 -0.009001 
39.709000 -0.009016 
39.710000 -0.009013 
39.711000 -0.009025 
39.712000 -0.009037 
39.713000 -0.009045 
39.714000 -0.009042 
39.715000 -0.009051 
39.716000 -0.009301 
39.717000 -0.009119 
39.718000 -0.009108 
39.719000 -0.009102 
39.720000 -0.009122 
39.721000 -0.009148 
39.722000 -0.009171 
39.723000 -0.009172 
39.724000 -0.009183 
39.725000 -0.009201 
39.726000 -0.009214 
39.727000 -0.009239 
39.728000 -0.009259 
39.729000 -0.009275 
39.730000 -0.009274 
39.731000 -0.009279 
39.732000 -0.009282 
39.733000 -0.009285 
39.734000 -0.009295 
39.735000 -0.009295 
39.736000 -0.009289 
39.737000 -0.009292 
39.738000 -0.009302 
39.739000 -0.009322 
39.740000 -0.009338 
39.741000 -0.009336 
39.742000 -0.009322 
39.743000 -0.009332 
39.744000 -0.009349 
39.745000 -0.008738 
39.746000 -0.009323 
39.747000 -0.009399 
39.748000 -0.009425 
39.749000 -0.009406 
39.750000 -0.009424 
39.751000 -0.009436 
39.752000 -0.009451 
39.753000 -0.009466 
39.754000 -0.009488 
39.755000 -0.009506 
39.756000 -0.009515 
39.757000 -0.009514 
39.758000 -0.009520 
39.759000 -0.009547 
39.760000 -0.009559 
39.761000 -0.009583 
39.762000 -0.009608 
39.763000 -0.009619 
39.764000 -0.009611 
39.765000 -0.009566 
39.766000 -0.009562 
39.767000 -0.009558 
39.768000 -0.009559 
39.769000 -0.009576 
39.770000 -0.009581 
39.771000 -0.009601 
39.772000 -0.009623 
39.773000 -0.009619 
39.774000 -0.009610 
39.775000 -0.009606 
39.776000 -0.009605 
39.777000 -0.009605 
39.778000 -0.009621 
39.779000 -0.009630 
39.780000 -0.009637 
39.781000 -0.009050 
39.782000 -0.009574 
39.783000 -0.009631 
39.784000 -0.009642 
39.785000 -0.009717 
39.786000 -0.009703 
39.787000 -0.009725 
39.788000 -0.009745 
39.789000 -0.009738 
39.790000 -0.009733 
39.791000 -0.009721 
39.792000 -0.009720 
39.793000 -0.009729 
39.794000 -0.009716 
39.795000 -0.009732 
39.796000 -0.009762 
39.797000 -0.009780 
39.798000 -0.009768 
39.799000 -0.009742 
39.800000 -0.009728 
39.801000 -0.009721 
39.802000 -0.009715 
39.803000 -0.009698 
39.804000 -0.009675 
39.805000 -0.009669 
39.806000 -0.009689 
39.807000 -0.009700 
39.808000 -0.009709 
39.809000 -0.009129 
39.810000 -0.009625 
39.811000 -0.009679 
39.812000 -0.009708 
39.813000 -0.009722 
39.814000 -0.009731 
39.815000 -0.009741 
39.816000 -0.009790 
39.817000 -0.009808 
39.818000 -0.009807 
39.819000 -0.009797 
39.820000 -0.009813 
39.821000 -0.009828 
39.822000 -0.009832 
39.823000 -0.009848 
39.824000 -0.009850 
39.825000 -0.009843 
39.826000 -0.009873 
39.827000 -0.009895 
39.828000 -0.009910 
39.829000 -0.009922 
39.830000 -0.009933 
39.831000 -0.009955 
39.832000 -0.009974 
39.833000 -0.009991 
39.834000 -0.009482 
39.835000 -0.009933 
39.836000 -0.010001 
39.837000 -0.010032 
39.838000 -0.010041 
39.839000 -0.010048 
39.840000 -0.010051 
39.841000 -0.010055 
39.842000 -0.010064 
39.843000 -0.010070 
39.844000 -0.010070 
39.845000 -0.010063 
39.846000 -0.010076 
39.847000 -0.010090 
39.848000 -0.010094 
39.849000 -0.009986 
39.850000 -0.010103 
39.851000 -0.010131 
39.852000 -0.010122 
39.853000 -0.010128 
39.854000 -0.010134 
39.855000 -0.010153 
39.856000 -0.010174 
39.857000 -0.009728 
39.858000 -0.010133 
39.859000 -0.010179 
39.860000 -0.010196 
39.861000 -0.010220 
39.862000 -0.010236 
39.863000 -0.010246 
39.864000 -0.010252 
39.865000 -0.010252 
39.866000 -0.010266 
39.867000 -0.010266 
39.868000 -0.010276 
39.869000 -0.010278 
39.870000 -0.010285 
39.871000 -0.010278 
39.872000 -0.010279 
39.873000 -0.010282 
39.874000 -0.010288 
39.875000 -0.010295 
39.876000 -0.010291 
39.877000 -0.010284 
39.878000 -0.009898 
39.879000 -0.010231 
39.880000 -0.010274 
39.881000 -0.010282 
39.882000 -0.010283 
39.883000 -0.010270 
39.884000 -0.010271 
39.885000 -0.010281 
39.886000 -0.010272 
39.887000 -0.010268 
39.888000 -0.010255 
39.889000 -0.010240 
39.890000 -0.010230 
39.891000 -0.010224 
39.892000 -0.010221 
39.893000 -0.010206 
39.894000 -0.010198 
39.895000 -0.010202 
39.896000 -0.010201 
39.897000 -0.010184 
39.898000 -0.010187 
39.899000 -0.009902 
39.900000 -0.010170 
39.901000 -0.010189 
39.902000 -0.010176 
39.903000 -0.010167 
39.904000 -0.010163 
39.905000 -0.010172 
39.906000 -0.010178 
39.907000 -0.010178 
39.908000 -0.010175 
39.909000 -0.010180 
39.910000 -0.010175 
39.911000 -0.010165 
39.912000 -0.010155 
39.913000 -0.010138 
39.914000 -0.010133 
39.915000 -0.010150 
39.916000 -0.009877 
39.917000 -0.010116 
39.918000 -0.010142 
39.919000 -0.010150 
39.920000 -0.009937 
39.921000 -0.010145 
39.922000 -0.010163 
39.923000 -0.010170 
39.924000 -0.010160 
39.925000 -0.010161 
39.926000 -0.010166 
39.927000 -0.010160 
39.928000 -0.010161 
39.929000 -0.010150 
39.930000 -0.010140 
39.931000 -0.010132 
39.932000 -0.010136 
39.933000 -0.010138 
39.934000 -0.010148 
39.935000 -0.010154 
39.936000 -0.010160 
39.937000 -0.010167 
39.938000 -0.010171 
39.939000 -0.010179 
39.940000 -0.010034 
39.941000 -0.010151 
39.942000 -0.010179 
39.943000 -0.010185 
39.944000 -0.010186 
39.945000 -0.010175 
39.946000 -0.010173 
39.947000 -0.010163 
39.948000 -0.010158 
39.949000 -0.010155 
39.950000 -0.010152 
39.951000 -0.010143 
39.952000 -0.010144 
39.953000 -0.010160 
39.954000 -0.010170 
39.955000 -0.010177 
39.956000 -0.010170 
39.957000 -0.010158 
39.958000 -0.010167 
39.959000 -0.010172 
39.960000 -0.010175 
39.961000 -0.010121 
39.962000 -0.010160 
39.963000 -0.010169 
39.964000 -0.010169 
39.965000 -0.010159 
39.966000 -0.010153 
39.967000 -0.010142 
39.968000 -0.010132 
39.969000 -0.010130 
39.970000 -0.010112 
39.971000 -0.010116 
39.972000 -0.010105 
39.973000 -0.010100 
39.974000 -0.010116 
39.975000 -0.010111 
39.976000 -0.010111 
39.977000 -0.010112 
39.978000 -0.010104 
39.979000 -0.010106 
39.980000 -0.010114 
39.981000 -0.010121 
39.982000 -0.010172 
39.983000 -0.010144 
39.984000 -0.010131 
39.985000 -0.010122 
39.986000 -0.010110 
39.987000 -0.010108 
39.988000 -0.010109 
39.989000 -0.010099 
39.990000 -0.010108 
39.991000 -0.010102 
39.992000 -0.010094 
39.993000 -0.010089 
39.994000 -0.010102 
39.995000 -0.009692 
39.996000 -0.010048 
39.997000 -0.010093 
39.998000 -0.010119 
39.999000 -0.010125 
40.000000 -0.010129 
40.001000 -0.010125 
40.002000 -0.010127 
40.003000 -0.010252 
40.004000 -0.010145 
40.005000 -0.010123 
40.006000 -0.010110 
40.007000 -0.010103 
40.008000 -0.010108 
40.009000 -0.010102 
40.010000 -0.010117 
40.011000 -0.010125 
40.012000 -0.010114 
40.013000 -0.010114 
40.014000 -0.010113 
40.015000 -0.010115 
40.016000 -0.010129 
40.017000 -0.010140 
40.018000 -0.010144 
40.019000 -0.010150 
40.020000 -0.010146 
40.021000 -0.010141 
40.022000 -0.010142 
40.023000 -0.010131 
40.024000 -0.010127 
40.025000 -0.010340 
40.026000 -0.010155 
40.027000 -0.010135 
40.028000 -0.010133 
40.029000 -0.010126 
40.030000 -0.010120 
40.031000 -0.010112 
40.032000 -0.010109 
40.033000 -0.010112 
40.034000 -0.010115 
40.035000 -0.010117 
40.036000 -0.010120 
40.037000 -0.010115 
40.038000 -0.010110 
40.039000 -0.010108 
40.040000 -0.010113 
40.041000 -0.010119 
40.042000 -0.010117 
40.043000 -0.010118 
40.044000 -0.010123 
40.045000 -0.010115 
40.046000 -0.010119 
40.047000 -0.010093 
40.048000 -0.010100 
40.049000 -0.010422 
40.050000 -0.010173 
40.051000 -0.010148 
40.052000 -0.010129 
40.053000 -0.010119 
40.054000 -0.010117 
40.055000 -0.010120 
40.056000 -0.010118 
40.057000 -0.010115 
40.058000 -0.010108 
40.059000 -0.010096 
40.060000 -0.010089 
40.061000 -0.010075 
40.062000 -0.010069 
40.063000 -0.010072 
40.064000 -0.010063 
40.065000 -0.010076 
40.066000 -0.010086 
40.067000 -0.010089 
40.068000 -0.010081 
40.069000 -0.010065 
40.070000 -0.010063 
40.071000 -0.010073 
40.072000 -0.010060 
40.073000 -0.010455 
40.074000 -0.010110 
40.075000 -0.010072 
40.076000 -0.010051 
40.077000 -0.010041 
40.078000 -0.010033 
40.079000 -0.010041 
40.080000 -0.010039 
40.081000 -0.010014 
40.082000 -0.010023 
40.083000 -0.010021 
40.084000 -0.010021 
40.085000 -0.010019 
40.086000 -0.010018 
40.087000 -0.010019 
40.088000 -0.010004 
40.089000 -0.010006 
40.090000 -0.009985 
40.091000 -0.009983 
40.092000 -0.009979 
40.093000 -0.009988 
40.094000 -0.009986 
40.095000 -0.009993 
40.096000 -0.009996 
40.097000 -0.009990 
40.098000 -0.009984 
40.099000 -0.009995 
40.100000 -0.010473 
40.101000 -0.010046 
40.102000 -0.010004 
40.103000 -0.009998 
40.104000 -0.009989 
40.105000 -0.009974 
40.106000 -0.009962 
40.107000 -0.009971 
40.108000 -0.009974 
40.109000 -0.009969 
40.110000 -0.009960 
40.111000 -0.009947 
40.112000 -0.009952 
40.113000 -0.009953 
40.114000 -0.009954 
40.115000 -0.009960 
40.116000 -0.009963 
40.117000 -0.009967 
40.118000 -0.009959 
40.119000 -0.009968 
40.120000 -0.009957 
40.121000 -0.009952 
40.122000 -0.009958 
40.123000 -0.009958 
40.124000 -0.009946 
40.125000 -0.009948 
40.126000 -0.009950 
40.127000 -0.009959 
40.128000 -0.009933 
40.129000 -0.009938 
40.130000 -0.010504 
40.131000 -0.010036 
40.132000 -0.009986 
40.133000 -0.009968 
40.134000 -0.009959 
40.135000 -0.009960 
40.136000 -0.009965 
40.137000 -0.009957 
40.138000 -0.009955 
40.139000 -0.009951 
40.140000 -0.009944 
40.141000 -0.009945 
40.142000 -0.009934 
40.143000 -0.009924 
40.144000 -0.009938 
40.145000 -0.009939 
40.146000 -0.009942 
40.147000 -0.009943 
40.148000 -0.009950 
40.149000 -0.009950 
40.150000 -0.009962 
40.151000 -0.009973 
40.152000 -0.009967 
40.153000 -0.009962 
40.154000 -0.009956 
40.155000 -0.009954 
40.156000 -0.009945 
40.157000 -0.009949 
40.158000 -0.009937 
40.159000 -0.009946 
40.160000 -0.009936 
40.161000 -0.009939 
40.162000 -0.009937 
40.163000 -0.010580 
40.164000 -0.010044 
40.165000 -0.009967 
40.166000 -0.009940 
40.167000 -0.009932 
40.168000 -0.009929 
40.169000 -0.009928 
40.170000 -0.009927 
40.171000 -0.009930 
40.172000 -0.009934 
40.173000 -0.009933 
40.174000 -0.009931 
40.175000 -0.009928 
40.176000 -0.009928 
40.177000 -0.009926 
40.178000 -0.009931 
40.179000 -0.009934 
40.180000 -0.009933 
40.181000 -0.009929 
40.182000 -0.009920 
40.183000 -0.009905 
40.184000 -0.009898 
40.185000 -0.009897 
40.186000 -0.009893 
40.187000 -0.009895 
40.188000 -0.009888 
40.189000 -0.009880 
40.190000 -0.009885 
40.191000 -0.009887 
40.192000 -0.009890 
40.193000 -0.009892 
40.194000 -0.009892 
40.195000 -0.009896 
40.196000 -0.009896 
40.197000 -0.009895 
40.198000 -0.009893 
40.199000 -0.009887 
40.200000 -0.009889 
40.201000 -0.009884 
40.202000 -0.009881 
40.203000 -0.009885 
40.204000 -0.010590 
40.205000 -0.009993 
40.206000 -0.009929 
40.207000 -0.009902 
40.208000 -0.009884 
40.209000 -0.009876 
40.210000 -0.009876 
40.211000 -0.009875 
40.212000 -0.009870 
40.213000 -0.009870 
40.214000 -0.009866 
40.215000 -0.009863 
40.216000 -0.009866 
40.217000 -0.009863 
40.218000 -0.009859 
40.219000 -0.009861 
40.220000 -0.009853 
40.221000 -0.009848 
40.222000 -0.009848 
40.223000 -0.009867 
40.224000 -0.009875 
40.225000 -0.009875 
40.226000 -0.009883 
40.227000 -0.009885 
40.228000 -0.009880 
40.229000 -0.009879 
40.230000 -0.009878 
40.231000 -0.009877 
40.232000 -0.009882 
40.233000 -0.009881 
40.234000 -0.009879 
40.235000 -0.009886 
40.236000 -0.009893 
40.237000 -0.009889 
40.238000 -0.009886 
40.239000 -0.009881 
40.240000 -0.009881 
40.241000 -0.009877 
40.242000 -0.009871 
40.243000 -0.009868 
40.244000 -0.009869 
40.245000 -0.009877 
40.246000 -0.009876 
40.247000 -0.009876 
40.248000 -0.009878 
40.249000 -0.009879 
40.250000 -0.009887 
40.251000 -0.009885 
40.252000 -0.009884 
40.253000 -0.009884 
40.254000 -0.009880 
40.255000 -0.009882 
40.256000 -0.009875 
40.257000 -0.009879 
40.258000 -0.009885 
40.259000 -0.009892 
40.260000 -0.010648 
40.261000 -0.009999 
40.262000 -0.009929 
40.263000 -0.009896 
40.264000 -0.009877 
40.265000 -0.009871 
40.266000 -0.009866 
40.267000 -0.009862 
40.268000 -0.009856 
40.269000 -0.009847 
40.270000 -0.009839 
40.271000 -0.009838 
40.272000 -0.009832 
40.273000 -0.009830 
40.274000 -0.009831 
40.275000 -0.009832 
40.276000 -0.009827 
40.277000 -0.009824 
40.278000 -0.009823 
40.279000 -0.009825 
40.280000 -0.009820 
40.281000 -0.009819 
40.282000 -0.009821 
40.283000 -0.009813 
40.284000 -0.009817 
40.285000 -0.009811 
40.286000 -0.009810 
40.287000 -0.009806 
40.288000 -0.009806 
40.289000 -0.009808 
40.290000 -0.009809 
40.291000 -0.009806 
40.292000 -0.009801 
40.293000 -0.009803 
40.294000 -0.009805 
40.295000 -0.009808 
40.296000 -0.009810 
40.297000 -0.009807 
40.298000 -0.009808 
40.299000 -0.009803 
40.300000 -0.009801 
40.301000 -0.009796 
40.302000 -0.009802 
40.303000 -0.009800 
40.304000 -0.009799 
40.305000 -0.009797 
40.306000 -0.009798 
40.307000 -0.009796 
40.308000 -0.009790 
40.309000 -0.009788 
40.310000 -0.009787 
40.311000 -0.009788 
40.312000 -0.009789 
40.313000 -0.009789 
40.314000 -0.009790 
40.315000 -0.009787 
40.316000 -0.009783 
40.317000 -0.009776 
40.318000 -0.009773 
40.319000 -0.009770 
40.320000 -0.009766 
40.321000 -0.009764 
40.322000 -0.009760 
40.323000 -0.009756 
40.324000 -0.009753 
40.325000 -0.009753 
40.326000 -0.009751 
40.327000 -0.009750 
40.328000 -0.009754 
40.329000 -0.009749 
40.330000 -0.009744 
40.331000 -0.009738 
40.332000 -0.009738 
40.333000 -0.009738 
40.334000 -0.009735 
40.335000 -0.009731 
40.336000 -0.009729 
40.337000 -0.009729 
40.338000 -0.009729 
40.339000 -0.009731 
40.340000 -0.009733 
40.341000 -0.009732 
40.342000 -0.009727 
40.343000 -0.009722 
40.344000 -0.009724 
40.345000 -0.009725 
40.346000 -0.009728 
40.347000 -0.009725 
40.348000 -0.009723 
40.349000 -0.009722 
40.350000 -0.009721 
40.351000 -0.009720 
40.352000 -0.009718 
40.353000 -0.009716 
40.354000 -0.009716 
40.355000 -0.009714 
40.356000 -0.009714 
40.357000 -0.009711 
40.358000 -0.009710 
40.359000 -0.009996 
40.360000 -0.009748 
40.361000 -0.009719 
40.362000 -0.009710 
40.363000 -0.009705 
40.364000 -0.009700 
40.365000 -0.009694 
40.366000 -0.009691 
40.367000 -0.009692 
40.368000 -0.009694 
40.369000 -0.009692 
40.370000 -0.009690 
40.371000 -0.009689 
40.372000 -0.009692 
40.373000 -0.009694 
40.374000 -0.009696 
40.375000 -0.009695 
40.376000 -0.009692 
40.377000 -0.009689 
40.378000 -0.009685 
40.379000 -0.009681 
40.380000 -0.009679 
40.381000 -0.009675 
40.382000 -0.009673 
40.383000 -0.009674 
40.384000 -0.009675 
40.385000 -0.009676 
40.386000 -0.009677 
40.387000 -0.009675 
40.388000 -0.009674 
40.389000 -0.009670 
40.390000 -0.009668 
40.391000 -0.009665 
40.392000 -0.009666 
40.393000 -0.009670 
40.394000 -0.009676 
40.395000 -0.009680 
40.396000 -0.009683 
40.397000 -0.009686 
40.398000 -0.009690 
40.399000 -0.009693 
40.400000 -0.009699 
40.401000 -0.009703 
40.402000 -0.009705 
40.403000 -0.009707 
40.404000 -0.009707 
40.405000 -0.009709 
40.406000 -0.009712 
40.407000 -0.009715 
40.408000 -0.009718 
40.409000 -0.009724 
40.410000 -0.009728 
40.411000 -0.009729 
40.412000 -0.009733 
40.413000 -0.009739 
40.414000 -0.009743 
40.415000 -0.009748 
40.416000 -0.009753 
40.417000 -0.009758 
40.418000 -0.009760 
40.419000 -0.009762 
40.420000 -0.009763 
40.421000 -0.009763 
40.422000 -0.009763 
40.423000 -0.009762 
40.424000 -0.009763 
40.425000 -0.009768 
40.426000 -0.009772 
40.427000 -0.009773 
40.428000 -0.009777 
40.429000 -0.009781 
40.430000 -0.009786 
40.431000 -0.009790 
40.432000 -0.009796 
40.433000 -0.009802 
40.434000 -0.009807 
40.435000 -0.009812 
40.436000 -0.009814 
40.437000 -0.009817 
40.438000 -0.009820 
40.439000 -0.009825 
40.440000 -0.009830 
40.441000 -0.009837 
40.442000 -0.009842 
40.443000 -0.009849 
40.444000 -0.009852 
40.445000 -0.009856 
40.446000 -0.009861 
40.447000 -0.009865 
40.448000 -0.009866 
40.449000 -0.009863 
40.450000 -0.009865 
40.451000 -0.009869 
40.452000 -0.009873 
40.453000 -0.009875 
40.454000 -0.009878 
40.455000 -0.009884 
40.456000 -0.009888 
40.457000 -0.009891 
40.458000 -0.009892 
40.459000 -0.009897 
40.460000 -0.009902 
40.461000 -0.009907 
40.462000 -0.009912 
40.463000 -0.009915 
40.464000 -0.009914 
40.465000 -0.009912 
40.466000 -0.009913 
40.467000 -0.009918 
40.468000 -0.009928 
40.469000 -0.009941 
40.470000 -0.009954 
40.471000 -0.009966 
40.472000 -0.009980 
40.473000 -0.009993 
40.474000 -0.010005 
40.475000 -0.009356 
40.476000 -0.009928 
40.477000 -0.010006 
40.478000 -0.010044 
40.479000 -0.010072 
40.480000 -0.010090 
40.481000 -0.010104 
40.482000 -0.010116 
40.483000 -0.010127 
40.484000 -0.010137 
40.485000 -0.010147 
40.486000 -0.010156 
40.487000 -0.010166 
40.488000 -0.010174 
40.489000 -0.010181 
40.490000 -0.010189 
40.491000 -0.010197 
40.492000 -0.010204 
40.493000 -0.010209 
40.494000 -0.010214 
40.495000 -0.010220 
40.496000 -0.010226 
40.497000 -0.010231 
40.498000 -0.010236 
40.499000 -0.010243 
40.500000 -0.010249 
40.501000 -0.010254 
40.502000 -0.010258 
40.503000 -0.010261 
40.504000 -0.010263 
40.505000 -0.010265 
40.506000 -0.010270 
40.507000 -0.010275 
40.508000 -0.010281 
40.509000 -0.010284 
40.510000 -0.010287 
40.511000 -0.010290 
40.512000 -0.010295 
40.513000 -0.010299 
40.514000 -0.010301 
40.515000 -0.010306 
40.516000 -0.010313 
40.517000 -0.010321 
40.518000 -0.010331 
40.519000 -0.010340 
40.520000 -0.010347 
40.521000 -0.010357 
40.522000 -0.010366 
40.523000 -0.010374 
40.524000 -0.010382 
40.525000 -0.010388 
40.526000 -0.010397 
40.527000 -0.010406 
40.528000 -0.010415 
40.529000 -0.010424 
40.530000 -0.010430 
40.531000 -0.010437 
40.532000 -0.010444 
40.533000 -0.010457 
40.534000 -0.009908 
40.535000 -0.010399 
40.536000 -0.010465 
40.537000 -0.010501 
40.538000 -0.010528 
40.539000 -0.010551 
40.540000 -0.010570 
40.541000 -0.010585 
40.542000 -0.010598 
40.543000 -0.010616 
40.544000 -0.010630 
40.545000 -0.010648 
40.546000 -0.010662 
40.547000 -0.010674 
40.548000 -0.010686 
40.549000 -0.010694 
40.550000 -0.010700 
40.551000 -0.010700 
40.552000 -0.010699 
40.553000 -0.010698 
40.554000 -0.010701 
40.555000 -0.010705 
40.556000 -0.010712 
40.557000 -0.010716 
40.558000 -0.010718 
40.559000 -0.010719 
40.560000 -0.010724 
40.561000 -0.010731 
40.562000 -0.010739 
40.563000 -0.010913 
40.564000 -0.010779 
40.565000 -0.010769 
40.566000 -0.010773 
40.567000 -0.010781 
40.568000 -0.010787 
40.569000 -0.010795 
40.570000 -0.010797 
40.571000 -0.010801 
40.572000 -0.010801 
40.573000 -0.010804 
40.574000 -0.010811 
40.575000 -0.010817 
40.576000 -0.010823 
40.577000 -0.010827 
40.578000 -0.010353 
40.579000 -0.010766 
40.580000 -0.010819 
40.581000 -0.010848 
40.582000 -0.010869 
40.583000 -0.010886 
40.584000 -0.010904 
40.585000 -0.010915 
40.586000 -0.010924 
40.587000 -0.010937 
40.588000 -0.010951 
40.589000 -0.010966 
40.590000 -0.010980 
40.591000 -0.010989 
40.592000 -0.010995 
40.593000 -0.011006 
40.594000 -0.011014 
40.595000 -0.011025 
40.596000 -0.011033 
40.597000 -0.011039 
40.598000 -0.011049 
40.599000 -0.011059 
40.600000 -0.011065 
40.601000 -0.011074 
40.602000 -0.011078 
40.603000 -0.011086 
40.604000 -0.011095 
40.605000 -0.011104 
40.606000 -0.011112 
40.607000 -0.011115 
40.608000 -0.011122 
40.609000 -0.011128 
40.610000 -0.011145 
40.611000 -0.011158 
40.612000 -0.011170 
40.613000 -0.011184 
40.614000 -0.011189 
40.615000 -0.010801 
40.616000 -0.011157 
40.617000 -0.011210 
40.618000 -0.011235 
40.619000 -0.011252 
40.620000 -0.011262 
40.621000 -0.011273 
40.622000 -0.011284 
40.623000 -0.011296 
40.624000 -0.011304 
40.625000 -0.011307 
40.626000 -0.011318 
40.627000 -0.011327 
40.628000 -0.011332 
40.629000 -0.011342 
40.630000 -0.011354 
40.631000 -0.011359 
40.632000 -0.011376 
40.633000 -0.011385 
40.634000 -0.011398 
40.635000 -0.011409 
40.636000 -0.011412 
40.637000 -0.011422 
40.638000 -0.011430 
40.639000 -0.011433 
40.640000 -0.011434 
40.641000 -0.011442 
40.642000 -0.011451 
40.643000 -0.011454 
40.644000 -0.011465 
40.645000 -0.011467 
40.646000 -0.011464 
40.647000 -0.011474 
40.648000 -0.011157 
40.649000 -0.011444 
40.650000 -0.011480 
40.651000 -0.011502 
40.652000 -0.011519 
40.653000 -0.011540 
40.654000 -0.011552 
40.655000 -0.011559 
40.656000 -0.011578 
40.657000 -0.011580 
40.658000 -0.011591 
40.659000 -0.011605 
40.660000 -0.011617 
40.661000 -0.011620 
40.662000 -0.011633 
40.663000 -0.011648 
40.664000 -0.011654 
40.665000 -0.011667 
40.666000 -0.011674 
40.667000 -0.011683 
40.668000 -0.011688 
40.669000 -0.011693 
40.670000 -0.011703 
40.671000 -0.011716 
40.672000 -0.011725 
40.673000 -0.011737 
40.674000 -0.011748 
40.675000 -0.011769 
40.676000 -0.011783 
40.677000 -0.011805 
40.678000 -0.011817 
40.679000 -0.011583 
40.680000 -0.011817 
40.681000 -0.011856 
40.682000 -0.011881 
40.683000 -0.011890 
40.684000 -0.011904 
40.685000 -0.011922 
40.686000 -0.011932 
40.687000 -0.011936 
40.688000 -0.011946 
40.689000 -0.011963 
40.690000 -0.011964 
40.691000 -0.011967 
40.692000 -0.011968 
40.693000 -0.011982 
40.694000 -0.011985 
40.695000 -0.011976 
40.696000 -0.011979 
40.697000 -0.011990 
40.698000 -0.011995 
40.699000 -0.012001 
40.700000 -0.012009 
40.701000 -0.012017 
40.702000 -0.012027 
40.703000 -0.012037 
40.704000 -0.012033 
40.705000 -0.012026 
40.706000 -0.012027 
40.707000 -0.011846 
40.708000 -0.012007 
40.709000 -0.012038 
40.710000 -0.012053 
40.711000 -0.012070 
40.712000 -0.012089 
40.713000 -0.012112 
40.714000 -0.012127 
40.715000 -0.012137 
40.716000 -0.012151 
40.717000 -0.012167 
40.718000 -0.012171 
40.719000 -0.012176 
40.720000 -0.012178 
40.721000 -0.012186 
40.722000 -0.012183 
40.723000 -0.012187 
40.724000 -0.012190 
40.725000 -0.012201 
40.726000 -0.012214 
40.727000 -0.012224 
40.728000 -0.012224 
40.729000 -0.012232 
40.730000 -0.012246 
40.731000 -0.012250 
40.732000 -0.012259 
40.733000 -0.012260 
40.734000 -0.012260 
40.735000 -0.012148 
40.736000 -0.012256 
40.737000 -0.012275 
40.738000 -0.012284 
40.739000 -0.012283 
40.740000 -0.012284 
40.741000 -0.012291 
40.742000 -0.012300 
40.743000 -0.012307 
40.744000 -0.012316 
40.745000 -0.012323 
40.746000 -0.012325 
40.747000 -0.012332 
40.748000 -0.012342 
40.749000 -0.012347 
40.750000 -0.012351 
40.751000 -0.012359 
40.752000 -0.012364 
40.753000 -0.012367 
40.754000 -0.012366 
40.755000 -0.012373 
40.756000 -0.012379 
40.757000 -0.012378 
40.758000 -0.012381 
40.759000 -0.012388 
40.760000 -0.012402 
40.761000 -0.012408 
40.762000 -0.012346 
40.763000 -0.012407 
40.764000 -0.012421 
40.765000 -0.012431 
40.766000 -0.012441 
40.767000 -0.012456 
40.768000 -0.012465 
40.769000 -0.012472 
40.770000 -0.012480 
40.771000 -0.012489 
40.772000 -0.012495 
40.773000 -0.012500 
40.774000 -0.012502 
40.775000 -0.012502 
40.776000 -0.012502 
40.777000 -0.012513 
40.778000 -0.012505 
40.779000 -0.012502 
40.780000 -0.012504 
40.781000 -0.012510 
40.782000 -0.012514 
40.783000 -0.012516 
40.784000 -0.012521 
40.785000 -0.012526 
40.786000 -0.012531 
40.787000 -0.012539 
40.788000 -0.012547 
40.789000 -0.012561 
40.790000 -0.012577 
40.791000 -0.012592 
40.792000 -0.012605 
40.793000 -0.012610 
40.794000 -0.012618 
40.795000 -0.012626 
40.796000 -0.012631 
40.797000 -0.012636 
40.798000 -0.012635 
40.799000 -0.012641 
40.800000 -0.012641 
40.801000 -0.012647 
40.802000 -0.012643 
40.803000 -0.012638 
40.804000 -0.012629 
40.805000 -0.012626 
40.806000 -0.012629 
40.807000 -0.012618 
40.808000 -0.012622 
40.809000 -0.012610 
40.810000 -0.012597 
40.811000 -0.012584 
40.812000 -0.012582 
40.813000 -0.012581 
40.814000 -0.012576 
40.815000 -0.012578 
40.816000 -0.012589 
40.817000 -0.012592 
40.818000 -0.012595 
40.819000 -0.012665 
40.820000 -0.012623 
40.821000 -0.012725 
40.822000 -0.012644 
40.823000 -0.012642 
40.824000 -0.012639 
40.825000 -0.012643 
40.826000 -0.012642 
40.827000 -0.012639 
40.828000 -0.012637 
40.829000 -0.012633 
40.830000 -0.012622 
40.831000 -0.012626 
40.832000 -0.012627 
40.833000 -0.012629 
40.834000 -0.012631 
40.835000 -0.012633 
40.836000 -0.012625 
40.837000 -0.012622 
40.838000 -0.012616 
40.839000 -0.012608 
40.840000 -0.012599 
40.841000 -0.012595 
40.842000 -0.012595 
40.843000 -0.012592 
40.844000 -0.012588 
40.845000 -0.012585 
40.846000 -0.012585 
40.847000 -0.012588 
40.848000 -0.012586 
40.849000 -0.012578 
40.850000 -0.012686 
40.851000 -0.012579 
40.852000 -0.012565 
40.853000 -0.012557 
40.854000 -0.012551 
40.855000 -0.012548 
40.856000 -0.012540 
40.857000 -0.012535 
40.858000 -0.012536 
40.859000 -0.012533 
40.860000 -0.012530 
