Time(s) Pressure(mBar)
36.862000 4.847967 
36.863000 3.856579 
36.864000 3.301046 
36.865000 2.955753 
36.866000 2.729226 
36.867000 2.575954 
36.868000 2.469722 
36.869000 2.395085 
36.870000 2.342234 
36.871000 2.302338 
36.872000 2.272478 
36.873000 2.250300 
36.874000 2.233905 
36.875000 2.221684 
36.876000 2.212217 
36.877000 2.204799 
36.878000 2.199262 
36.879000 2.195165 
36.880000 2.191882 
36.881000 2.189315 
36.882000 2.187120 
36.883000 2.185581 
36.884000 2.184278 
36.885000 2.183209 
36.886000 2.182435 
36.887000 2.182249 
36.888000 2.181749 
36.889000 2.181592 
36.890000 2.181485 
36.891000 2.181436 
36.892000 2.181416 
36.893000 2.181524 
36.894000 2.181573 
36.895000 2.181671 
36.896000 2.181690 
36.897000 2.181700 
36.898000 2.181681 
36.899000 2.181739 
36.900000 2.181818 
36.901000 2.181896 
36.902000 2.182014 
36.903000 2.182200 
36.904000 2.182425 
36.905000 2.182621 
36.906000 2.182788 
36.907000 2.183004 
36.908000 2.183141 
36.909000 2.183239 
36.910000 2.183366 
36.911000 2.183533 
36.912000 2.183680 
36.913000 2.183807 
36.914000 2.183984 
36.915000 2.184180 
36.916000 2.184395 
36.917000 2.184611 
36.918000 2.184768 
36.919000 2.184924 
36.920000 2.185071 
36.921000 2.185267 
36.922000 2.185316 
36.923000 2.185414 
36.924000 2.185522 
36.925000 2.185659 
36.926000 2.185748 
36.927000 2.185767 
36.928000 2.185865 
36.929000 2.185963 
36.930000 2.186032 
36.931000 2.185973 
36.932000 2.186002 
36.933000 2.185973 
36.934000 2.186002 
36.935000 2.185953 
36.936000 2.185885 
36.937000 2.185826 
36.938000 2.185738 
36.939000 2.185512 
36.940000 2.185356 
36.941000 2.185189 
36.942000 2.185022 
36.943000 2.184856 
36.944000 2.184709 
36.945000 2.184513 
36.946000 2.184395 
36.947000 2.184180 
36.948000 2.183925 
36.949000 2.183690 
36.950000 2.183454 
36.951000 2.183209 
36.952000 2.182886 
36.953000 2.182670 
36.954000 2.182357 
36.955000 2.182112 
36.956000 2.181818 
36.957000 2.181524 
36.958000 2.181171 
36.959000 2.180916 
36.960000 2.180710 
36.961000 2.180367 
36.962000 2.180083 
36.963000 2.179691 
36.964000 2.179378 
36.965000 2.179133 
36.966000 2.178848 
36.967000 2.178545 
36.968000 2.178153 
36.969000 2.177780 
36.970000 2.177388 
36.971000 2.177065 
36.972000 2.176722 
36.973000 2.176369 
36.974000 2.175997 
36.975000 2.175526 
36.976000 2.175075 
36.977000 2.174742 
36.978000 2.174331 
36.979000 2.173870 
36.980000 2.173537 
36.981000 2.173194 
36.982000 2.172763 
36.983000 2.172429 
36.984000 2.172165 
36.985000 2.171841 
36.986000 2.171577 
36.987000 2.171195 
36.988000 2.170901 
36.989000 2.170714 
36.990000 2.170783 
36.991000 2.170567 
36.992000 2.170264 
36.993000 2.169872 
36.994000 2.169293 
36.995000 2.168803 
36.996000 2.168451 
36.997000 2.168068 
36.998000 2.167324 
36.999000 2.166608 
37.000000 2.166187 
37.001000 2.165756 
37.002000 2.165148 
37.003000 2.164844 
37.004000 2.164050 
37.005000 2.163472 
37.006000 2.163012 
37.007000 2.162580 
37.008000 2.162012 
37.009000 2.161287 
37.010000 2.160954 
37.011000 2.160395 
37.012000 2.159836 
37.013000 2.159239 
37.014000 2.158749 
37.015000 2.157955 
37.016000 2.156975 
37.017000 2.156318 
37.018000 2.155701 
37.019000 2.155446 
37.020000 2.154770 
37.021000 2.153525 
37.022000 2.152682 
37.023000 2.151624 
37.024000 2.150811 
37.025000 2.149684 
37.026000 2.148625 
37.027000 2.147577 
37.028000 2.146714 
37.029000 2.144950 
37.030000 2.143608 
37.031000 2.142304 
37.032000 2.141060 
37.033000 2.139972 
37.034000 2.138600 
37.035000 2.137110 
37.036000 2.135650 
37.037000 2.134307 
37.038000 2.132563 
37.039000 2.130995 
37.040000 2.129045 
37.041000 2.127487 
37.042000 2.125772 
37.043000 2.124027 
37.044000 2.122283 
37.045000 2.120440 
37.046000 2.118804 
37.047000 2.116863 
37.048000 2.115011 
37.049000 2.112787 
37.050000 2.110768 
37.051000 2.108582 
37.052000 2.106377 
37.053000 2.104006 
37.054000 2.101624 
37.055000 2.099106 
37.056000 2.096489 
37.057000 2.093980 
37.058000 2.091413 
37.059000 2.088541 
37.060000 2.085954 
37.061000 2.083093 
37.062000 2.079849 
37.063000 2.076762 
37.064000 2.073577 
37.065000 2.070166 
37.066000 2.066805 
37.067000 2.063110 
37.068000 2.059475 
37.069000 2.055790 
37.070000 2.051948 
37.071000 2.047979 
37.072000 2.044294 
37.073000 2.040521 
37.074000 2.036523 
37.075000 2.032368 
37.076000 2.028418 
37.077000 2.024273 
37.078000 2.020049 
37.079000 2.015669 
37.080000 2.010847 
37.081000 2.006437 
37.082000 2.001978 
37.083000 1.997294 
37.084000 1.992335 
37.085000 1.987650 
37.086000 1.982799 
37.087000 1.977850 
37.088000 1.972725 
37.089000 1.967404 
37.090000 1.962092 
37.091000 1.956751 
37.092000 1.951292 
37.093000 1.945775 
37.094000 1.940052 
37.095000 1.934427 
37.096000 1.928615 
37.097000 1.922755 
37.098000 1.916865 
37.099000 1.910985 
37.100000 1.905272 
37.101000 1.899107 
37.102000 1.892943 
37.103000 1.886818 
37.104000 1.880585 
37.105000 1.873882 
37.106000 1.867463 
37.107000 1.861083 
37.108000 1.854625 
37.109000 1.847775 
37.110000 1.840974 
37.111000 1.834418 
37.112000 1.827469 
37.113000 1.820472 
37.114000 1.813455 
37.115000 1.806625 
37.116000 1.799236 
37.117000 1.791944 
37.118000 1.784800 
37.119000 1.777264 
37.120000 1.769816 
37.121000 1.762437 
37.122000 1.755126 
37.123000 1.747678 
37.124000 1.739975 
37.125000 1.732360 
37.126000 1.724354 
37.127000 1.716582 
37.128000 1.708840 
37.129000 1.701245 
37.130000 1.693307 
37.131000 1.685379 
37.132000 1.677275 
37.133000 1.669239 
37.134000 1.661252 
37.135000 1.653441 
37.136000 1.645140 
37.137000 1.636693 
37.138000 1.628451 
37.139000 1.620092 
37.140000 1.611654 
37.141000 1.603285 
37.142000 1.594866 
37.143000 1.586154 
37.144000 1.577638 
37.145000 1.568730 
37.146000 1.559998 
37.147000 1.551403 
37.148000 1.542554 
37.149000 1.533734 
37.150000 1.525041 
37.151000 1.516143 
37.152000 1.507107 
37.153000 1.498297 
37.154000 1.489281 
37.155000 1.480383 
37.156000 1.471210 
37.157000 1.462116 
37.158000 1.453178 
37.159000 1.444142 
37.160000 1.434989 
37.161000 1.425865 
37.162000 1.416663 
37.163000 1.407451 
37.164000 1.398190 
37.165000 1.389106 
37.166000 1.379796 
37.167000 1.370466 
37.168000 1.361136 
37.169000 1.351640 
37.170000 1.342222 
37.171000 1.332814 
37.172000 1.323308 
37.173000 1.313812 
37.174000 1.304517 
37.175000 1.295127 
37.176000 1.285619 
37.177000 1.276033 
37.178000 1.266424 
37.179000 1.256815 
37.180000 1.247124 
37.181000 1.237570 
37.182000 1.227900 
37.183000 1.218221 
37.184000 1.208239 
37.185000 1.198588 
37.186000 1.188714 
37.187000 1.179004 
37.188000 1.169075 
37.189000 1.159087 
37.190000 1.149039 
37.191000 1.139254 
37.192000 1.129321 
37.193000 1.119564 
37.194000 1.109644 
37.195000 1.099597 
37.196000 1.089550 
37.197000 1.079468 
37.198000 1.069388 
37.199000 1.059455 
37.200000 1.049346 
37.201000 1.039170 
37.202000 1.028911 
37.203000 1.018777 
37.204000 1.008654 
37.205000 0.998436 
37.206000 0.988719 
37.207000 0.978081 
37.208000 0.967579 
37.209000 0.957269 
37.210000 0.947104 
37.211000 0.936686 
37.212000 0.926383 
37.213000 0.915863 
37.214000 0.905457 
37.215000 0.895080 
37.216000 0.884669 
37.217000 0.874334 
37.218000 0.863817 
37.219000 0.853296 
37.220000 0.842830 
37.221000 0.832288 
37.222000 0.821647 
37.223000 0.811060 
37.224000 0.800598 
37.225000 0.790086 
37.226000 0.779450 
37.227000 0.768910 
37.228000 0.758295 
37.229000 0.747637 
37.230000 0.737073 
37.231000 0.726527 
37.232000 0.715944 
37.233000 0.705409 
37.234000 0.694633 
37.235000 0.683850 
37.236000 0.673206 
37.237000 0.662519 
37.238000 0.651754 
37.239000 0.641120 
37.240000 0.630265 
37.241000 0.619410 
37.242000 0.608414 
37.243000 0.597592 
37.244000 0.586800 
37.245000 0.575980 
37.246000 0.564939 
37.247000 0.553958 
37.248000 0.543055 
37.249000 0.532033 
37.250000 0.521064 
37.251000 0.510036 
37.252000 0.498973 
37.253000 0.487933 
37.254000 0.476848 
37.255000 0.465859 
37.256000 0.454729 
37.257000 0.443567 
37.258000 0.432500 
37.259000 0.421477 
37.260000 0.410379 
37.261000 0.399205 
37.262000 0.388118 
37.263000 0.377054 
37.264000 0.365802 
37.265000 0.354580 
37.266000 0.343541 
37.267000 0.332530 
37.268000 0.321519 
37.269000 0.310510 
37.270000 0.299520 
37.271000 0.288457 
37.272000 0.277211 
37.273000 0.266296 
37.274000 0.255265 
37.275000 0.244231 
37.276000 0.233204 
37.277000 0.222102 
37.278000 0.210999 
37.279000 0.199832 
37.280000 0.188786 
37.281000 0.177679 
37.282000 0.166695 
37.283000 0.155638 
37.284000 0.144594 
37.285000 0.133602 
37.286000 0.122407 
37.287000 0.111297 
37.288000 0.100246 
37.289000 0.089124 
37.290000 0.078068 
37.291000 0.066747 
37.292000 0.055478 
37.293000 0.044311 
37.294000 0.033126 
37.295000 0.021902 
37.296000 0.010546 
37.297000 -0.000794 
37.298000 -0.012118 
37.299000 -0.023425 
37.300000 -0.034717 
37.301000 -0.045978 
37.302000 -0.057384 
37.303000 -0.068850 
37.304000 -0.080351 
37.305000 -0.091621 
37.306000 -0.102944 
37.307000 -0.114328 
37.308000 -0.125705 
37.309000 -0.137161 
37.310000 -0.148628 
37.311000 -0.159909 
37.312000 -0.171208 
37.313000 -0.182610 
37.314000 -0.194069 
37.315000 -0.205350 
37.316000 -0.216676 
37.317000 -0.227941 
37.318000 -0.239160 
37.319000 -0.250349 
37.320000 -0.261535 
37.321000 -0.272777 
37.322000 -0.283974 
37.323000 -0.295281 
37.324000 -0.306501 
37.325000 -0.317667 
37.326000 -0.328933 
37.327000 -0.340129 
37.328000 -0.351267 
37.329000 -0.362437 
37.330000 -0.373704 
37.331000 -0.384843 
37.332000 -0.395942 
37.333000 -0.407001 
37.334000 -0.418099 
37.335000 -0.429205 
37.336000 -0.439579 
37.337000 -0.451377 
37.338000 -0.462481 
37.339000 -0.473563 
37.340000 -0.484627 
37.341000 -0.495677 
37.342000 -0.506775 
37.343000 -0.517814 
37.344000 -0.528930 
37.345000 -0.540094 
37.346000 -0.551145 
37.347000 -0.562274 
37.348000 -0.573382 
37.349000 -0.584501 
37.350000 -0.595626 
37.351000 -0.606929 
37.352000 -0.618171 
37.353000 -0.629392 
37.354000 -0.640547 
37.355000 -0.651802 
37.356000 -0.662994 
37.357000 -0.674140 
37.358000 -0.685331 
37.359000 -0.696577 
37.360000 -0.707730 
37.361000 -0.718939 
37.362000 -0.730192 
37.363000 -0.741513 
37.364000 -0.752775 
37.365000 -0.764014 
37.366000 -0.775184 
37.367000 -0.786237 
37.368000 -0.797276 
37.369000 -0.808333 
37.370000 -0.819447 
37.371000 -0.830460 
37.372000 -0.841423 
37.373000 -0.852411 
37.374000 -0.863372 
37.375000 -0.874383 
37.376000 -0.885395 
37.377000 -0.896325 
37.378000 -0.907194 
37.379000 -0.918091 
37.380000 -0.929043 
37.381000 -0.939977 
37.382000 -0.950779 
37.383000 -0.961613 
37.384000 -0.972476 
37.385000 -0.983395 
37.386000 -0.994336 
37.387000 -1.005088 
37.388000 -1.015963 
37.389000 -1.026743 
37.390000 -1.037583 
37.391000 -1.048297 
37.392000 -1.059070 
37.393000 -1.069885 
37.394000 -1.080610 
37.395000 -1.091351 
37.396000 -1.102024 
37.397000 -1.112633 
37.398000 -1.123254 
37.399000 -1.133973 
37.400000 -1.144749 
37.401000 -1.155377 
37.402000 -1.165916 
37.403000 -1.176482 
37.404000 -1.187080 
37.405000 -1.197607 
37.406000 -1.208121 
37.407000 -1.218665 
37.408000 -1.229259 
37.409000 -1.239864 
37.410000 -1.250503 
37.411000 -1.261184 
37.412000 -1.271880 
37.413000 -1.282614 
37.414000 -1.293231 
37.415000 -1.303762 
37.416000 -1.314343 
37.417000 -1.324912 
37.418000 -1.335520 
37.419000 -1.346101 
37.420000 -1.356739 
37.421000 -1.367337 
37.422000 -1.377860 
37.423000 -1.388403 
37.424000 -1.398944 
37.425000 -1.409468 
37.426000 -1.419996 
37.427000 -1.430528 
37.428000 -1.440985 
37.429000 -1.451432 
37.430000 -1.461906 
37.431000 -1.472282 
37.432000 -1.482699 
37.433000 -1.492253 
37.434000 -1.503461 
37.435000 -1.513909 
37.436000 -1.524314 
37.437000 -1.534616 
37.438000 -1.544971 
37.439000 -1.555392 
37.440000 -1.565699 
37.441000 -1.576052 
37.442000 -1.586323 
37.443000 -1.596588 
37.444000 -1.606905 
37.445000 -1.617187 
37.446000 -1.627376 
37.447000 -1.637542 
37.448000 -1.647818 
37.449000 -1.658006 
37.450000 -1.668182 
37.451000 -1.678281 
37.452000 -1.688463 
37.453000 -1.698687 
37.454000 -1.708820 
37.455000 -1.718952 
37.456000 -1.729105 
37.457000 -1.739204 
37.458000 -1.749295 
37.459000 -1.759446 
37.460000 -1.769540 
37.461000 -1.779573 
37.462000 -1.789793 
37.463000 -1.799823 
37.464000 -1.809828 
37.465000 -1.819992 
37.466000 -1.829956 
37.467000 -1.839902 
37.468000 -1.849863 
37.469000 -1.859815 
37.470000 -1.869958 
37.471000 -1.880057 
37.472000 -1.890138 
37.473000 -1.900207 
37.474000 -1.910344 
37.475000 -1.920427 
37.476000 -1.930520 
37.477000 -1.940450 
37.478000 -1.950396 
37.479000 -1.960386 
37.480000 -1.970301 
37.481000 -1.980179 
37.482000 -1.990100 
37.483000 -1.999969 
37.484000 -2.009835 
37.485000 -2.019648 
37.486000 -2.029448 
37.487000 -2.039207 
37.488000 -2.048961 
37.489000 -2.058722 
37.490000 -2.068472 
37.491000 -2.078193 
37.492000 -2.087917 
37.493000 -2.097629 
37.494000 -2.107260 
37.495000 -2.116857 
37.496000 -2.126454 
37.497000 -2.135994 
37.498000 -2.145501 
37.499000 -2.154954 
37.500000 -2.164383 
37.501000 -2.173810 
37.502000 -2.183229 
37.503000 -2.192600 
37.504000 -2.201962 
37.505000 -2.211321 
37.506000 -2.220665 
37.507000 -2.229982 
37.508000 -2.239214 
37.509000 -2.248420 
37.510000 -2.257637 
37.511000 -2.266834 
37.512000 -2.276022 
37.513000 -2.285192 
37.514000 -2.294252 
37.515000 -2.303288 
37.516000 -2.312346 
37.517000 -2.321438 
37.518000 -2.330542 
37.519000 -2.339558 
37.520000 -2.348525 
37.521000 -2.357526 
37.522000 -2.366477 
37.523000 -2.375455 
37.524000 -2.384370 
37.525000 -2.393381 
37.526000 -2.402244 
37.527000 -2.411123 
37.528000 -2.420079 
37.529000 -2.428869 
37.530000 -2.437658 
37.531000 -2.446544 
37.532000 -2.454157 
37.533000 -2.463971 
37.534000 -2.472993 
37.535000 -2.481841 
37.536000 -2.490646 
37.537000 -2.499433 
37.538000 -2.508026 
37.539000 -2.516770 
37.540000 -2.525480 
37.541000 -2.534297 
37.542000 -2.542892 
37.543000 -2.551692 
37.544000 -2.560559 
37.545000 -2.569419 
37.546000 -2.578194 
37.547000 -2.586889 
37.548000 -2.595726 
37.549000 -2.604482 
37.550000 -2.613462 
37.551000 -2.622214 
37.552000 -2.630752 
37.553000 -2.639231 
37.554000 -2.647712 
37.555000 -2.656170 
37.556000 -2.664539 
37.557000 -2.672916 
37.558000 -2.681195 
37.559000 -2.689526 
37.560000 -2.697845 
37.561000 -2.706133 
37.562000 -2.714411 
37.563000 -2.722658 
37.564000 -2.730833 
37.565000 -2.739026 
37.566000 -2.747225 
37.567000 -2.755396 
37.568000 -2.763568 
37.569000 -2.771697 
37.570000 -2.779814 
37.571000 -2.787878 
37.572000 -2.795918 
37.573000 -2.803931 
37.574000 -2.811929 
37.575000 -2.819823 
37.576000 -2.827761 
37.577000 -2.835682 
37.578000 -2.843583 
37.579000 -2.851450 
37.580000 -2.859327 
37.581000 -2.867142 
37.582000 -2.874967 
37.583000 -2.882742 
37.584000 -2.890496 
37.585000 -2.898243 
37.586000 -2.905947 
37.587000 -2.913656 
37.588000 -2.921311 
37.589000 -2.928963 
37.590000 -2.936559 
37.591000 -2.944151 
37.592000 -2.951702 
37.593000 -2.959244 
37.594000 -2.966771 
37.595000 -2.974230 
37.596000 -2.981636 
37.597000 -2.989095 
37.598000 -2.996500 
37.599000 -3.003831 
37.600000 -3.011155 
37.601000 -3.018491 
37.602000 -3.025797 
37.603000 -3.033105 
37.604000 -3.040307 
37.605000 -3.047555 
37.606000 -3.054760 
37.607000 -3.061951 
37.608000 -3.069103 
37.609000 -3.076200 
37.610000 -3.083328 
37.611000 -3.090421 
37.612000 -3.097469 
37.613000 -3.104521 
37.614000 -3.111525 
37.615000 -3.118512 
37.616000 -3.125435 
37.617000 -3.132345 
37.618000 -3.139282 
37.619000 -3.146156 
37.620000 -3.153007 
37.621000 -3.159823 
37.622000 -3.166674 
37.623000 -3.173443 
37.624000 -3.180247 
37.625000 -3.186996 
37.626000 -3.193617 
37.627000 -3.200224 
37.628000 -3.206901 
37.629000 -3.213542 
37.630000 -3.220115 
37.631000 -3.226674 
37.632000 -3.233216 
37.633000 -3.239740 
37.634000 -3.246360 
37.635000 -3.252945 
37.636000 -3.259550 
37.637000 -3.266044 
37.638000 -3.272456 
37.639000 -3.278820 
37.640000 -3.285123 
37.641000 -3.291407 
37.642000 -3.297726 
37.643000 -3.304055 
37.644000 -3.310292 
37.645000 -3.316493 
37.646000 -3.322720 
37.647000 -3.329026 
37.648000 -3.335201 
37.649000 -3.341191 
37.650000 -3.347242 
37.651000 -3.353257 
37.652000 -3.359242 
37.653000 -3.365304 
37.654000 -3.371317 
37.655000 -3.377257 
37.656000 -3.383122 
37.657000 -3.388941 
37.658000 -3.394683 
37.659000 -3.400426 
37.660000 -3.406187 
37.661000 -3.411804 
37.662000 -3.417488 
37.663000 -3.423047 
37.664000 -3.428567 
37.665000 -3.434094 
37.666000 -3.439627 
37.667000 -3.445113 
37.668000 -3.450411 
37.669000 -3.455902 
37.670000 -3.461315 
37.671000 -3.466679 
37.672000 -3.471926 
37.673000 -3.477293 
37.674000 -3.482548 
37.675000 -3.487788 
37.676000 -3.493032 
37.677000 -3.498236 
37.678000 -3.503465 
37.679000 -3.508570 
37.680000 -3.513678 
37.681000 -3.518732 
37.682000 -3.523766 
37.683000 -3.528723 
37.684000 -3.533633 
37.685000 -3.538518 
37.686000 -3.543420 
37.687000 -3.548295 
37.688000 -3.553179 
37.689000 -3.557980 
37.690000 -3.562824 
37.691000 -3.567614 
37.692000 -3.572323 
37.693000 -3.577013 
37.694000 -3.581729 
37.695000 -3.586392 
37.696000 -3.591026 
37.697000 -3.595650 
37.698000 -3.600207 
37.699000 -3.604673 
37.700000 -3.609207 
37.701000 -3.613654 
37.702000 -3.618053 
37.703000 -3.622336 
37.704000 -3.626706 
37.705000 -3.631028 
37.706000 -3.635259 
37.707000 -3.639438 
37.708000 -3.643627 
37.709000 -3.647759 
37.710000 -3.651924 
37.711000 -3.656037 
37.712000 -3.660165 
37.713000 -3.664215 
37.714000 -3.668233 
37.715000 -3.672261 
37.716000 -3.676235 
37.717000 -3.680142 
37.718000 -3.684010 
37.719000 -3.687797 
37.720000 -3.691584 
37.721000 -3.695393 
37.722000 -3.699161 
37.723000 -3.702907 
37.724000 -3.706672 
37.725000 -3.710461 
37.726000 -3.714141 
37.727000 -3.717803 
37.728000 -3.721457 
37.729000 -3.725039 
37.730000 -3.728586 
37.731000 -3.732120 
37.732000 -3.735617 
37.733000 -3.739018 
37.734000 -3.742508 
37.735000 -3.745942 
37.736000 -3.749329 
37.737000 -3.752701 
37.738000 -3.756033 
37.739000 -3.759297 
37.740000 -3.762481 
37.741000 -3.765727 
37.742000 -3.768934 
37.743000 -3.772126 
37.744000 -3.775241 
37.745000 -3.778360 
37.746000 -3.781546 
37.747000 -3.784642 
37.748000 -3.787690 
37.749000 -3.790702 
37.750000 -3.793662 
37.751000 -3.796614 
37.752000 -3.799531 
37.753000 -3.802423 
37.754000 -3.805293 
37.755000 -3.808152 
37.756000 -3.810988 
37.757000 -3.813833 
37.758000 -3.816640 
37.759000 -3.819495 
37.760000 -3.822239 
37.761000 -3.824952 
37.762000 -3.827627 
37.763000 -3.830233 
37.764000 -3.832868 
37.765000 -3.835428 
37.766000 -3.838014 
37.767000 -3.840570 
37.768000 -3.843107 
37.769000 -3.845623 
37.770000 -3.848151 
37.771000 -3.850531 
37.772000 -3.852922 
37.773000 -3.855336 
37.774000 -3.857682 
37.775000 -3.859984 
37.776000 -3.862265 
37.777000 -3.864520 
37.778000 -3.866678 
37.779000 -3.868904 
37.780000 -3.871100 
37.781000 -3.873310 
37.782000 -3.875486 
37.783000 -3.877536 
37.784000 -3.879803 
37.785000 -3.881896 
37.786000 -3.883926 
37.787000 -3.887479 
37.788000 -3.888286 
37.789000 -3.890099 
37.790000 -3.892056 
37.791000 -3.893941 
37.792000 -3.895819 
37.793000 -3.897777 
37.794000 -3.899661 
37.795000 -3.901539 
37.796000 -3.903430 
37.797000 -3.905169 
37.798000 -3.906965 
37.799000 -3.908751 
37.800000 -3.910622 
37.801000 -3.912431 
37.802000 -3.914280 
37.803000 -3.916129 
37.804000 -3.917876 
37.805000 -3.919736 
37.806000 -3.921625 
37.807000 -3.923541 
37.808000 -3.925263 
37.809000 -3.927045 
37.810000 -3.928719 
37.811000 -3.930481 
37.812000 -3.932209 
37.813000 -3.933923 
37.814000 -3.936034 
37.815000 -3.937199 
37.816000 -3.938048 
37.817000 -3.939220 
37.818000 -3.940306 
37.819000 -3.941519 
37.820000 -3.942877 
37.821000 -3.944392 
37.822000 -3.945995 
37.823000 -3.947569 
37.824000 -3.948793 
37.825000 -3.950004 
37.826000 -3.951280 
37.827000 -3.952606 
37.828000 -3.953979 
37.829000 -3.955275 
37.830000 -3.956543 
37.831000 -3.957903 
37.832000 -3.959235 
37.833000 -3.960425 
37.834000 -3.961636 
37.835000 -3.962848 
37.836000 -3.964043 
37.837000 -3.965281 
37.838000 -3.966493 
37.839000 -3.967696 
37.840000 -3.968806 
37.841000 -3.969796 
37.842000 -3.970833 
37.843000 -3.971881 
37.844000 -3.974264 
37.845000 -3.974280 
37.846000 -3.975197 
37.847000 -3.976224 
37.848000 -3.977286 
37.849000 -3.978335 
37.850000 -3.979519 
37.851000 -3.980604 
37.852000 -3.981648 
37.853000 -3.982708 
37.854000 -3.983643 
37.855000 -3.984480 
37.856000 -3.985407 
37.857000 -3.986297 
37.858000 -3.987122 
37.859000 -3.987979 
37.860000 -3.988929 
37.861000 -3.989833 
37.862000 -3.990688 
37.863000 -3.991591 
37.864000 -3.992459 
37.865000 -3.993301 
37.866000 -3.994165 
37.867000 -3.994991 
37.868000 -3.995800 
37.869000 -3.996602 
37.870000 -3.997466 
37.871000 -3.998305 
37.872000 -3.999098 
37.873000 -3.999894 
37.874000 -4.000699 
37.875000 -4.001486 
37.876000 -4.002311 
37.877000 -4.003137 
37.878000 -4.003932 
37.879000 -4.004709 
37.880000 -4.005466 
37.881000 -4.006231 
37.882000 -4.007010 
37.883000 -4.007781 
37.884000 -4.009628 
37.885000 -4.009479 
37.886000 -4.010153 
37.887000 -4.010822 
37.888000 -4.011521 
37.889000 -4.012245 
37.890000 -4.012983 
37.891000 -4.013696 
37.892000 -4.014402 
37.893000 -4.015135 
37.894000 -4.015945 
37.895000 -4.016693 
37.896000 -4.017405 
37.897000 -4.018137 
37.898000 -4.018794 
37.899000 -4.019499 
37.900000 -4.020175 
37.901000 -4.020875 
37.902000 -4.021606 
37.903000 -4.022347 
37.904000 -4.023076 
37.905000 -4.023797 
37.906000 -4.024530 
37.907000 -4.025190 
37.908000 -4.025894 
37.909000 -4.026554 
37.910000 -4.027248 
37.911000 -4.027967 
37.912000 -4.028662 
37.913000 -4.029371 
37.914000 -4.029984 
37.915000 -4.030617 
37.916000 -4.032187 
37.917000 -4.032147 
37.918000 -4.032765 
37.919000 -4.033483 
37.920000 -4.034205 
37.921000 -4.034851 
37.922000 -4.035617 
37.923000 -4.036360 
37.924000 -4.037030 
37.925000 -4.037745 
37.926000 -4.038420 
37.927000 -4.039123 
37.928000 -4.039809 
37.929000 -4.040482 
37.930000 -4.041180 
37.931000 -4.041867 
37.932000 -4.042538 
37.933000 -4.043217 
37.934000 -4.043945 
37.935000 -4.044652 
37.936000 -4.045361 
37.937000 -4.045978 
37.938000 -4.046656 
37.939000 -4.047250 
37.940000 -4.047906 
37.941000 -4.048597 
37.942000 -4.049337 
37.943000 -4.050671 
37.944000 -4.050887 
37.945000 -4.051529 
37.946000 -4.052215 
37.947000 -4.052971 
37.948000 -4.053699 
37.949000 -4.054414 
37.950000 -4.055082 
37.951000 -4.055772 
37.952000 -4.056465 
37.953000 -4.057166 
37.954000 -4.057887 
37.955000 -4.058636 
37.956000 -4.059348 
37.957000 -4.060026 
37.958000 -4.060680 
37.959000 -4.061407 
37.960000 -4.062175 
37.961000 -4.062871 
37.962000 -4.063559 
37.963000 -4.064243 
37.964000 -4.065016 
37.965000 -4.065701 
37.966000 -4.066384 
37.967000 -4.067506 
37.968000 -4.067844 
37.969000 -4.068548 
37.970000 -4.069336 
37.971000 -4.070025 
37.972000 -4.070671 
37.973000 -4.071303 
37.974000 -4.071969 
37.975000 -4.072723 
37.976000 -4.073505 
37.977000 -4.074177 
37.978000 -4.074883 
37.979000 -4.075704 
37.980000 -4.076367 
37.981000 -4.076952 
37.982000 -4.077614 
37.983000 -4.078412 
37.984000 -4.079138 
37.985000 -4.079796 
37.986000 -4.080476 
37.987000 -4.081246 
37.988000 -4.081925 
37.989000 -4.082842 
37.990000 -4.083420 
37.991000 -4.084090 
37.992000 -4.084774 
37.993000 -4.085489 
37.994000 -4.086154 
37.995000 -4.086849 
37.996000 -4.087600 
37.997000 -4.088414 
37.998000 -4.089205 
37.999000 -4.089842 
38.000000 -4.090526 
38.001000 -4.091139 
38.002000 -4.091823 
38.003000 -4.092551 
38.004000 -4.093344 
38.005000 -4.094026 
38.006000 -4.094769 
38.007000 -4.095509 
38.008000 -4.096169 
38.009000 -4.096793 
38.010000 -4.097486 
38.011000 -4.098223 
38.012000 -4.099008 
38.013000 -4.099678 
38.014000 -4.100391 
38.015000 -4.101098 
38.016000 -4.101845 
38.017000 -4.102598 
38.018000 -4.103296 
38.019000 -4.104018 
38.020000 -4.104764 
38.021000 -4.105558 
38.022000 -4.106316 
38.023000 -4.107038 
38.024000 -4.107748 
38.025000 -4.108509 
38.026000 -4.109285 
38.027000 -4.110058 
38.028000 -4.110502 
38.029000 -4.111499 
38.030000 -4.112276 
38.031000 -4.113061 
38.032000 -4.113835 
38.033000 -4.114588 
38.034000 -4.115318 
38.035000 -4.116053 
38.036000 -4.116791 
38.037000 -4.117542 
38.038000 -4.118277 
38.039000 -4.119059 
38.040000 -4.119822 
38.041000 -4.120588 
38.042000 -4.121331 
38.043000 -4.122069 
38.044000 -4.122833 
38.045000 -4.123040 
38.046000 -4.124217 
38.047000 -4.125007 
38.048000 -4.125775 
38.049000 -4.126531 
38.050000 -4.127277 
38.051000 -4.128039 
38.052000 -4.128766 
38.053000 -4.129515 
38.054000 -4.130263 
38.055000 -4.131011 
38.056000 -4.131735 
38.057000 -4.132441 
38.058000 -4.133176 
38.059000 -4.133905 
38.060000 -4.134654 
38.061000 -4.135352 
38.062000 -4.135312 
38.063000 -4.136660 
38.064000 -4.137456 
38.065000 -4.138198 
38.066000 -4.138873 
38.067000 -4.139586 
38.068000 -4.140304 
38.069000 -4.141030 
38.070000 -4.141755 
38.071000 -4.142404 
38.072000 -4.143109 
38.073000 -4.143776 
38.074000 -4.144473 
38.075000 -4.145145 
38.076000 -4.145783 
38.077000 -4.146465 
38.078000 -4.146161 
38.079000 -4.147653 
38.080000 -4.148384 
38.081000 -4.149057 
38.082000 -4.149731 
38.083000 -4.150376 
38.084000 -4.151018 
38.085000 -4.151628 
38.086000 -4.152242 
38.087000 -4.152839 
38.088000 -4.153451 
38.089000 -4.154055 
38.090000 -4.154629 
38.091000 -4.155230 
38.092000 -4.155794 
38.093000 -4.156370 
38.094000 -4.155717 
38.095000 -4.157289 
38.096000 -4.157949 
38.097000 -4.158516 
38.098000 -4.159054 
38.099000 -4.159563 
38.100000 -4.160098 
38.101000 -4.160596 
38.102000 -4.161087 
38.103000 -4.161536 
38.104000 -4.161971 
38.105000 -4.162459 
38.106000 -4.162909 
38.107000 -4.163343 
38.108000 -4.163740 
38.109000 -4.162736 
38.110000 -4.164450 
38.111000 -4.164879 
38.112000 -4.165276 
38.113000 -4.165681 
38.114000 -4.166064 
38.115000 -4.166452 
38.116000 -4.166788 
38.117000 -4.167083 
38.118000 -4.167399 
38.119000 -4.167737 
38.120000 -4.168044 
38.121000 -4.168329 
38.122000 -4.168597 
38.123000 -4.168915 
38.124000 -4.167571 
38.125000 -4.169150 
38.126000 -4.169495 
38.127000 -4.169685 
38.128000 -4.169888 
38.129000 -4.170094 
38.130000 -4.170300 
38.131000 -4.170432 
38.132000 -4.170641 
38.133000 -4.170873 
38.134000 -4.171009 
38.135000 -4.171091 
38.136000 -4.171142 
38.137000 -4.171206 
38.138000 -4.171288 
38.139000 -4.169489 
38.140000 -4.171046 
38.141000 -4.171188 
38.142000 -4.171198 
38.143000 -4.171263 
38.144000 -4.171197 
38.145000 -4.171098 
38.146000 -4.170955 
38.147000 -4.170871 
38.148000 -4.170803 
38.149000 -4.170652 
38.150000 -4.170428 
38.151000 -4.170152 
38.152000 -4.169823 
38.153000 -4.169603 
38.154000 -4.167266 
38.155000 -4.168749 
38.156000 -4.168681 
38.157000 -4.168484 
38.158000 -4.168244 
38.159000 -4.167823 
38.160000 -4.167456 
38.161000 -4.167184 
38.162000 -4.166957 
38.163000 -4.166591 
38.164000 -4.166107 
38.165000 -4.165554 
38.166000 -4.165350 
38.167000 -4.165214 
38.168000 -4.164840 
38.169000 -4.164278 
38.170000 -4.161659 
38.171000 -4.162943 
38.172000 -4.162492 
38.173000 -4.161985 
38.174000 -4.161236 
38.175000 -4.160733 
38.176000 -4.160046 
38.177000 -4.159316 
38.178000 -4.158451 
38.179000 -4.157680 
38.180000 -4.156957 
38.181000 -4.156038 
38.182000 -4.155284 
38.183000 -4.154337 
38.184000 -4.153425 
38.185000 -4.152519 
38.186000 -4.151558 
38.187000 -4.148170 
38.188000 -4.149099 
38.189000 -4.148280 
38.190000 -4.147230 
38.191000 -4.146256 
38.192000 -4.145157 
38.193000 -4.143929 
38.194000 -4.142768 
38.195000 -4.141687 
38.196000 -4.140436 
38.197000 -4.139236 
38.198000 -4.137949 
38.199000 -4.136788 
38.200000 -4.135556 
38.201000 -4.133969 
38.202000 -4.132822 
38.203000 -4.131439 
38.204000 -4.130025 
38.205000 -4.128570 
38.206000 -4.124537 
38.207000 -4.125346 
38.208000 -4.124027 
38.209000 -4.122586 
38.210000 -4.120832 
38.211000 -4.119109 
38.212000 -4.117318 
38.213000 -4.115548 
38.214000 -4.113719 
38.215000 -4.111989 
38.216000 -4.110110 
38.217000 -4.108244 
38.218000 -4.106258 
38.219000 -4.104223 
38.220000 -4.102346 
38.221000 -4.100209 
38.222000 -4.098055 
38.223000 -4.095842 
38.224000 -4.093600 
38.225000 -4.091482 
38.226000 -4.089282 
38.227000 -4.086998 
38.228000 -4.084734 
38.229000 -4.082428 
38.230000 -4.077473 
38.231000 -4.077503 
38.232000 -4.075197 
38.233000 -4.072566 
38.234000 -4.070127 
38.235000 -4.067561 
38.236000 -4.064976 
38.237000 -4.062445 
38.238000 -4.059621 
38.239000 -4.057025 
38.240000 -4.054339 
38.241000 -4.051739 
38.242000 -4.048550 
38.243000 -4.045476 
38.244000 -4.042438 
38.245000 -4.039588 
38.246000 -4.036726 
38.247000 -4.033513 
38.248000 -4.030156 
38.249000 -4.027032 
38.250000 -4.023927 
38.251000 -4.020780 
38.252000 -4.017624 
38.253000 -4.014352 
38.254000 -4.011040 
38.255000 -4.007639 
38.256000 -4.004407 
38.257000 -4.000805 
38.258000 -3.997269 
38.259000 -3.993703 
38.260000 -3.990100 
38.261000 -3.986455 
38.262000 -3.982785 
38.263000 -3.979052 
38.264000 -3.975235 
38.265000 -3.971356 
38.266000 -3.967426 
38.267000 -3.963435 
38.268000 -3.959323 
38.269000 -3.954830 
38.270000 -3.949972 
38.271000 -3.947394 
38.272000 -3.944431 
38.273000 -3.940421 
38.274000 -3.935154 
38.275000 -3.930417 
38.276000 -3.926061 
38.277000 -3.921665 
38.278000 -3.917269 
38.279000 -3.912811 
38.280000 -3.908261 
38.281000 -3.903657 
38.282000 -3.898999 
38.283000 -3.894322 
38.284000 -3.889601 
38.285000 -3.884793 
38.286000 -3.879930 
38.287000 -3.875043 
38.288000 -3.870023 
38.289000 -3.865059 
38.290000 -3.859991 
38.291000 -3.854897 
38.292000 -3.849774 
38.293000 -3.844439 
38.294000 -3.839140 
38.295000 -3.833843 
38.296000 -3.828421 
38.297000 -3.823001 
38.298000 -3.817482 
38.299000 -3.811769 
38.300000 -3.806210 
38.301000 -3.800519 
38.302000 -3.794801 
38.303000 -3.789029 
38.304000 -3.783085 
38.305000 -3.777155 
38.306000 -3.771188 
38.307000 -3.765142 
38.308000 -3.759066 
38.309000 -3.752920 
38.310000 -3.746639 
38.311000 -3.740430 
38.312000 -3.733995 
38.313000 -3.727644 
38.314000 -3.721269 
38.315000 -3.714775 
38.316000 -3.708112 
38.317000 -3.701327 
38.318000 -3.694521 
38.319000 -3.688004 
38.320000 -3.681154 
38.321000 -3.674245 
38.322000 -3.667316 
38.323000 -3.660301 
38.324000 -3.653272 
38.325000 -3.648545 
38.326000 -3.639187 
38.327000 -3.631718 
38.328000 -3.624325 
38.329000 -3.616914 
38.330000 -3.609493 
38.331000 -3.601860 
38.332000 -3.594279 
38.333000 -3.586610 
38.334000 -3.578887 
38.335000 -3.571120 
38.336000 -3.563180 
38.337000 -3.555235 
38.338000 -3.547260 
38.339000 -3.539183 
38.340000 -3.531056 
38.341000 -3.522844 
38.342000 -3.514501 
38.343000 -3.506154 
38.344000 -3.497721 
38.345000 -3.489234 
38.346000 -3.480717 
38.347000 -3.471946 
38.348000 -3.463241 
38.349000 -3.456560 
38.350000 -3.445869 
38.351000 -3.436801 
38.352000 -3.427560 
38.353000 -3.418471 
38.354000 -3.409316 
38.355000 -3.400100 
38.356000 -3.390888 
38.357000 -3.381365 
38.358000 -3.371955 
38.359000 -3.362457 
38.360000 -3.352899 
38.361000 -3.343294 
38.362000 -3.333502 
38.363000 -3.323659 
38.364000 -3.313807 
38.365000 -3.303881 
38.366000 -3.293942 
38.367000 -3.283813 
38.368000 -3.273539 
38.369000 -3.265202 
38.370000 -3.253187 
38.371000 -3.242731 
38.372000 -3.232219 
38.373000 -3.221565 
38.374000 -3.210965 
38.375000 -3.200298 
38.376000 -3.189550 
38.377000 -3.178756 
38.378000 -3.167748 
38.379000 -3.156699 
38.380000 -3.145652 
38.381000 -3.134513 
38.382000 -3.123339 
38.383000 -3.111984 
38.384000 -3.100469 
38.385000 -3.089027 
38.386000 -3.079162 
38.387000 -3.066096 
38.388000 -3.054246 
38.389000 -3.042248 
38.390000 -3.030305 
38.391000 -3.018345 
38.392000 -3.006293 
38.393000 -2.994199 
38.394000 -2.981921 
38.395000 -2.969488 
38.396000 -2.957373 
38.397000 -2.944668 
38.398000 -2.932119 
38.399000 -2.919458 
38.400000 -2.906580 
38.401000 -2.893699 
38.402000 -2.882333 
38.403000 -2.867990 
38.404000 -2.854790 
38.405000 -2.841468 
38.406000 -2.828075 
38.407000 -2.814686 
38.408000 -2.801226 
38.409000 -2.787712 
38.410000 -2.774062 
38.411000 -2.760205 
38.412000 -2.746332 
38.413000 -2.732414 
38.414000 -2.718437 
38.415000 -2.704389 
38.416000 -2.690148 
38.417000 -2.675730 
38.418000 -2.662723 
38.419000 -2.647075 
38.420000 -2.632458 
38.421000 -2.617770 
38.422000 -2.602872 
38.423000 -2.587967 
38.424000 -2.573025 
38.425000 -2.558036 
38.426000 -2.542989 
38.427000 -2.527704 
38.428000 -2.512299 
38.429000 -2.496894 
38.430000 -2.481422 
38.431000 -2.465907 
38.432000 -2.450244 
38.433000 -2.434234 
38.434000 -2.419453 
38.435000 -2.402379 
38.436000 -2.386245 
38.437000 -2.370075 
38.438000 -2.353732 
38.439000 -2.337274 
38.440000 -2.320795 
38.441000 -2.304293 
38.442000 -2.287696 
38.443000 -2.271008 
38.444000 -2.254116 
38.445000 -2.237184 
38.446000 -2.220181 
38.447000 -2.203113 
38.448000 -2.186048 
38.449000 -2.169757 
38.450000 -2.151393 
38.451000 -2.133808 
38.452000 -2.116206 
38.453000 -2.098618 
38.454000 -2.080825 
38.455000 -2.062817 
38.456000 -2.044776 
38.457000 -2.026685 
38.458000 -2.008547 
38.459000 -1.990369 
38.460000 -1.971855 
38.461000 -1.953258 
38.462000 -1.934601 
38.463000 -1.915920 
38.464000 -1.897321 
38.465000 -1.879183 
38.466000 -1.859300 
38.467000 -1.840038 
38.468000 -1.820814 
38.469000 -1.801679 
38.470000 -1.782204 
38.471000 -1.762532 
38.472000 -1.742804 
38.473000 -1.723012 
38.474000 -1.703420 
38.475000 -1.683513 
38.476000 -1.663362 
38.477000 -1.643101 
38.478000 -1.622719 
38.479000 -1.602666 
38.480000 -1.582336 
38.481000 -1.561647 
38.482000 -1.541577 
38.483000 -1.519894 
38.484000 -1.499119 
38.485000 -1.478282 
38.486000 -1.457020 
38.487000 -1.435730 
38.488000 -1.414179 
38.489000 -1.392987 
38.490000 -1.371840 
38.491000 -1.350141 
38.492000 -1.328461 
38.493000 -1.306478 
38.494000 -1.284652 
38.495000 -1.263066 
38.496000 -1.241005 
38.497000 -1.218790 
38.498000 -1.196358 
38.499000 -1.174457 
38.500000 -1.151860 
38.501000 -1.129307 
38.502000 -1.106556 
38.503000 -1.083558 
38.504000 -1.060545 
38.505000 -1.037694 
38.506000 -1.014775 
38.507000 -0.991559 
38.508000 -0.968001 
38.509000 -0.944456 
38.510000 -0.920929 
38.511000 -0.897511 
38.512000 -0.873857 
38.513000 -0.849842 
38.514000 -0.825769 
38.515000 -0.801688 
38.516000 -0.777632 
38.517000 -0.753937 
38.518000 -0.729168 
38.519000 -0.704504 
38.520000 -0.679850 
38.521000 -0.655137 
38.522000 -0.630501 
38.523000 -0.605488 
38.524000 -0.580214 
38.525000 -0.555055 
38.526000 -0.529881 
38.527000 -0.504665 
38.528000 -0.479368 
38.529000 -0.453722 
38.530000 -0.428160 
38.531000 -0.402579 
38.532000 -0.376784 
38.533000 -0.351053 
38.534000 -0.324959 
38.535000 -0.299171 
38.536000 -0.272888 
38.537000 -0.246603 
38.538000 -0.220230 
38.539000 -0.193667 
38.540000 -0.167129 
38.541000 -0.140516 
38.542000 -0.113774 
38.543000 -0.086833 
38.544000 -0.059790 
38.545000 -0.032697 
38.546000 -0.005596 
38.547000 0.021663 
38.548000 0.049037 
38.549000 0.076599 
38.550000 0.103702 
38.551000 0.131664 
38.552000 0.159427 
38.553000 0.187306 
38.554000 0.215448 
38.555000 0.243664 
38.556000 0.271789 
38.557000 0.300045 
38.558000 0.328461 
38.559000 0.357089 
38.560000 0.385749 
38.561000 0.414191 
38.562000 0.442721 
38.563000 0.471493 
38.564000 0.500512 
38.565000 0.529687 
38.566000 0.558682 
38.567000 0.587632 
38.568000 0.616814 
38.569000 0.646202 
38.570000 0.675854 
38.571000 0.705459 
38.572000 0.734852 
38.573000 0.764471 
38.574000 0.794162 
38.575000 0.824194 
38.576000 0.854414 
38.577000 0.884475 
38.578000 0.914338 
38.579000 0.944419 
38.580000 0.974705 
38.581000 1.005467 
38.582000 1.035963 
38.583000 1.066410 
38.584000 1.097034 
38.585000 1.127852 
38.586000 1.159053 
38.587000 1.190223 
38.588000 1.221033 
38.589000 1.251872 
38.590000 1.282866 
38.591000 1.314234 
38.592000 1.345907 
38.593000 1.377169 
38.594000 1.408412 
38.595000 1.439674 
38.596000 1.471337 
38.597000 1.503511 
38.598000 1.535165 
38.599000 1.566809 
38.600000 1.598463 
38.601000 1.630813 
38.602000 1.662967 
38.603000 1.695179 
38.604000 1.727147 
38.605000 1.759154 
38.606000 1.791435 
38.607000 1.824059 
38.608000 1.856879 
38.609000 1.889582 
38.610000 1.922137 
38.611000 1.954811 
38.612000 1.987778 
38.613000 2.021029 
38.614000 2.053947 
38.615000 2.086523 
38.616000 2.119372 
38.617000 2.152565 
38.618000 2.186061 
38.619000 2.219371 
38.620000 2.252388 
38.621000 2.285531 
38.622000 2.318959 
38.623000 2.352691 
38.624000 2.386383 
38.625000 2.419762 
38.626000 2.453121 
38.627000 2.487352 
38.628000 2.520663 
38.629000 2.554845 
38.630000 2.588498 
38.631000 2.622122 
38.632000 2.656187 
38.633000 2.690565 
38.634000 2.724983 
38.635000 2.759136 
38.636000 2.793112 
38.637000 2.827226 
38.638000 2.861399 
38.639000 2.895954 
38.640000 2.930401 
38.641000 2.964681 
38.642000 2.998961 
38.643000 3.033212 
38.644000 3.067904 
38.645000 3.102694 
38.646000 3.137230 
38.647000 3.171598 
38.648000 3.206016 
38.649000 3.240620 
38.650000 3.275762 
38.651000 3.310709 
38.652000 3.345225 
38.653000 3.379976 
38.654000 3.414942 
38.655000 3.450467 
38.656000 3.485688 
38.657000 3.520449 
38.658000 3.556082 
38.659000 3.590284 
38.660000 3.625407 
38.661000 3.660755 
38.662000 3.695741 
38.663000 3.730512 
38.664000 3.765498 
38.665000 3.800827 
38.666000 3.836450 
38.667000 3.871504 
38.668000 3.906422 
38.669000 3.941369 
38.670000 3.976482 
38.671000 4.012301 
38.672000 4.047493 
38.673000 4.082410 
38.674000 4.117700 
38.675000 4.152951 
38.676000 4.188672 
38.677000 4.224344 
38.678000 4.259261 
38.679000 4.294453 
38.680000 4.329537 
38.681000 4.365091 
38.682000 4.400724 
38.683000 4.435916 
38.684000 4.470892 
38.685000 4.505956 
38.686000 4.541305 
38.687000 4.576908 
38.688000 4.612032 
38.689000 4.647263 
38.690000 4.682053 
38.691000 4.717235 
38.692000 4.752750 
38.693000 4.788177 
38.694000 4.823486 
38.695000 4.859619 
38.696000 4.893987 
38.697000 4.929258 
38.698000 4.964234 
38.699000 4.999396 
38.700000 5.034235 
38.701000 5.069153 
38.702000 5.104335 
38.703000 5.139164 
38.704000 5.174101 
38.705000 5.208901 
38.706000 5.243700 
38.707000 5.278598 
38.708000 5.313192 
38.709000 5.347845 
38.710000 5.382615 
38.711000 5.417386 
38.712000 5.452205 
38.713000 5.486946 
38.714000 5.521550 
38.715000 5.556105 
38.716000 5.590620 
38.717000 5.625048 
38.718000 5.659603 
38.719000 5.693638 
38.720000 5.727673 
38.721000 5.762120 
38.722000 5.796283 
38.723000 5.830377 
38.724000 5.864099 
38.725000 5.897821 
38.726000 5.931719 
38.727000 5.965676 
38.728000 5.999555 
38.729000 6.033090 
38.730000 6.066646 
38.731000 6.100358 
38.732000 6.134148 
38.733000 6.167693 
38.734000 6.200827 
38.735000 6.233716 
38.736000 6.266889 
38.737000 6.300101 
38.738000 6.333088 
38.739000 6.365742 
38.740000 6.398395 
38.741000 6.431000 
38.742000 6.463634 
38.743000 6.496238 
38.744000 6.528539 
38.745000 6.562349 
38.746000 6.593396 
38.747000 6.625559 
38.748000 6.657840 
38.749000 6.689739 
38.750000 6.721540 
38.751000 6.753243 
38.752000 6.784986 
38.753000 6.816522 
38.754000 6.847784 
38.755000 6.878977 
38.756000 6.910043 
38.757000 6.941325 
38.758000 6.972107 
38.759000 7.002947 
38.760000 7.033612 
38.761000 7.064060 
38.762000 7.094783 
38.763000 7.124918 
38.764000 7.155406 
38.765000 7.185335 
38.766000 7.215284 
38.767000 7.245654 
38.768000 7.275221 
38.769000 7.304885 
38.770000 7.334295 
38.771000 7.363362 
38.772000 7.392762 
38.773000 7.421711 
38.774000 7.450631 
38.775000 7.479286 
38.776000 7.507873 
38.777000 7.536567 
38.778000 7.564821 
38.779000 7.592996 
38.780000 7.620994 
38.781000 7.648718 
38.782000 7.676639 
38.783000 7.704098 
38.784000 7.731705 
38.785000 7.759164 
38.786000 7.786193 
38.787000 7.813260 
38.788000 7.839965 
38.789000 7.866543 
38.790000 7.893023 
38.791000 7.919140 
38.792000 7.945315 
38.793000 7.971089 
38.794000 7.996756 
38.795000 8.022334 
38.796000 8.047696 
38.797000 8.072951 
38.798000 8.097852 
38.799000 8.122607 
38.800000 8.147352 
38.801000 8.171715 
38.802000 8.196009 
38.803000 8.220245 
38.804000 8.244166 
38.805000 8.267912 
38.806000 8.291353 
38.807000 8.314697 
38.808000 8.337649 
38.809000 8.360522 
38.810000 8.383366 
38.811000 8.405945 
38.812000 8.428171 
38.813000 8.450094 
38.814000 8.471977 
38.815000 8.493733 
38.816000 8.515127 
38.817000 8.536226 
38.818000 8.557149 
38.819000 8.577905 
38.820000 8.598613 
38.821000 8.619016 
38.822000 8.639224 
38.823000 8.659089 
38.824000 8.678963 
38.825000 8.698504 
38.826000 8.717800 
38.827000 8.736675 
38.828000 8.755491 
38.829000 8.774013 
38.830000 8.792437 
38.831000 8.810744 
38.832000 8.828736 
38.833000 8.846425 
38.834000 8.863801 
38.835000 8.881127 
38.836000 8.898062 
38.837000 8.914653 
38.838000 8.931048 
38.839000 8.947179 
38.840000 8.963104 
38.841000 8.979049 
38.842000 8.994582 
38.843000 9.009733 
38.844000 9.024697 
38.845000 9.039505 
38.846000 9.054029 
38.847000 9.068317 
38.848000 9.083811 
38.849000 9.095943 
38.850000 9.109369 
38.851000 9.122452 
38.852000 9.135427 
38.853000 9.148020 
38.854000 9.160261 
38.855000 9.172334 
38.856000 9.184084 
38.857000 9.195629 
38.858000 9.206860 
38.859000 9.217943 
38.860000 9.228802 
38.861000 9.239239 
38.862000 9.249421 
38.863000 9.259241 
38.864000 9.268943 
38.865000 9.278155 
38.866000 9.287161 
38.867000 9.295922 
38.868000 9.304477 
38.869000 9.312768 
38.870000 9.320726 
38.871000 9.328389 
38.872000 9.335671 
38.873000 9.342697 
38.874000 9.349450 
38.875000 9.355810 
38.876000 9.361925 
38.877000 9.367874 
38.878000 9.373558 
38.879000 9.378781 
38.880000 9.383710 
38.881000 9.388483 
38.882000 9.392922 
38.883000 9.397068 
38.884000 9.400694 
38.885000 9.404104 
38.886000 9.407201 
38.887000 9.410131 
38.888000 9.412836 
38.889000 9.415168 
38.890000 9.417256 
38.891000 9.418873 
38.892000 9.420294 
38.893000 9.421480 
38.894000 9.422156 
38.895000 9.422754 
38.896000 9.422930 
38.897000 9.422812 
38.898000 9.422548 
38.899000 9.422126 
38.900000 9.421235 
38.901000 9.419961 
38.902000 9.418569 
38.903000 9.417040 
38.904000 9.414747 
38.905000 9.412552 
38.906000 9.409475 
38.907000 9.406995 
38.908000 9.403585 
38.909000 9.400018 
38.910000 9.396264 
38.911000 9.392227 
38.912000 9.387621 
38.913000 9.383024 
38.914000 9.378203 
38.915000 9.372754 
38.916000 9.367011 
38.917000 9.360739 
38.918000 9.354849 
38.919000 9.348538 
38.920000 9.341580 
38.921000 9.334573 
38.922000 9.327076 
38.923000 9.319756 
38.924000 9.311700 
38.925000 9.303880 
38.926000 9.295216 
38.927000 9.286269 
38.928000 9.277175 
38.929000 9.267865 
38.930000 9.258290 
38.931000 9.248343 
38.932000 9.238239 
38.933000 9.228018 
38.934000 9.217218 
38.935000 9.206154 
38.936000 9.194786 
38.937000 9.183016 
38.938000 9.171609 
38.939000 9.159261 
38.940000 9.146854 
38.941000 9.134438 
38.942000 9.121404 
38.943000 9.106566 
38.944000 9.094483 
38.945000 9.080694 
38.946000 9.066288 
38.947000 9.052323 
38.948000 9.038123 
38.949000 9.023531 
38.950000 9.008263 
38.951000 8.992749 
38.952000 8.977020 
38.953000 8.961281 
38.954000 8.945298 
38.955000 8.928990 
38.956000 8.912262 
38.957000 8.895700 
38.958000 8.879079 
38.959000 8.862331 
38.960000 8.845249 
38.961000 8.827580 
38.962000 8.809038 
38.963000 8.790997 
38.964000 8.772514 
38.965000 8.754178 
38.966000 8.735254 
38.967000 8.715693 
38.968000 8.695809 
38.969000 8.676650 
38.970000 8.657315 
38.971000 8.637274 
38.972000 8.616606 
38.973000 8.595781 
38.974000 8.574828 
38.975000 8.554425 
38.976000 8.533315 
38.977000 8.511785 
38.978000 8.490195 
38.979000 8.468547 
38.980000 8.446928 
38.981000 8.424996 
38.982000 8.402730 
38.983000 8.379887 
38.984000 8.357102 
38.985000 8.333895 
38.986000 8.310757 
38.987000 8.287659 
38.988000 8.264286 
38.989000 8.240570 
38.990000 8.216668 
38.991000 8.192981 
38.992000 8.168902 
38.993000 8.144177 
38.994000 8.119226 
38.995000 8.094256 
38.996000 8.069080 
38.997000 8.043668 
38.998000 8.018492 
38.999000 7.992983 
39.000000 7.967326 
39.001000 7.941689 
39.002000 7.915915 
39.003000 7.889573 
39.004000 7.863260 
39.005000 7.836369 
39.006000 7.809380 
39.007000 7.782596 
39.008000 7.755617 
39.009000 7.728647 
39.010000 7.701727 
39.011000 7.673846 
39.012000 7.645994 
39.013000 7.618760 
39.014000 7.590340 
39.015000 7.561802 
39.016000 7.533206 
39.017000 7.504913 
39.018000 7.476385 
39.019000 7.447985 
39.020000 7.419281 
39.021000 7.389812 
39.022000 7.360873 
39.023000 7.331728 
39.024000 7.302396 
39.025000 7.272849 
39.026000 7.243341 
39.027000 7.213785 
39.028000 7.184110 
39.029000 7.154357 
39.030000 7.124389 
39.031000 7.094323 
39.032000 7.063874 
39.033000 7.033749 
39.034000 7.003653 
39.035000 6.973469 
39.036000 6.942364 
39.037000 6.911425 
39.038000 6.881065 
39.039000 6.850332 
39.040000 6.819384 
39.041000 6.787700 
39.042000 6.756556 
39.043000 6.725431 
39.044000 6.694051 
39.045000 6.662927 
39.046000 6.630832 
39.047000 6.598884 
39.048000 6.567377 
39.049000 6.535037 
39.050000 6.503412 
39.051000 6.471484 
39.052000 6.439320 
39.053000 6.407029 
39.054000 6.374875 
39.055000 6.342153 
39.056000 6.309666 
39.057000 6.277012 
39.058000 6.244320 
39.059000 6.212313 
39.060000 6.179649 
39.061000 6.146937 
39.062000 6.113744 
39.063000 6.080640 
39.064000 6.047653 
39.065000 6.014353 
39.066000 5.981797 
39.067000 5.949124 
39.068000 5.915941 
39.069000 5.882856 
39.070000 5.849527 
39.071000 5.816030 
39.072000 5.782230 
39.073000 5.748587 
39.074000 5.715149 
39.075000 5.681996 
39.076000 5.648646 
39.077000 5.614973 
39.078000 5.581320 
39.079000 5.547412 
39.080000 5.513093 
39.081000 5.479332 
39.082000 5.446061 
39.083000 5.412133 
39.084000 5.378578 
39.085000 5.344729 
39.086000 5.310693 
39.087000 5.276040 
39.088000 5.241819 
39.089000 5.207578 
39.090000 5.173856 
39.091000 5.140291 
39.092000 5.105971 
39.093000 5.071857 
39.094000 5.037312 
39.095000 5.002787 
39.096000 4.968360 
39.097000 4.934383 
39.098000 4.900759 
39.099000 4.866822 
39.100000 4.832463 
39.101000 4.798055 
39.102000 4.763079 
39.103000 4.729249 
39.104000 4.695400 
39.105000 4.661326 
39.106000 4.627398 
39.107000 4.593402 
39.108000 4.558818 
39.109000 4.523841 
39.110000 4.489404 
39.111000 4.455918 
39.112000 4.422627 
39.113000 4.389013 
39.114000 4.355213 
39.115000 4.320599 
39.116000 4.286701 
39.117000 4.252283 
39.118000 4.218405 
39.119000 4.185291 
39.120000 4.151824 
39.121000 4.118357 
39.122000 4.083469 
39.123000 4.050335 
39.124000 4.016280 
39.125000 3.982470 
39.126000 3.948856 
39.127000 3.916006 
39.128000 3.883010 
39.129000 3.849680 
39.130000 3.816242 
39.131000 3.782628 
39.132000 3.748867 
39.133000 3.715665 
39.134000 3.682796 
39.135000 3.650132 
39.136000 3.617459 
39.137000 3.584658 
39.138000 3.551652 
39.139000 3.518557 
39.140000 3.485659 
39.141000 3.453358 
39.142000 3.420979 
39.143000 3.388619 
39.144000 3.356005 
39.145000 3.323743 
39.146000 3.291482 
39.147000 3.259122 
39.148000 3.226841 
39.149000 3.195010 
39.150000 3.163856 
39.151000 3.132114 
39.152000 3.100019 
39.153000 3.068404 
39.154000 3.036789 
39.155000 3.005243 
39.156000 2.973472 
39.157000 2.942415 
39.158000 2.911496 
39.159000 2.880097 
39.160000 2.848992 
39.161000 2.817642 
39.162000 2.786576 
39.163000 2.755970 
39.164000 2.725610 
39.165000 2.695063 
39.166000 2.664693 
39.167000 2.634156 
39.168000 2.603629 
39.169000 2.572652 
39.170000 2.541909 
39.171000 2.511558 
39.172000 2.481757 
39.173000 2.451543 
39.174000 2.421408 
39.175000 2.391214 
39.176000 2.360756 
39.177000 2.330523 
39.178000 2.300633 
39.179000 2.270527 
39.180000 2.239844 
39.181000 2.210061 
39.182000 2.179564 
39.183000 2.149595 
39.184000 2.119274 
39.185000 2.088933 
39.186000 2.058896 
39.187000 2.028085 
39.188000 1.996510 
39.189000 1.965238 
39.190000 1.933652 
39.191000 1.903096 
39.192000 1.872745 
39.193000 1.841944 
39.194000 1.811544 
39.195000 1.780478 
39.196000 1.747354 
39.197000 1.714946 
39.198000 1.682518 
39.199000 1.648913 
39.200000 1.615074 
39.201000 1.580892 
39.202000 1.547268 
39.203000 1.514771 
39.204000 1.479883 
39.205000 1.446926 
39.206000 1.412332 
39.207000 1.375895 
39.208000 1.338939 
39.209000 1.302180 
39.210000 1.264527 
39.211000 1.225884 
39.212000 1.186442 
39.213000 1.148748 
39.214000 1.112881 
39.215000 1.072246 
39.216000 1.030276 
39.217000 0.988272 
39.218000 0.946353 
39.219000 0.904400 
39.220000 0.860915 
39.221000 0.817999 
39.222000 0.772308 
39.223000 0.728799 
39.224000 0.680362 
39.225000 0.631160 
39.226000 0.583893 
39.227000 0.534817 
39.228000 0.486036 
39.229000 0.435161 
39.230000 0.384020 
39.231000 0.332005 
39.232000 0.280576 
39.233000 0.226603 
39.234000 0.170552 
39.235000 0.110976 
39.236000 0.050180 
39.237000 -0.010308 
39.238000 -0.069482 
39.239000 -0.129302 
39.240000 -0.189471 
39.241000 -0.247499 
39.242000 -0.307898 
39.243000 -0.374739 
39.244000 -0.446103 
39.245000 -0.515401 
39.246000 -0.587910 
39.247000 -0.659457 
39.248000 -0.729396 
39.249000 -0.797307 
39.250000 -0.865782 
39.251000 -0.938411 
39.252000 -1.016789 
39.253000 -1.097289 
39.254000 -1.177371 
39.255000 -1.257870 
39.256000 -1.337494 
39.257000 -1.414509 
39.258000 -1.497589 
39.259000 -1.581251 
39.260000 -1.667572 
39.261000 -1.760161 
39.262000 -1.851934 
39.263000 -1.944295 
39.264000 -2.030489 
39.265000 -2.115315 
39.266000 -2.205166 
39.267000 -2.297606 
39.268000 -2.393557 
39.269000 -2.491762 
39.270000 -2.597617 
39.271000 -2.701047 
39.272000 -2.802436 
39.273000 -2.893130 
39.274000 -2.986943 
39.275000 -3.089068 
39.276000 -3.192536 
39.277000 -3.297377 
39.278000 -3.408756 
39.279000 -3.519160 
39.280000 -3.632227 
39.281000 -3.733077 
39.282000 -3.828155 
39.283000 -3.928623 
39.284000 -4.037548 
39.285000 -4.153699 
39.286000 -4.268919 
39.287000 -4.388756 
39.288000 -4.511907 
39.289000 -4.631446 
39.290000 -4.747396 
39.291000 -4.841671 
39.292000 -4.946533 
39.293000 -5.062243 
39.294000 -5.185424 
39.295000 -5.310755 
39.296000 -5.442128 
39.297000 -5.574396 
39.298000 -5.707756 
39.299000 -5.839215 
39.300000 -5.960302 
39.301000 -6.056983 
39.302000 -6.162104 
39.303000 -6.280686 
39.304000 -6.407630 
39.305000 -6.535591 
39.306000 -6.661027 
39.307000 -6.792333 
39.308000 -6.930832 
39.309000 -7.031372 
39.310000 -7.121356 
39.311000 -7.209415 
39.312000 -7.294924 
39.313000 -7.350950 
39.314000 -7.423523 
39.315000 -7.509981 
39.316000 -7.597641 
39.317000 -7.680109 
39.318000 -7.794651 
39.319000 -7.886970 
39.320000 -7.902672 
39.321000 -7.908411 
39.322000 -7.928035 
39.323000 -7.950000 
39.324000 -7.973751 
39.325000 -8.014441 
39.326000 -8.065882 
39.327000 -8.120181 
39.328000 -8.175954 
39.329000 -8.236611 
39.330000 -8.263401 
39.331000 -8.291117 
39.332000 -8.315077 
39.333000 -8.337450 
39.334000 -8.358499 
39.335000 -8.376167 
39.336000 -8.392657 
39.337000 -8.407712 
39.338000 -8.426401 
39.339000 -8.438909 
39.340000 -8.452643 
39.341000 -8.460897 
39.342000 -8.464838 
39.343000 -8.464035 
39.344000 -8.464666 
39.345000 -8.464257 
39.346000 -8.463058 
39.347000 -8.463251 
39.348000 -8.464036 
39.349000 -8.463893 
39.350000 -8.462600 
39.351000 -8.462488 
39.352000 -8.462298 
39.353000 -8.462556 
39.354000 -8.462559 
39.355000 -8.463619 
39.356000 -8.463562 
39.357000 -8.463318 
39.358000 -8.462889 
39.359000 -8.462479 
39.360000 -8.462146 
39.361000 -8.461988 
39.362000 -8.462795 
39.363000 -8.463581 
39.364000 -8.463883 
39.365000 -8.463581 
39.366000 -8.462870 
39.367000 -8.462891 
39.368000 -8.463532 
39.369000 -8.464055 
39.370000 -8.464073 
39.371000 -8.464538 
39.372000 -8.465828 
39.373000 -8.465719 
39.374000 -8.466065 
39.375000 -8.466224 
39.376000 -8.467072 
39.377000 -8.467496 
39.378000 -8.467098 
39.379000 -8.467391 
39.380000 -8.467485 
39.381000 -8.468159 
39.382000 -8.468159 
39.383000 -8.468135 
39.384000 -8.468043 
39.385000 -8.468389 
39.386000 -8.468629 
39.387000 -8.468089 
39.388000 -8.467645 
39.389000 -8.467779 
39.390000 -8.467637 
39.391000 -8.467455 
39.392000 -8.467668 
39.393000 -8.467943 
39.394000 -8.467817 
39.395000 -8.467677 
39.396000 -8.467646 
39.397000 -8.467567 
39.398000 -8.467943 
39.399000 -8.468354 
39.400000 -8.468593 
39.401000 -8.468913 
39.402000 -8.468875 
39.403000 -8.468657 
39.404000 -8.468667 
39.405000 -8.469130 
39.406000 -8.469118 
39.407000 -8.469150 
39.408000 -8.469171 
39.409000 -8.469681 
39.410000 -8.469730 
39.411000 -8.469711 
39.412000 -8.469905 
39.413000 -8.469924 
39.414000 -8.470107 
39.415000 -8.470122 
39.416000 -8.470121 
39.417000 -8.470241 
39.418000 -8.470779 
39.419000 -8.470656 
39.420000 -8.470678 
39.421000 -8.470501 
39.422000 -8.470402 
39.423000 -8.470629 
39.424000 -8.470509 
39.425000 -8.470448 
39.426000 -8.470315 
39.427000 -8.470387 
39.428000 -8.470227 
39.429000 -8.470127 
39.430000 -8.470396 
39.431000 -8.470422 
39.432000 -8.470402 
39.433000 -8.470245 
39.434000 -8.470139 
39.435000 -8.469945 
39.436000 -8.469962 
39.437000 -8.469943 
39.438000 -8.469874 
39.439000 -8.469926 
39.440000 -8.470025 
39.441000 -8.470212 
39.442000 -8.470051 
39.443000 -8.470016 
39.444000 -8.469800 
39.445000 -8.469686 
39.446000 -8.469755 
39.447000 -8.469815 
39.448000 -8.469917 
39.449000 -8.469904 
39.450000 -8.469892 
39.451000 -8.469873 
39.452000 -8.469986 
39.453000 -8.470137 
39.454000 -8.470051 
39.455000 -8.470473 
39.456000 -8.470055 
39.457000 -8.470002 
39.458000 -8.470042 
39.459000 -8.469996 
39.460000 -8.470047 
39.461000 -8.470114 
39.462000 -8.470097 
39.463000 -8.470146 
39.464000 -8.470144 
39.465000 -8.470090 
39.466000 -8.470385 
39.467000 -8.470435 
39.468000 -8.470589 
39.469000 -8.470453 
39.470000 -8.470376 
39.471000 -8.470322 
39.472000 -8.470407 
39.473000 -8.470513 
39.474000 -8.470403 
39.475000 -8.470490 
39.476000 -8.470506 
39.477000 -8.470580 
39.478000 -8.470682 
39.479000 -8.470735 
39.480000 -8.470757 
39.481000 -8.470764 
39.482000 -8.470816 
39.483000 -8.470994 
39.484000 -8.471074 
39.485000 -8.471283 
39.486000 -8.471335 
39.487000 -8.471300 
39.488000 -8.471495 
39.489000 -8.471613 
39.490000 -8.471730 
39.491000 -8.471707 
39.492000 -8.471906 
39.493000 -8.471770 
39.494000 -8.471982 
39.495000 -8.472587 
39.496000 -8.472356 
39.497000 -8.472525 
39.498000 -8.472710 
39.499000 -8.472915 
39.500000 -8.473357 
39.501000 -8.473631 
39.502000 -8.473755 
39.503000 -8.473909 
39.504000 -8.473865 
39.505000 -8.473872 
39.506000 -8.474186 
39.507000 -8.474509 
39.508000 -8.474778 
39.509000 -8.475104 
39.510000 -8.475408 
39.511000 -8.475715 
39.512000 -8.475978 
39.513000 -8.476094 
39.514000 -8.476138 
39.515000 -8.476626 
39.516000 -8.475973 
39.517000 -8.476591 
39.518000 -8.476788 
39.519000 -8.476722 
39.520000 -8.476889 
39.521000 -8.476905 
39.522000 -8.476740 
39.523000 -8.476491 
39.524000 -8.476311 
39.525000 -8.476129 
39.526000 -8.476027 
39.527000 -8.476397 
39.528000 -8.476652 
39.529000 -8.476576 
39.530000 -8.476366 
39.531000 -8.476179 
39.532000 -8.475603 
39.533000 -8.474651 
39.534000 -8.473499 
39.535000 -8.472211 
39.536000 -8.471161 
39.537000 -8.470514 
39.538000 -8.469900 
39.539000 -8.470070 
39.540000 -8.469576 
39.541000 -8.467363 
39.542000 -8.464257 
39.543000 -8.458828 
39.544000 -8.453428 
39.545000 -8.447227 
39.546000 -8.439730 
39.547000 -8.431052 
39.548000 -8.421998 
39.549000 -8.411901 
39.550000 -8.400297 
39.551000 -8.387578 
39.552000 -8.374158 
39.553000 -8.358445 
39.554000 -8.337825 
39.555000 -8.321828 
39.556000 -8.308800 
39.557000 -8.295061 
39.558000 -8.280254 
39.559000 -8.265656 
39.560000 -8.251275 
39.561000 -8.236052 
39.562000 -8.219731 
39.563000 -8.199603 
39.564000 -8.179931 
39.565000 -8.161257 
39.566000 -8.142350 
39.567000 -8.123870 
39.568000 -8.105795 
39.569000 -8.088337 
39.570000 -8.069079 
39.571000 -8.047914 
39.572000 -8.028825 
39.573000 -8.010861 
39.574000 -7.993780 
39.575000 -7.976347 
39.576000 -7.958213 
39.577000 -7.941875 
39.578000 -7.925984 
39.579000 -7.910283 
39.580000 -7.894626 
39.581000 -7.879326 
39.582000 -7.865881 
39.583000 -7.854639 
39.584000 -7.840084 
39.585000 -7.825641 
39.586000 -7.811888 
39.587000 -7.798388 
39.588000 -7.785005 
39.589000 -7.770598 
39.590000 -7.757552 
39.591000 -7.744841 
39.592000 -7.732485 
39.593000 -7.720508 
39.594000 -7.708561 
39.595000 -7.696812 
39.596000 -7.684528 
39.597000 -7.672032 
39.598000 -7.660363 
39.599000 -7.648442 
39.600000 -7.636409 
39.601000 -7.624100 
39.602000 -7.611925 
39.603000 -7.598450 
39.604000 -7.585649 
39.605000 -7.572729 
39.606000 -7.559045 
39.607000 -7.545160 
39.608000 -7.531979 
39.609000 -7.518439 
39.610000 -7.504617 
39.611000 -7.490273 
39.612000 -7.475805 
39.613000 -7.461131 
39.614000 -7.446652 
39.615000 -7.432779 
39.616000 -7.417500 
39.617000 -7.402501 
39.618000 -7.387708 
39.619000 -7.372614 
39.620000 -7.357047 
39.621000 -7.340737 
39.622000 -7.324223 
39.623000 -7.307404 
39.624000 -7.290761 
39.625000 -7.273574 
39.626000 -7.256123 
39.627000 -7.238881 
39.628000 -7.221826 
39.629000 -7.204792 
39.630000 -7.187666 
39.631000 -7.170652 
39.632000 -7.153610 
39.633000 -7.136502 
39.634000 -7.119153 
39.635000 -7.102779 
39.636000 -7.085160 
39.637000 -7.067536 
39.638000 -7.049858 
39.639000 -7.032043 
39.640000 -7.014230 
39.641000 -6.996379 
39.642000 -6.978494 
39.643000 -6.960666 
39.644000 -6.942891 
39.645000 -6.924940 
39.646000 -6.906923 
39.647000 -6.888844 
39.648000 -6.870658 
39.649000 -6.852052 
39.650000 -6.833265 
39.651000 -6.814958 
39.652000 -6.796339 
39.653000 -6.777004 
39.654000 -6.758279 
39.655000 -6.739683 
39.656000 -6.721105 
39.657000 -6.702431 
39.658000 -6.683809 
39.659000 -6.665169 
39.660000 -6.646219 
39.661000 -6.627459 
39.662000 -6.609007 
39.663000 -6.590357 
39.664000 -6.571720 
39.665000 -6.553079 
39.666000 -6.534427 
39.667000 -6.515943 
39.668000 -6.497363 
39.669000 -6.478645 
39.670000 -6.460017 
39.671000 -6.441310 
39.672000 -6.422442 
39.673000 -6.403637 
39.674000 -6.384787 
39.675000 -6.365872 
39.676000 -6.346893 
39.677000 -6.328075 
39.678000 -6.309079 
39.679000 -6.289752 
39.680000 -6.270655 
39.681000 -6.251346 
39.682000 -6.232038 
39.683000 -6.212154 
39.684000 -6.193499 
39.685000 -6.173928 
39.686000 -6.154593 
39.687000 -6.135178 
39.688000 -6.115638 
39.689000 -6.095584 
39.690000 -6.075772 
39.691000 -6.056406 
39.692000 -6.036957 
39.693000 -6.017349 
39.694000 -5.998075 
39.695000 -5.978498 
39.696000 -5.958833 
39.697000 -5.939348 
39.698000 -5.919630 
39.699000 -5.900141 
39.700000 -5.880725 
39.701000 -5.861109 
39.702000 -5.841347 
39.703000 -5.821798 
39.704000 -5.802117 
39.705000 -5.782580 
39.706000 -5.762907 
39.707000 -5.743418 
39.708000 -5.723783 
39.709000 -5.703904 
39.710000 -5.684087 
39.711000 -5.664431 
39.712000 -5.644687 
39.713000 -5.624791 
39.714000 -5.604662 
39.715000 -5.584343 
39.716000 -5.564514 
39.717000 -5.544168 
39.718000 -5.523633 
39.719000 -5.503164 
39.720000 -5.482630 
39.721000 -5.462532 
39.722000 -5.442470 
39.723000 -5.422199 
39.724000 -5.401840 
39.725000 -5.381840 
39.726000 -5.361930 
39.727000 -5.342200 
39.728000 -5.322666 
39.729000 -5.302520 
39.730000 -5.282647 
39.731000 -5.262948 
39.732000 -5.243466 
39.733000 -5.224309 
39.734000 -5.204740 
39.735000 -5.185387 
39.736000 -5.165963 
39.737000 -5.146645 
39.738000 -5.127734 
39.739000 -5.108560 
39.740000 -5.089721 
39.741000 -5.070631 
39.742000 -5.051839 
39.743000 -5.033071 
39.744000 -5.014588 
39.745000 -4.994876 
39.746000 -4.977103 
39.747000 -4.958645 
39.748000 -4.940324 
39.749000 -4.921717 
39.750000 -4.903399 
39.751000 -4.885119 
39.752000 -4.867083 
39.753000 -4.849182 
39.754000 -4.831085 
39.755000 -4.812939 
39.756000 -4.795193 
39.757000 -4.777400 
39.758000 -4.759795 
39.759000 -4.742226 
39.760000 -4.724539 
39.761000 -4.707225 
39.762000 -4.689846 
39.763000 -4.672733 
39.764000 -4.655637 
39.765000 -4.638516 
39.766000 -4.621482 
39.767000 -4.604428 
39.768000 -4.587379 
39.769000 -4.570470 
39.770000 -4.553519 
39.771000 -4.536803 
39.772000 -4.520080 
39.773000 -4.503195 
39.774000 -4.486181 
39.775000 -4.469300 
39.776000 -4.452669 
39.777000 -4.435948 
39.778000 -4.419089 
39.779000 -4.402476 
39.780000 -4.385858 
39.781000 -4.368462 
39.782000 -4.352642 
39.783000 -4.336196 
39.784000 -4.319735 
39.785000 -4.303119 
39.786000 -4.286548 
39.787000 -4.270157 
39.788000 -4.253723 
39.789000 -4.237270 
39.790000 -4.220682 
39.791000 -4.204165 
39.792000 -4.188201 
39.793000 -4.171385 
39.794000 -4.154922 
39.795000 -4.138635 
39.796000 -4.121859 
39.797000 -4.105024 
39.798000 -4.088502 
39.799000 -4.072060 
39.800000 -4.055522 
39.801000 -4.038992 
39.802000 -4.022281 
39.803000 -4.005488 
39.804000 -3.988690 
39.805000 -3.971901 
39.806000 -3.955157 
39.807000 -3.938598 
39.808000 -3.921711 
39.809000 -3.904172 
39.810000 -3.887960 
39.811000 -3.871099 
39.812000 -3.854286 
39.813000 -3.837438 
39.814000 -3.820513 
39.815000 -3.803693 
39.816000 -3.786977 
39.817000 -3.770317 
39.818000 -3.753344 
39.819000 -3.736384 
39.820000 -3.719247 
39.821000 -3.701982 
39.822000 -3.684873 
39.823000 -3.670506 
39.824000 -3.653465 
39.825000 -3.637020 
39.826000 -3.620612 
39.827000 -3.604296 
39.828000 -3.587612 
39.829000 -3.571182 
39.830000 -3.554812 
39.831000 -3.538378 
39.832000 -3.521800 
39.833000 -3.505013 
39.834000 -3.488036 
39.835000 -3.471769 
39.836000 -3.455013 
39.837000 -3.438358 
39.838000 -3.421778 
39.839000 -3.405653 
39.840000 -3.389588 
39.841000 -3.372808 
39.842000 -3.356737 
39.843000 -3.340802 
39.844000 -3.323922 
39.845000 -3.307797 
39.846000 -3.291713 
39.847000 -3.275728 
39.848000 -3.259613 
39.849000 -3.243771 
39.850000 -3.228542 
39.851000 -3.212903 
39.852000 -3.196998 
39.853000 -3.176882 
39.854000 -3.164072 
39.855000 -3.149581 
39.856000 -3.135089 
39.857000 -3.121089 
39.858000 -3.106275 
39.859000 -3.091469 
39.860000 -3.076858 
39.861000 -3.061858 
39.862000 -3.046495 
39.863000 -3.031097 
39.864000 -3.016424 
39.865000 -3.001454 
39.866000 -2.986663 
39.867000 -2.971892 
39.868000 -2.956943 
39.869000 -2.942385 
39.870000 -2.927056 
39.871000 -2.912245 
39.872000 -2.897433 
39.873000 -2.882823 
39.874000 -2.867784 
39.875000 -2.853216 
39.876000 -2.838905 
39.877000 -2.824835 
39.878000 -2.809913 
39.879000 -2.795815 
39.880000 -2.781672 
39.881000 -2.767063 
39.882000 -2.752663 
39.883000 -2.738462 
39.884000 -2.724165 
39.885000 -2.709869 
39.886000 -2.696015 
39.887000 -2.682341 
39.888000 -2.668689 
39.889000 -2.655160 
39.890000 -2.641408 
39.891000 -2.628251 
39.892000 -2.614282 
39.893000 -2.600429 
39.894000 -2.586783 
39.895000 -2.573249 
39.896000 -2.560298 
39.897000 -2.547087 
39.898000 -2.534224 
39.899000 -2.520290 
39.900000 -2.507252 
39.901000 -2.493993 
39.902000 -2.480479 
39.903000 -2.467557 
39.904000 -2.454687 
39.905000 -2.441408 
39.906000 -2.428371 
39.907000 -2.415740 
39.908000 -2.402947 
39.909000 -2.390266 
39.910000 -2.377669 
39.911000 -2.365062 
39.912000 -2.352335 
39.913000 -2.339695 
39.914000 -2.327205 
39.915000 -2.314633 
39.916000 -2.301635 
39.917000 -2.289685 
39.918000 -2.277775 
39.919000 -2.265464 
39.920000 -2.252967 
39.921000 -2.241055 
39.922000 -2.228939 
39.923000 -2.216882 
39.924000 -2.204717 
39.925000 -2.192880 
39.926000 -2.180823 
39.927000 -2.168720 
39.928000 -2.156449 
39.929000 -2.144438 
39.930000 -2.132707 
39.931000 -2.120887 
39.932000 -2.109521 
39.933000 -2.097760 
39.934000 -2.086119 
39.935000 -2.074036 
39.936000 -2.062514 
39.937000 -2.051150 
39.938000 -2.039590 
39.939000 -2.028201 
39.940000 -2.016441 
39.941000 -2.005217 
39.942000 -1.993779 
39.943000 -1.982598 
39.944000 -1.971319 
39.945000 -1.960004 
39.946000 -1.949005 
39.947000 -1.938108 
39.948000 -1.927039 
39.949000 -1.916168 
39.950000 -1.905046 
39.951000 -1.894141 
39.952000 -1.883304 
39.953000 -1.872548 
39.954000 -1.861861 
39.955000 -1.851329 
39.956000 -1.840556 
39.957000 -1.829702 
39.958000 -1.819118 
39.959000 -1.808745 
39.960000 -1.798441 
39.961000 -1.787726 
39.962000 -1.777564 
39.963000 -1.767510 
39.964000 -1.756929 
39.965000 -1.746508 
39.966000 -1.736704 
39.967000 -1.726568 
39.968000 -1.716587 
39.969000 -1.706455 
39.970000 -1.696526 
39.971000 -1.686491 
39.972000 -1.676820 
39.973000 -1.667059 
39.974000 -1.657365 
39.975000 -1.647401 
39.976000 -1.637734 
39.977000 -1.628110 
39.978000 -1.618495 
39.979000 -1.608634 
39.980000 -1.599112 
39.981000 -1.589827 
39.982000 -1.580228 
39.983000 -1.570650 
39.984000 -1.561375 
39.985000 -1.552092 
39.986000 -1.542737 
39.987000 -1.533533 
39.988000 -1.524483 
39.989000 -1.515564 
39.990000 -1.506809 
39.991000 -1.497751 
39.992000 -1.488790 
39.993000 -1.479897 
39.994000 -1.471421 
39.995000 -1.462209 
39.996000 -1.453972 
39.997000 -1.445466 
39.998000 -1.436720 
39.999000 -1.428164 
40.000000 -1.419814 
40.001000 -1.411348 
40.002000 -1.402867 
40.003000 -1.394646 
40.004000 -1.386247 
40.005000 -1.378094 
40.006000 -1.369791 
40.007000 -1.361574 
40.008000 -1.353771 
40.009000 -1.345714 
40.010000 -1.337730 
40.011000 -1.329767 
40.012000 -1.321922 
40.013000 -1.314375 
40.014000 -1.306614 
40.015000 -1.298554 
40.016000 -1.290765 
40.017000 -1.283061 
40.018000 -1.275523 
40.019000 -1.268162 
40.020000 -1.260721 
40.021000 -1.253295 
40.022000 -1.246136 
40.023000 -1.238952 
40.024000 -1.231852 
40.025000 -1.224857 
40.026000 -1.217534 
40.027000 -1.210418 
40.028000 -1.203406 
40.029000 -1.196492 
40.030000 -1.189557 
40.031000 -1.182847 
40.032000 -1.176095 
40.033000 -1.169514 
40.034000 -1.162951 
40.035000 -1.156360 
40.036000 -1.149915 
40.037000 -1.143358 
40.038000 -1.137032 
40.039000 -1.130375 
40.040000 -1.124406 
40.041000 -1.118275 
40.042000 -1.112340 
40.043000 -1.105953 
40.044000 -1.099452 
40.045000 -1.093003 
40.046000 -1.087013 
40.047000 -1.081082 
40.048000 -1.075195 
40.049000 -1.070180 
40.050000 -1.064170 
40.051000 -1.058528 
40.052000 -1.052977 
40.053000 -1.047260 
40.054000 -1.041613 
40.055000 -1.035850 
40.056000 -1.030256 
40.057000 -1.024812 
40.058000 -1.019458 
40.059000 -1.014117 
40.060000 -1.009239 
40.061000 -1.004101 
40.062000 -0.999080 
40.063000 -0.994101 
40.064000 -0.989139 
40.065000 -0.984173 
40.066000 -0.979146 
40.067000 -0.974247 
40.068000 -0.969452 
40.069000 -0.964937 
40.070000 -0.960348 
40.071000 -0.955731 
40.072000 -0.951215 
40.073000 -0.947565 
40.074000 -0.942583 
40.075000 -0.938096 
40.076000 -0.933527 
40.077000 -0.929258 
40.078000 -0.925091 
40.079000 -0.920826 
40.080000 -0.916282 
40.081000 -0.912143 
40.082000 -0.908012 
40.083000 -0.904037 
40.084000 -0.900173 
40.085000 -0.896222 
40.086000 -0.892515 
40.087000 -0.888640 
40.088000 -0.884857 
40.089000 -0.880981 
40.090000 -0.877121 
40.091000 -0.873537 
40.092000 -0.869972 
40.093000 -0.866557 
40.094000 -0.863104 
40.095000 -0.859439 
40.096000 -0.856033 
40.097000 -0.852706 
40.098000 -0.849404 
40.099000 -0.846260 
40.100000 -0.843810 
40.101000 -0.839916 
40.102000 -0.836661 
40.103000 -0.833336 
40.104000 -0.830230 
40.105000 -0.827005 
40.106000 -0.823858 
40.107000 -0.820964 
40.108000 -0.817939 
40.109000 -0.815079 
40.110000 -0.812070 
40.111000 -0.809554 
40.112000 -0.806964 
40.113000 -0.804367 
40.114000 -0.801547 
40.115000 -0.798955 
40.116000 -0.796266 
40.117000 -0.793829 
40.118000 -0.791137 
40.119000 -0.788935 
40.120000 -0.786310 
40.121000 -0.783759 
40.122000 -0.781590 
40.123000 -0.779356 
40.124000 -0.777015 
40.125000 -0.774317 
40.126000 -0.772441 
40.127000 -0.770311 
40.128000 -0.768065 
40.129000 -0.766181 
40.130000 -0.764946 
40.131000 -0.762483 
40.132000 -0.760085 
40.133000 -0.757773 
40.134000 -0.755626 
40.135000 -0.753686 
40.136000 -0.751971 
40.137000 -0.750000 
40.138000 -0.747913 
40.139000 -0.745904 
40.140000 -0.744268 
40.141000 -0.742806 
40.142000 -0.741166 
40.143000 -0.739749 
40.144000 -0.738352 
40.145000 -0.736806 
40.146000 -0.735224 
40.147000 -0.733174 
40.148000 -0.731706 
40.149000 -0.730183 
40.150000 -0.728763 
40.151000 -0.727431 
40.152000 -0.726131 
40.153000 -0.724742 
40.154000 -0.723477 
40.155000 -0.722136 
40.156000 -0.720839 
40.157000 -0.719536 
40.158000 -0.718038 
40.159000 -0.716895 
40.160000 -0.715675 
40.161000 -0.714390 
40.162000 -0.713102 
40.163000 -0.712843 
40.164000 -0.711046 
40.165000 -0.709739 
40.166000 -0.708577 
40.167000 -0.707477 
40.168000 -0.706252 
40.169000 -0.705612 
40.170000 -0.704693 
40.171000 -0.704001 
40.172000 -0.703000 
40.173000 -0.702050 
40.174000 -0.701189 
40.175000 -0.700440 
40.176000 -0.699616 
40.177000 -0.698792 
40.178000 -0.697991 
40.179000 -0.697261 
40.180000 -0.696419 
40.181000 -0.695563 
40.182000 -0.694631 
40.183000 -0.693875 
40.184000 -0.693273 
40.185000 -0.692674 
40.186000 -0.692311 
40.187000 -0.691848 
40.188000 -0.691278 
40.189000 -0.690824 
40.190000 -0.690449 
40.191000 -0.690077 
40.192000 -0.689720 
40.193000 -0.689314 
40.194000 -0.688968 
40.195000 -0.688610 
40.196000 -0.688078 
40.197000 -0.687527 
40.198000 -0.686928 
40.199000 -0.686330 
40.200000 -0.686344 
40.201000 -0.685991 
40.202000 -0.685736 
40.203000 -0.685390 
40.204000 -0.686271 
40.205000 -0.685194 
40.206000 -0.684893 
40.207000 -0.684760 
40.208000 -0.684659 
40.209000 -0.684643 
40.210000 -0.684366 
40.211000 -0.684074 
40.212000 -0.683833 
40.213000 -0.683503 
40.214000 -0.683334 
40.215000 -0.683155 
40.216000 -0.683094 
40.217000 -0.683026 
40.218000 -0.682926 
40.219000 -0.682950 
40.220000 -0.682820 
40.221000 -0.682711 
40.222000 -0.682681 
40.223000 -0.682758 
40.224000 -0.682809 
40.225000 -0.682817 
40.226000 -0.682709 
40.227000 -0.682426 
40.228000 -0.682359 
40.229000 -0.682286 
40.230000 -0.682314 
40.231000 -0.682169 
40.232000 -0.682033 
40.233000 -0.681941 
40.234000 -0.681886 
40.235000 -0.681885 
40.236000 -0.681836 
40.237000 -0.681836 
40.238000 -0.681832 
40.239000 -0.681701 
40.240000 -0.681734 
40.241000 -0.681486 
40.242000 -0.681426 
40.243000 -0.681547 
40.244000 -0.681636 
40.245000 -0.681533 
40.246000 -0.681617 
40.247000 -0.681614 
40.248000 -0.681572 
40.249000 -0.681566 
40.250000 -0.681537 
40.251000 -0.681475 
40.252000 -0.681418 
40.253000 -0.681373 
40.254000 -0.681248 
40.255000 -0.681151 
40.256000 -0.681075 
40.257000 -0.681087 
40.258000 -0.680921 
40.259000 -0.680736 
40.260000 -0.681807 
40.261000 -0.680665 
40.262000 -0.680432 
40.263000 -0.680264 
40.264000 -0.680150 
40.265000 -0.680116 
40.266000 -0.680059 
40.267000 -0.679908 
40.268000 -0.679788 
40.269000 -0.679591 
40.270000 -0.679351 
40.271000 -0.679198 
40.272000 -0.679042 
40.273000 -0.678777 
40.274000 -0.678609 
40.275000 -0.678305 
40.276000 -0.677915 
40.277000 -0.677673 
40.278000 -0.677355 
40.279000 -0.677122 
40.280000 -0.676861 
40.281000 -0.676528 
40.282000 -0.676240 
40.283000 -0.675893 
40.284000 -0.675598 
40.285000 -0.675172 
40.286000 -0.674711 
40.287000 -0.674286 
40.288000 -0.673864 
40.289000 -0.673431 
40.290000 -0.672961 
40.291000 -0.672417 
40.292000 -0.671910 
40.293000 -0.671292 
40.294000 -0.670703 
40.295000 -0.670112 
40.296000 -0.669335 
40.297000 -0.668746 
40.298000 -0.668183 
40.299000 -0.667420 
40.300000 -0.666588 
40.301000 -0.665930 
40.302000 -0.665146 
40.303000 -0.664355 
40.304000 -0.663420 
40.305000 -0.662378 
40.306000 -0.661406 
40.307000 -0.660527 
40.308000 -0.659576 
40.309000 -0.658608 
40.310000 -0.657572 
40.311000 -0.656519 
40.312000 -0.655409 
40.313000 -0.654240 
40.314000 -0.653190 
40.315000 -0.651958 
40.316000 -0.650748 
40.317000 -0.649312 
40.318000 -0.648059 
40.319000 -0.646749 
40.320000 -0.645314 
40.321000 -0.643998 
40.322000 -0.642287 
40.323000 -0.640939 
40.324000 -0.639311 
40.325000 -0.637913 
40.326000 -0.636156 
40.327000 -0.634562 
40.328000 -0.633265 
40.329000 -0.631662 
40.330000 -0.630279 
40.331000 -0.628486 
40.332000 -0.626963 
40.333000 -0.625003 
40.334000 -0.623027 
40.335000 -0.620766 
40.336000 -0.618290 
40.337000 -0.616327 
40.338000 -0.614327 
40.339000 -0.611793 
40.340000 -0.609290 
40.341000 -0.606922 
40.342000 -0.604446 
40.343000 -0.602257 
40.344000 -0.600124 
40.345000 -0.597754 
40.346000 -0.595244 
40.347000 -0.592809 
40.348000 -0.590217 
40.349000 -0.587980 
40.350000 -0.585650 
40.351000 -0.582874 
40.352000 -0.579892 
40.353000 -0.576791 
40.354000 -0.573741 
40.355000 -0.570946 
40.356000 -0.568101 
40.357000 -0.565274 
40.358000 -0.562295 
40.359000 -0.559667 
40.360000 -0.556159 
40.361000 -0.552705 
40.362000 -0.549505 
40.363000 -0.546125 
40.364000 -0.542680 
40.365000 -0.539163 
40.366000 -0.535810 
40.367000 -0.532440 
40.368000 -0.528840 
40.369000 -0.525171 
40.370000 -0.521431 
40.371000 -0.517662 
40.372000 -0.513756 
40.373000 -0.509857 
40.374000 -0.506004 
40.375000 -0.501680 
40.376000 -0.497695 
40.377000 -0.493562 
40.378000 -0.489356 
40.379000 -0.484954 
40.380000 -0.480461 
40.381000 -0.476163 
40.382000 -0.471569 
40.383000 -0.466872 
40.384000 -0.462292 
40.385000 -0.457742 
40.386000 -0.453007 
40.387000 -0.448117 
40.388000 -0.443061 
40.389000 -0.437965 
40.390000 -0.432750 
40.391000 -0.427568 
40.392000 -0.422411 
40.393000 -0.417027 
40.394000 -0.411630 
40.395000 -0.406088 
40.396000 -0.400638 
40.397000 -0.395092 
40.398000 -0.389571 
40.399000 -0.384075 
40.400000 -0.377558 
40.401000 -0.371636 
40.402000 -0.365850 
40.403000 -0.359950 
40.404000 -0.353430 
40.405000 -0.347449 
40.406000 -0.341468 
40.407000 -0.334923 
40.408000 -0.328229 
40.409000 -0.321549 
40.410000 -0.314983 
40.411000 -0.308305 
40.412000 -0.301558 
40.413000 -0.295317 
40.414000 -0.289050 
40.415000 -0.281198 
40.416000 -0.273771 
40.417000 -0.266388 
40.418000 -0.259112 
40.419000 -0.251700 
40.420000 -0.244323 
40.421000 -0.236755 
40.422000 -0.228713 
40.423000 -0.221828 
40.424000 -0.214458 
40.425000 -0.206575 
40.426000 -0.198648 
40.427000 -0.191839 
40.428000 -0.184245 
40.429000 -0.176398 
40.430000 -0.168402 
40.431000 -0.160351 
40.432000 -0.152170 
40.433000 -0.143930 
40.434000 -0.135653 
40.435000 -0.127295 
40.436000 -0.118809 
40.437000 -0.110226 
40.438000 -0.101647 
40.439000 -0.092959 
40.440000 -0.084386 
40.441000 -0.075690 
40.442000 -0.066858 
40.443000 -0.058007 
40.444000 -0.049090 
40.445000 -0.040031 
40.446000 -0.030997 
40.447000 -0.021926 
40.448000 -0.012748 
40.449000 -0.003414 
40.450000 0.005902 
40.451000 0.015330 
40.452000 0.024752 
40.453000 0.034348 
40.454000 0.043910 
40.455000 0.053529 
40.456000 0.063259 
40.457000 0.073015 
40.458000 0.082897 
40.459000 0.092763 
40.460000 0.102730 
40.461000 0.112685 
40.462000 0.122783 
40.463000 0.132886 
40.464000 0.142989 
40.465000 0.153171 
40.466000 0.163498 
40.467000 0.173798 
40.468000 0.184198 
40.469000 0.194618 
40.470000 0.205079 
40.471000 0.215542 
40.472000 0.226086 
40.473000 0.236682 
40.474000 0.247315 
40.475000 0.259087 
40.476000 0.268939 
40.477000 0.279628 
40.478000 0.290425 
40.479000 0.301334 
40.480000 0.312228 
40.481000 0.323212 
40.482000 0.334234 
40.483000 0.345312 
40.484000 0.356444 
40.485000 0.367578 
40.486000 0.378785 
40.487000 0.390004 
40.488000 0.401295 
40.489000 0.412640 
40.490000 0.424059 
40.491000 0.435458 
40.492000 0.446931 
40.493000 0.458434 
40.494000 0.470008 
40.495000 0.481586 
40.496000 0.493230 
40.497000 0.504874 
40.498000 0.516619 
40.499000 0.528384 
40.500000 0.540139 
40.501000 0.551935 
40.502000 0.563789 
40.503000 0.575663 
40.504000 0.587576 
40.505000 0.599496 
40.506000 0.611435 
40.507000 0.623485 
40.508000 0.635493 
40.509000 0.647573 
40.510000 0.659670 
40.511000 0.671806 
40.512000 0.683918 
40.513000 0.696091 
40.514000 0.708260 
40.515000 0.720484 
40.516000 0.732716 
40.517000 0.744956 
40.518000 0.757204 
40.519000 0.769524 
40.520000 0.781799 
40.521000 0.794121 
40.522000 0.806443 
40.523000 0.818831 
40.524000 0.831192 
40.525000 0.843589 
40.526000 0.856013 
40.527000 0.868465 
40.528000 0.880888 
40.529000 0.893366 
40.530000 0.905841 
40.531000 0.918323 
40.532000 0.930842 
40.533000 0.943391 
40.534000 0.956842 
40.535000 0.968585 
40.536000 0.980995 
40.537000 0.993502 
40.538000 1.006032 
40.539000 1.018544 
40.540000 1.031096 
40.541000 1.043656 
40.542000 1.056220 
40.543000 1.068778 
40.544000 1.081327 
40.545000 1.093924 
40.546000 1.106512 
40.547000 1.119088 
40.548000 1.131667 
40.549000 1.144311 
40.550000 1.156885 
40.551000 1.169491 
40.552000 1.182097 
40.553000 1.194659 
40.554000 1.207228 
40.555000 1.219854 
40.556000 1.232462 
40.557000 1.245060 
40.558000 1.257644 
40.559000 1.270220 
40.560000 1.282837 
40.561000 1.295446 
40.562000 1.308044 
40.563000 1.320329 
40.564000 1.333099 
40.565000 1.345672 
40.566000 1.358216 
40.567000 1.370731 
40.568000 1.383245 
40.569000 1.395779 
40.570000 1.408265 
40.571000 1.420789 
40.572000 1.433264 
40.573000 1.445740 
40.574000 1.458196 
40.575000 1.470612 
40.576000 1.483088 
40.577000 1.495485 
40.578000 1.508695 
40.579000 1.520396 
40.580000 1.532715 
40.581000 1.545043 
40.582000 1.557391 
40.583000 1.569671 
40.584000 1.581950 
40.585000 1.594249 
40.586000 1.606528 
40.587000 1.618769 
40.588000 1.630970 
40.589000 1.643161 
40.590000 1.655391 
40.591000 1.667573 
40.592000 1.679715 
40.593000 1.691837 
40.594000 1.703911 
40.595000 1.716024 
40.596000 1.728127 
40.597000 1.740210 
40.598000 1.752294 
40.599000 1.764348 
40.600000 1.776333 
40.601000 1.788338 
40.602000 1.800333 
40.603000 1.812260 
40.604000 1.824177 
40.605000 1.836054 
40.606000 1.847922 
40.607000 1.859770 
40.608000 1.871648 
40.609000 1.883457 
40.610000 1.895276 
40.611000 1.907065 
40.612000 1.918874 
40.613000 1.930595 
40.614000 1.942257 
40.615000 1.954673 
40.616000 1.965718 
40.617000 1.977272 
40.618000 1.988817 
40.619000 2.000400 
40.620000 2.011925 
40.621000 2.023411 
40.622000 2.034867 
40.623000 2.046303 
40.624000 2.057711 
40.625000 2.069108 
40.626000 2.080447 
40.627000 2.091795 
40.628000 2.103094 
40.629000 2.114374 
40.630000 2.125605 
40.631000 2.136797 
40.632000 2.147939 
40.633000 2.159121 
40.634000 2.170244 
40.635000 2.181308 
40.636000 2.192363 
40.637000 2.203397 
40.638000 2.214373 
40.639000 2.225330 
40.640000 2.236237 
40.641000 2.247076 
40.642000 2.257915 
40.643000 2.268685 
40.644000 2.279406 
40.645000 2.290147 
40.646000 2.300878 
40.647000 2.311531 
40.648000 2.322732 
40.649000 2.332797 
40.650000 2.343312 
40.651000 2.353759 
40.652000 2.364235 
40.653000 2.374652 
40.654000 2.385060 
40.655000 2.395409 
40.656000 2.405689 
40.657000 2.415979 
40.658000 2.426200 
40.659000 2.436383 
40.660000 2.446516 
40.661000 2.456659 
40.662000 2.466704 
40.663000 2.476690 
40.664000 2.486706 
40.665000 2.496682 
40.666000 2.506590 
40.667000 2.516517 
40.668000 2.526337 
40.669000 2.536176 
40.670000 2.545947 
40.671000 2.555658 
40.672000 2.565331 
40.673000 2.575004 
40.674000 2.584568 
40.675000 2.594114 
40.676000 2.603629 
40.677000 2.613018 
40.678000 2.622426 
40.679000 2.632245 
40.680000 2.641183 
40.681000 2.650405 
40.682000 2.659597 
40.683000 2.668790 
40.684000 2.677904 
40.685000 2.686949 
40.686000 2.695975 
40.687000 2.704942 
40.688000 2.713830 
40.689000 2.722660 
40.690000 2.731510 
40.691000 2.740310 
40.692000 2.749052 
40.693000 2.757695 
40.694000 2.766300 
40.695000 2.774884 
40.696000 2.783381 
40.697000 2.791838 
40.698000 2.800276 
40.699000 2.808665 
40.700000 2.816966 
40.701000 2.825207 
40.702000 2.833400 
40.703000 2.841544 
40.704000 2.849639 
40.705000 2.857685 
40.706000 2.865632 
40.707000 2.873923 
40.708000 2.881499 
40.709000 2.889192 
40.710000 2.896953 
40.711000 2.904715 
40.712000 2.912329 
40.713000 2.919719 
40.714000 2.927245 
40.715000 2.934967 
40.716000 2.942435 
40.717000 2.949834 
40.718000 2.957223 
40.719000 2.964573 
40.720000 2.971776 
40.721000 2.978969 
40.722000 2.986025 
40.723000 2.993140 
40.724000 3.000059 
40.725000 3.007027 
40.726000 3.013887 
40.727000 3.020806 
40.728000 3.027705 
40.729000 3.034163 
40.730000 3.040543 
40.731000 3.046707 
40.732000 3.053626 
40.733000 3.060251 
40.734000 3.066630 
40.735000 3.073245 
40.736000 3.079361 
40.737000 3.085544 
40.738000 3.091758 
40.739000 3.097814 
40.740000 3.103870 
40.741000 3.109790 
40.742000 3.115630 
40.743000 3.121608 
40.744000 3.127459 
40.745000 3.133221 
40.746000 3.138856 
40.747000 3.144423 
40.748000 3.149783 
40.749000 3.155536 
40.750000 3.161024 
40.751000 3.166463 
40.752000 3.171902 
40.753000 3.176988 
40.754000 3.182016 
40.755000 3.186965 
40.756000 3.191698 
40.757000 3.197098 
40.758000 3.202243 
40.759000 3.207074 
40.760000 3.211896 
40.761000 3.216610 
40.762000 3.221382 
40.763000 3.225812 
40.764000 3.230271 
40.765000 3.235132 
40.766000 3.239620 
40.767000 3.243961 
40.768000 3.248264 
40.769000 3.252811 
40.770000 3.257152 
40.771000 3.261013 
40.772000 3.264757 
40.773000 3.268550 
40.774000 3.272460 
40.775000 3.276262 
40.776000 3.280074 
40.777000 3.283867 
40.778000 3.287640 
40.779000 3.291315 
40.780000 3.295059 
40.781000 3.298773 
40.782000 3.302017 
40.783000 3.305074 
40.784000 3.308034 
40.785000 3.311493 
40.786000 3.314982 
40.787000 3.318383 
40.788000 3.321568 
40.789000 3.324606 
40.790000 3.327555 
40.791000 3.330476 
40.792000 3.333200 
40.793000 3.335993 
40.794000 3.338708 
40.795000 3.341560 
40.796000 3.344166 
40.797000 3.346656 
40.798000 3.349135 
40.799000 3.351507 
40.800000 3.353819 
40.801000 3.356230 
40.802000 3.358425 
40.803000 3.360581 
40.804000 3.362796 
40.805000 3.364795 
40.806000 3.366863 
40.807000 3.368862 
40.808000 3.370813 
40.809000 3.372763 
40.810000 3.374458 
40.811000 3.376389 
40.812000 3.377976 
40.813000 3.379642 
40.814000 3.381103 
40.815000 3.382524 
40.816000 3.383935 
40.817000 3.385395 
40.818000 3.386698 
40.819000 3.387845 
40.820000 3.389050 
40.821000 3.390050 
40.822000 3.391157 
40.823000 3.392284 
40.824000 3.393098 
40.825000 3.394117 
40.826000 3.394813 
40.827000 3.395058 
40.828000 3.396195 
40.829000 3.397028 
40.830000 3.397498 
40.831000 3.398115 
40.832000 3.398792 
40.833000 3.399252 
40.834000 3.399576 
40.835000 3.399801 
40.836000 3.400252 
40.837000 3.400565 
40.838000 3.400467 
40.839000 3.400693 
40.840000 3.400889 
40.841000 3.400948 
40.842000 3.400840 
40.843000 3.400918 
40.844000 3.400732 
40.845000 3.400428 
40.846000 3.400075 
40.847000 3.399791 
40.848000 3.399615 
40.849000 3.399027 
40.850000 3.398458 
40.851000 3.398184 
40.852000 3.397576 
40.853000 3.396881 
40.854000 3.396489 
40.855000 3.396263 
40.856000 3.395548 
40.857000 3.394734 
40.858000 3.393431 
40.859000 3.392637 
40.860000 3.391657 
