Time(s) Pressure(mBar)
36.862000 0.176048 
36.863000 0.154341 
36.864000 0.155461 
36.865000 0.158204 
36.866000 0.158677 
36.867000 0.157532 
36.868000 0.155834 
36.869000 0.153696 
36.870000 0.150999 
36.871000 0.147599 
36.872000 0.143647 
36.873000 0.138934 
36.874000 0.134124 
36.875000 0.129247 
36.876000 0.124307 
36.877000 0.119262 
36.878000 0.114246 
36.879000 0.109180 
36.880000 0.104104 
36.881000 0.099000 
36.882000 0.093805 
36.883000 0.088601 
36.884000 0.083334 
36.885000 0.078073 
36.886000 0.072690 
36.887000 0.067564 
36.888000 0.062032 
36.889000 0.056690 
36.890000 0.052859 
36.891000 0.048335 
36.892000 0.043477 
36.893000 0.038462 
36.894000 0.033358 
36.895000 0.028291 
36.896000 0.023245 
36.897000 0.018095 
36.898000 0.012932 
36.899000 0.007826 
36.900000 0.002626 
36.901000 -0.002552 
36.902000 -0.007676 
36.903000 -0.012828 
36.904000 -0.017909 
36.905000 -0.023021 
36.906000 -0.028157 
36.907000 -0.033249 
36.908000 -0.038455 
36.909000 -0.043616 
36.910000 -0.048764 
36.911000 -0.053888 
36.912000 -0.058966 
36.913000 -0.064097 
36.914000 -0.069130 
36.915000 -0.074246 
36.916000 -0.079191 
36.917000 -0.084145 
36.918000 -0.089160 
36.919000 -0.094139 
36.920000 -0.099148 
36.921000 -0.104089 
36.922000 -0.109157 
36.923000 -0.114161 
36.924000 -0.119072 
36.925000 -0.123968 
36.926000 -0.128784 
36.927000 -0.133761 
36.928000 -0.138517 
36.929000 -0.143281 
36.930000 -0.148100 
36.931000 -0.152993 
36.932000 -0.157662 
36.933000 -0.162408 
36.934000 -0.167035 
36.935000 -0.171715 
36.936000 -0.176414 
36.937000 -0.180850 
36.938000 -0.185420 
36.939000 -0.190213 
36.940000 -0.194773 
36.941000 -0.199330 
36.942000 -0.203860 
36.943000 -0.208382 
36.944000 -0.212815 
36.945000 -0.217319 
36.946000 -0.221696 
36.947000 -0.226157 
36.948000 -0.230655 
36.949000 -0.234973 
36.950000 -0.239224 
36.951000 -0.243490 
36.952000 -0.247789 
36.953000 -0.251998 
36.954000 -0.256276 
36.955000 -0.260529 
36.956000 -0.264800 
36.957000 -0.268960 
36.958000 -0.273136 
36.959000 -0.277210 
36.960000 -0.281203 
36.961000 -0.285385 
36.962000 -0.289426 
36.963000 -0.293486 
36.964000 -0.297494 
36.965000 -0.301436 
36.966000 -0.305302 
36.967000 -0.309180 
36.968000 -0.313215 
36.969000 -0.317151 
36.970000 -0.320913 
36.971000 -0.324563 
36.972000 -0.328283 
36.973000 -0.332058 
36.974000 -0.335672 
36.975000 -0.339376 
36.976000 -0.343167 
36.977000 -0.346847 
36.978000 -0.350386 
36.979000 -0.354114 
36.980000 -0.357804 
36.981000 -0.361304 
36.982000 -0.364885 
36.983000 -0.368469 
36.984000 -0.371913 
36.985000 -0.375424 
36.986000 -0.378928 
36.987000 -0.382456 
36.988000 -0.386041 
36.989000 -0.389520 
36.990000 -0.392910 
36.991000 -0.396251 
36.992000 -0.399731 
36.993000 -0.403147 
36.994000 -0.406581 
36.995000 -0.410103 
36.996000 -0.413443 
36.997000 -0.416703 
36.998000 -0.420159 
36.999000 -0.423532 
37.000000 -0.426970 
37.001000 -0.430360 
37.002000 -0.433698 
37.003000 -0.436917 
37.004000 -0.440501 
37.005000 -0.443918 
37.006000 -0.447291 
37.007000 -0.450531 
37.008000 -0.454107 
37.009000 -0.457367 
37.010000 -0.461031 
37.011000 -0.464310 
37.012000 -0.467938 
37.013000 -0.471346 
37.014000 -0.474962 
37.015000 -0.478126 
37.016000 -0.481809 
37.017000 -0.485172 
37.018000 -0.488832 
37.019000 -0.492165 
37.020000 -0.495720 
37.021000 -0.499544 
37.022000 -0.502950 
37.023000 -0.506846 
37.024000 -0.510186 
37.025000 -0.514408 
37.026000 -0.517478 
37.027000 -0.522136 
37.028000 -0.524829 
37.029000 -0.529826 
37.030000 -0.532566 
37.031000 -0.536954 
37.032000 -0.540708 
37.033000 -0.543876 
37.034000 -0.549164 
37.035000 -0.551513 
37.036000 -0.557807 
37.037000 -0.559133 
37.038000 -0.566550 
37.039000 -0.566881 
37.040000 -0.575628 
37.041000 -0.575067 
37.042000 -0.584824 
37.043000 -0.583179 
37.044000 -0.593747 
37.045000 -0.591068 
37.046000 -0.603106 
37.047000 -0.599530 
37.048000 -0.613102 
37.049000 -0.608098 
37.050000 -0.623184 
37.051000 -0.616775 
37.052000 -0.633701 
37.053000 -0.625672 
37.054000 -0.644224 
37.055000 -0.634688 
37.056000 -0.654738 
37.057000 -0.643959 
37.058000 -0.665462 
37.059000 -0.654079 
37.060000 -0.676117 
37.061000 -0.664527 
37.062000 -0.686646 
37.063000 -0.675706 
37.064000 -0.697101 
37.065000 -0.687411 
37.066000 -0.707634 
37.067000 -0.699445 
37.068000 -0.718538 
37.069000 -0.711445 
37.070000 -0.729509 
37.071000 -0.723905 
37.072000 -0.740787 
37.073000 -0.736727 
37.074000 -0.752467 
37.075000 -0.749607 
37.076000 -0.764267 
37.077000 -0.762529 
37.078000 -0.776398 
37.079000 -0.775815 
37.080000 -0.789293 
37.081000 -0.788796 
37.082000 -0.802228 
37.083000 -0.801912 
37.084000 -0.815859 
37.085000 -0.815611 
37.086000 -0.829695 
37.087000 -0.829354 
37.088000 -0.843622 
37.089000 -0.843414 
37.090000 -0.857771 
37.091000 -0.857468 
37.092000 -0.872129 
37.093000 -0.871865 
37.094000 -0.886912 
37.095000 -0.886586 
37.096000 -0.901778 
37.097000 -0.901739 
37.098000 -0.916927 
37.099000 -0.917104 
37.100000 -0.932062 
37.101000 -0.932551 
37.102000 -0.947607 
37.103000 -0.948108 
37.104000 -0.963437 
37.105000 -0.963980 
37.106000 -0.979776 
37.107000 -0.980092 
37.108000 -0.996355 
37.109000 -0.996023 
37.110000 -1.013262 
37.111000 -1.012380 
37.112000 -1.029887 
37.113000 -1.029503 
37.114000 -1.046355 
37.115000 -1.046713 
37.116000 -1.063133 
37.117000 -1.064743 
37.118000 -1.080114 
37.119000 -1.082438 
37.120000 -1.097185 
37.121000 -1.100603 
37.122000 -1.114436 
37.123000 -1.118506 
37.124000 -1.131869 
37.125000 -1.137137 
37.126000 -1.149829 
37.127000 -1.155508 
37.128000 -1.167560 
37.129000 -1.174189 
37.130000 -1.185501 
37.131000 -1.192760 
37.132000 -1.203604 
37.133000 -1.211864 
37.134000 -1.222186 
37.135000 -1.230932 
37.136000 -1.240536 
37.137000 -1.250021 
37.138000 -1.259111 
37.139000 -1.268905 
37.140000 -1.277548 
37.141000 -1.288183 
37.142000 -1.296630 
37.143000 -1.307589 
37.144000 -1.315894 
37.145000 -1.326824 
37.146000 -1.335050 
37.147000 -1.346076 
37.148000 -1.354086 
37.149000 -1.365456 
37.150000 -1.373548 
37.151000 -1.385108 
37.152000 -1.393188 
37.153000 -1.404733 
37.154000 -1.412591 
37.155000 -1.424248 
37.156000 -1.431722 
37.157000 -1.443550 
37.158000 -1.451057 
37.159000 -1.463286 
37.160000 -1.470895 
37.161000 -1.482816 
37.162000 -1.490382 
37.163000 -1.502199 
37.164000 -1.509739 
37.165000 -1.521385 
37.166000 -1.529244 
37.167000 -1.540972 
37.168000 -1.548656 
37.169000 -1.560536 
37.170000 -1.568477 
37.171000 -1.579868 
37.172000 -1.587831 
37.173000 -1.599241 
37.174000 -1.607166 
37.175000 -1.618659 
37.176000 -1.626375 
37.177000 -1.637756 
37.178000 -1.645606 
37.179000 -1.656914 
37.180000 -1.664708 
37.181000 -1.675868 
37.182000 -1.683778 
37.183000 -1.694949 
37.184000 -1.703027 
37.185000 -1.714169 
37.186000 -1.722032 
37.187000 -1.732861 
37.188000 -1.740794 
37.189000 -1.751546 
37.190000 -1.759910 
37.191000 -1.770313 
37.192000 -1.778568 
37.193000 -1.788606 
37.194000 -1.797348 
37.195000 -1.806902 
37.196000 -1.815650 
37.197000 -1.824982 
37.198000 -1.834090 
37.199000 -1.843108 
37.200000 -1.852516 
37.201000 -1.861278 
37.202000 -1.870939 
37.203000 -1.879455 
37.204000 -1.889169 
37.205000 -1.896787 
37.206000 -1.906145 
37.207000 -1.914073 
37.208000 -1.924167 
37.209000 -1.931636 
37.210000 -1.941648 
37.211000 -1.948947 
37.212000 -1.958975 
37.213000 -1.965773 
37.214000 -1.975844 
37.215000 -1.982509 
37.216000 -1.992758 
37.217000 -1.999145 
37.218000 -2.009315 
37.219000 -2.015476 
37.220000 -2.025886 
37.221000 -2.031941 
37.222000 -2.042073 
37.223000 -2.047967 
37.224000 -2.058208 
37.225000 -2.063839 
37.226000 -2.074038 
37.227000 -2.079583 
37.228000 -2.089709 
37.229000 -2.095227 
37.230000 -2.105302 
37.231000 -2.110404 
37.232000 -2.120318 
37.233000 -2.125408 
37.234000 -2.135194 
37.235000 -2.140536 
37.236000 -2.150095 
37.237000 -2.155422 
37.238000 -2.164706 
37.239000 -2.170006 
37.240000 -2.179008 
37.241000 -2.184199 
37.242000 -2.193077 
37.243000 -2.198607 
37.244000 -2.206855 
37.245000 -2.212379 
37.246000 -2.220330 
37.247000 -2.225982 
37.248000 -2.233531 
37.249000 -2.239618 
37.250000 -2.246450 
37.251000 -2.252709 
37.252000 -2.259284 
37.253000 -2.266119 
37.254000 -2.272441 
37.255000 -2.279086 
37.256000 -2.285068 
37.257000 -2.291591 
37.258000 -2.297642 
37.259000 -2.303846 
37.260000 -2.310084 
37.261000 -2.315835 
37.262000 -2.322151 
37.263000 -2.327900 
37.264000 -2.333906 
37.265000 -2.339336 
37.266000 -2.345503 
37.267000 -2.350857 
37.268000 -2.356706 
37.269000 -2.361818 
37.270000 -2.367684 
37.271000 -2.372630 
37.272000 -2.378634 
37.273000 -2.383970 
37.274000 -2.389598 
37.275000 -2.394493 
37.276000 -2.400472 
37.277000 -2.405598 
37.278000 -2.411020 
37.279000 -2.415715 
37.280000 -2.421018 
37.281000 -2.425564 
37.282000 -2.430925 
37.283000 -2.435534 
37.284000 -2.440491 
37.285000 -2.444647 
37.286000 -2.449950 
37.287000 -2.454434 
37.288000 -2.459150 
37.289000 -2.463327 
37.290000 -2.467899 
37.291000 -2.472722 
37.292000 -2.477319 
37.293000 -2.481681 
37.294000 -2.486117 
37.295000 -2.490279 
37.296000 -2.494772 
37.297000 -2.498762 
37.298000 -2.503076 
37.299000 -2.507081 
37.300000 -2.511305 
37.301000 -2.515363 
37.302000 -2.519465 
37.303000 -2.523371 
37.304000 -2.527882 
37.305000 -2.531916 
37.306000 -2.536405 
37.307000 -2.540122 
37.308000 -2.543809 
37.309000 -2.547444 
37.310000 -2.551029 
37.311000 -2.554700 
37.312000 -2.558273 
37.313000 -2.561295 
37.314000 -2.564774 
37.315000 -2.568118 
37.316000 -2.571969 
37.317000 -2.575324 
37.318000 -2.578920 
37.319000 -2.582007 
37.320000 -2.585358 
37.321000 -2.588246 
37.322000 -2.592024 
37.323000 -2.594746 
37.324000 -2.598370 
37.325000 -2.601005 
37.326000 -2.603746 
37.327000 -2.606264 
37.328000 -2.609029 
37.329000 -2.611885 
37.330000 -2.615024 
37.331000 -2.617955 
37.332000 -2.620482 
37.333000 -2.622847 
37.334000 -2.625723 
37.335000 -2.627903 
37.336000 -2.629849 
37.337000 -2.632690 
37.338000 -2.633950 
37.339000 -2.635696 
37.340000 -2.637992 
37.341000 -2.640133 
37.342000 -2.641696 
37.343000 -2.643667 
37.344000 -2.645213 
37.345000 -2.646945 
37.346000 -2.649077 
37.347000 -2.651464 
37.348000 -2.653147 
37.349000 -2.654768 
37.350000 -2.656445 
37.351000 -2.658896 
37.352000 -2.660747 
37.353000 -2.662574 
37.354000 -2.664294 
37.355000 -2.666153 
37.356000 -2.667177 
37.357000 -2.667107 
37.358000 -2.667189 
37.359000 -2.667352 
37.360000 -2.668247 
37.361000 -2.669576 
37.362000 -2.671373 
37.363000 -2.673328 
37.364000 -2.674878 
37.365000 -2.676309 
37.366000 -2.677904 
37.367000 -2.677983 
37.368000 -2.679248 
37.369000 -2.679361 
37.370000 -2.680152 
37.371000 -2.680126 
37.372000 -2.681219 
37.373000 -2.681297 
37.374000 -2.681555 
37.375000 -2.680759 
37.376000 -2.680169 
37.377000 -2.680237 
37.378000 -2.680401 
37.379000 -2.680794 
37.380000 -2.681289 
37.381000 -2.681634 
37.382000 -2.680717 
37.383000 -2.680328 
37.384000 -2.679773 
37.385000 -2.680328 
37.386000 -2.680965 
37.387000 -2.681321 
37.388000 -2.681369 
37.389000 -2.680808 
37.390000 -2.680046 
37.391000 -2.678186 
37.392000 -2.676947 
37.393000 -2.676222 
37.394000 -2.675020 
37.395000 -2.674394 
37.396000 -2.672921 
37.397000 -2.671452 
37.398000 -2.670299 
37.399000 -2.670083 
37.400000 -2.669228 
37.401000 -2.668194 
37.402000 -2.666949 
37.403000 -2.665453 
37.404000 -2.662969 
37.405000 -2.660509 
37.406000 -2.658182 
37.407000 -2.656542 
37.408000 -2.655808 
37.409000 -2.655485 
37.410000 -2.654865 
37.411000 -2.654487 
37.412000 -2.653863 
37.413000 -2.653222 
37.414000 -2.651925 
37.415000 -2.649604 
37.416000 -2.646557 
37.417000 -2.643819 
37.418000 -2.641776 
37.419000 -2.639537 
37.420000 -2.638182 
37.421000 -2.636847 
37.422000 -2.635112 
37.423000 -2.633610 
37.424000 -2.630828 
37.425000 -2.629995 
37.426000 -2.628085 
37.427000 -2.626459 
37.428000 -2.624697 
37.429000 -2.622761 
37.430000 -2.620859 
37.431000 -2.618850 
37.432000 -2.617388 
37.433000 -2.615271 
37.434000 -2.614357 
37.435000 -2.613033 
37.436000 -2.612061 
37.437000 -2.610270 
37.438000 -2.608920 
37.439000 -2.607747 
37.440000 -2.606665 
37.441000 -2.604726 
37.442000 -2.603631 
37.443000 -2.602238 
37.444000 -2.601199 
37.445000 -2.599999 
37.446000 -2.599133 
37.447000 -2.597827 
37.448000 -2.597192 
37.449000 -2.596221 
37.450000 -2.594903 
37.451000 -2.593690 
37.452000 -2.592659 
37.453000 -2.591601 
37.454000 -2.590694 
37.455000 -2.589750 
37.456000 -2.588610 
37.457000 -2.587673 
37.458000 -2.586445 
37.459000 -2.586444 
37.460000 -2.585421 
37.461000 -2.584809 
37.462000 -2.584216 
37.463000 -2.584002 
37.464000 -2.583358 
37.465000 -2.582864 
37.466000 -2.582173 
37.467000 -2.582006 
37.468000 -2.581131 
37.469000 -2.580596 
37.470000 -2.580626 
37.471000 -2.580092 
37.472000 -2.580295 
37.473000 -2.580470 
37.474000 -2.580613 
37.475000 -2.579197 
37.476000 -2.579569 
37.477000 -2.578492 
37.478000 -2.577752 
37.479000 -2.576977 
37.480000 -2.576896 
37.481000 -2.576408 
37.482000 -2.575997 
37.483000 -2.575119 
37.484000 -2.574756 
37.485000 -2.573877 
37.486000 -2.573255 
37.487000 -2.572691 
37.488000 -2.572297 
37.489000 -2.571796 
37.490000 -2.571500 
37.491000 -2.571179 
37.492000 -2.571249 
37.493000 -2.571009 
37.494000 -2.571056 
37.495000 -2.570275 
37.496000 -2.570125 
37.497000 -2.569894 
37.498000 -2.569216 
37.499000 -2.568599 
37.500000 -2.567927 
37.501000 -2.567389 
37.502000 -2.567157 
37.503000 -2.566994 
37.504000 -2.566837 
37.505000 -2.566684 
37.506000 -2.566852 
37.507000 -2.567151 
37.508000 -2.565830 
37.509000 -2.565693 
37.510000 -2.565883 
37.511000 -2.565506 
37.512000 -2.565983 
37.513000 -2.565703 
37.514000 -2.565240 
37.515000 -2.565039 
37.516000 -2.564957 
37.517000 -2.565154 
37.518000 -2.565032 
37.519000 -2.564718 
37.520000 -2.564785 
37.521000 -2.565114 
37.522000 -2.565224 
37.523000 -2.565872 
37.524000 -2.565544 
37.525000 -2.566416 
37.526000 -2.566883 
37.527000 -2.567486 
37.528000 -2.568059 
37.529000 -2.568193 
37.530000 -2.568592 
37.531000 -2.569244 
37.532000 -2.568846 
37.533000 -2.570197 
37.534000 -2.570304 
37.535000 -2.570973 
37.536000 -2.572057 
37.537000 -2.573028 
37.538000 -2.574077 
37.539000 -2.574292 
37.540000 -2.574840 
37.541000 -2.575581 
37.542000 -2.576654 
37.543000 -2.578275 
37.544000 -2.578231 
37.545000 -2.578996 
37.546000 -2.579784 
37.547000 -2.580627 
37.548000 -2.581651 
37.549000 -2.582549 
37.550000 -2.583040 
37.551000 -2.583917 
37.552000 -2.584850 
37.553000 -2.586557 
37.554000 -2.588059 
37.555000 -2.589695 
37.556000 -2.590756 
37.557000 -2.592277 
37.558000 -2.593161 
37.559000 -2.594527 
37.560000 -2.595862 
37.561000 -2.597250 
37.562000 -2.598897 
37.563000 -2.600555 
37.564000 -2.602256 
37.565000 -2.603768 
37.566000 -2.605650 
37.567000 -2.607403 
37.568000 -2.610845 
37.569000 -2.611268 
37.570000 -2.612443 
37.571000 -2.613688 
37.572000 -2.615063 
37.573000 -2.616742 
37.574000 -2.618761 
37.575000 -2.620253 
37.576000 -2.620840 
37.577000 -2.624006 
37.578000 -2.626261 
37.579000 -2.628132 
37.580000 -2.630639 
37.581000 -2.632810 
37.582000 -2.635501 
37.583000 -2.637644 
37.584000 -2.639987 
37.585000 -2.642316 
37.586000 -2.644402 
37.587000 -2.646443 
37.588000 -2.648602 
37.589000 -2.650698 
37.590000 -2.652830 
37.591000 -2.654666 
37.592000 -2.656543 
37.593000 -2.658144 
37.594000 -2.660502 
37.595000 -2.662731 
37.596000 -2.664454 
37.597000 -2.664538 
37.598000 -2.668469 
37.599000 -2.671335 
37.600000 -2.673471 
37.601000 -2.675826 
37.602000 -2.678633 
37.603000 -2.681011 
37.604000 -2.683702 
37.605000 -2.685980 
37.606000 -2.689030 
37.607000 -2.691485 
37.608000 -2.693783 
37.609000 -2.696314 
37.610000 -2.699260 
37.611000 -2.701779 
37.612000 -2.704498 
37.613000 -2.707282 
37.614000 -2.709859 
37.615000 -2.712732 
37.616000 -2.715328 
37.617000 -2.717728 
37.618000 -2.720396 
37.619000 -2.722918 
37.620000 -2.725272 
37.621000 -2.727917 
37.622000 -2.730408 
37.623000 -2.732855 
37.624000 -2.735987 
37.625000 -2.738584 
37.626000 -2.740332 
37.627000 -2.743606 
37.628000 -2.746392 
37.629000 -2.749476 
37.630000 -2.752041 
37.631000 -2.755014 
37.632000 -2.758082 
37.633000 -2.760379 
37.634000 -2.763536 
37.635000 -2.766583 
37.636000 -2.770255 
37.637000 -2.773377 
37.638000 -2.776834 
37.639000 -2.780393 
37.640000 -2.783755 
37.641000 -2.787164 
37.642000 -2.790759 
37.643000 -2.794301 
37.644000 -2.798163 
37.645000 -2.801841 
37.646000 -2.805830 
37.647000 -2.809209 
37.648000 -2.812467 
37.649000 -2.816049 
37.650000 -2.819560 
37.651000 -2.823079 
37.652000 -2.826992 
37.653000 -2.830534 
37.654000 -2.834396 
37.655000 -2.837954 
37.656000 -2.841446 
37.657000 -2.845256 
37.658000 -2.849001 
37.659000 -2.852498 
37.660000 -2.856318 
37.661000 -2.859964 
37.662000 -2.863606 
37.663000 -2.867138 
37.664000 -2.870852 
37.665000 -2.874750 
37.666000 -2.878769 
37.667000 -2.882824 
37.668000 -2.886601 
37.669000 -2.890826 
37.670000 -2.894862 
37.671000 -2.898411 
37.672000 -2.902355 
37.673000 -2.906294 
37.674000 -2.910351 
37.675000 -2.914042 
37.676000 -2.917803 
37.677000 -2.921811 
37.678000 -2.925692 
37.679000 -2.929504 
37.680000 -2.933641 
37.681000 -2.937486 
37.682000 -2.941753 
37.683000 -2.945867 
37.684000 -2.949824 
37.685000 -2.953692 
37.686000 -2.957918 
37.687000 -2.962743 
37.688000 -2.967486 
37.689000 -2.971985 
37.690000 -2.976800 
37.691000 -2.981335 
37.692000 -2.985736 
37.693000 -2.990015 
37.694000 -2.994290 
37.695000 -2.998448 
37.696000 -3.003279 
37.697000 -3.008063 
37.698000 -3.012469 
37.699000 -3.017476 
37.700000 -3.021973 
37.701000 -3.026913 
37.702000 -3.031716 
37.703000 -3.036114 
37.704000 -3.040738 
37.705000 -3.045084 
37.706000 -3.049643 
37.707000 -3.054504 
37.708000 -3.059183 
37.709000 -3.063608 
37.710000 -3.067921 
37.711000 -3.072336 
37.712000 -3.077085 
37.713000 -3.081780 
37.714000 -3.086209 
37.715000 -3.090974 
37.716000 -3.096110 
37.717000 -3.101251 
37.718000 -3.105178 
37.719000 -3.109584 
37.720000 -3.113796 
37.721000 -3.118305 
37.722000 -3.122782 
37.723000 -3.127356 
37.724000 -3.132569 
37.725000 -3.137532 
37.726000 -3.141999 
37.727000 -3.146555 
37.728000 -3.151228 
37.729000 -3.155987 
37.730000 -3.160637 
37.731000 -3.165563 
37.732000 -3.170542 
37.733000 -3.175432 
37.734000 -3.180463 
37.735000 -3.185366 
37.736000 -3.190205 
37.737000 -3.194862 
37.738000 -3.199939 
37.739000 -3.204446 
37.740000 -3.209222 
37.741000 -3.214106 
37.742000 -3.218824 
37.743000 -3.223414 
37.744000 -3.228578 
37.745000 -3.233442 
37.746000 -3.237831 
37.747000 -3.243415 
37.748000 -3.249374 
37.749000 -3.254316 
37.750000 -3.258598 
37.751000 -3.263462 
37.752000 -3.268536 
37.753000 -3.273558 
37.754000 -3.278349 
37.755000 -3.283839 
37.756000 -3.288811 
37.757000 -3.293683 
37.758000 -3.298589 
37.759000 -3.303957 
37.760000 -3.309275 
37.761000 -3.314279 
37.762000 -3.319403 
37.763000 -3.324314 
37.764000 -3.329169 
37.765000 -3.334211 
37.766000 -3.339054 
37.767000 -3.343653 
37.768000 -3.348688 
37.769000 -3.353456 
37.770000 -3.359105 
37.771000 -3.364171 
37.772000 -3.368960 
37.773000 -3.373778 
37.774000 -3.378665 
37.775000 -3.383460 
37.776000 -3.388196 
37.777000 -3.394416 
37.778000 -3.399545 
37.779000 -3.404316 
37.780000 -3.409624 
37.781000 -3.414639 
37.782000 -3.419873 
37.783000 -3.424361 
37.784000 -3.429596 
37.785000 -3.434509 
37.786000 -3.439660 
37.787000 -3.446238 
37.788000 -3.450443 
37.789000 -3.455622 
37.790000 -3.460635 
37.791000 -3.465675 
37.792000 -3.470525 
37.793000 -3.475927 
37.794000 -3.481058 
37.795000 -3.486445 
37.796000 -3.491754 
37.797000 -3.497091 
37.798000 -3.502387 
37.799000 -3.507682 
37.800000 -3.512775 
37.801000 -3.517982 
37.802000 -3.523060 
37.803000 -3.528528 
37.804000 -3.533023 
37.805000 -3.538098 
37.806000 -3.543289 
37.807000 -3.548450 
37.808000 -3.553477 
37.809000 -3.558665 
37.810000 -3.563695 
37.811000 -3.568635 
37.812000 -3.573848 
37.813000 -3.578906 
37.814000 -3.584038 
37.815000 -3.589521 
37.816000 -3.594499 
37.817000 -3.599425 
37.818000 -3.604401 
37.819000 -3.609470 
37.820000 -3.614554 
37.821000 -3.619095 
37.822000 -3.623958 
37.823000 -3.628932 
37.824000 -3.633963 
37.825000 -3.638528 
37.826000 -3.643868 
37.827000 -3.648579 
37.828000 -3.653768 
37.829000 -3.658874 
37.830000 -3.663459 
37.831000 -3.668481 
37.832000 -3.673527 
37.833000 -3.678467 
37.834000 -3.683458 
37.835000 -3.688280 
37.836000 -3.693143 
37.837000 -3.698095 
37.838000 -3.703166 
37.839000 -3.708123 
37.840000 -3.713210 
37.841000 -3.718154 
37.842000 -3.723194 
37.843000 -3.728119 
37.844000 -3.733886 
37.845000 -3.738029 
37.846000 -3.742751 
37.847000 -3.747790 
37.848000 -3.752519 
37.849000 -3.757413 
37.850000 -3.762235 
37.851000 -3.767053 
37.852000 -3.771799 
37.853000 -3.776630 
37.854000 -3.781443 
37.855000 -3.786221 
37.856000 -3.791133 
37.857000 -3.795937 
37.858000 -3.800932 
37.859000 -3.805996 
37.860000 -3.810806 
37.861000 -3.815557 
37.862000 -3.820444 
37.863000 -3.825183 
37.864000 -3.829877 
37.865000 -3.834446 
37.866000 -3.838948 
37.867000 -3.842903 
37.868000 -3.848903 
37.869000 -3.855607 
37.870000 -3.860509 
37.871000 -3.865402 
37.872000 -3.870257 
37.873000 -3.875086 
37.874000 -3.879795 
37.875000 -3.884584 
37.876000 -3.889434 
37.877000 -3.894455 
37.878000 -3.899422 
37.879000 -3.904204 
37.880000 -3.909099 
37.881000 -3.914082 
37.882000 -3.918527 
37.883000 -3.923396 
37.884000 -3.929007 
37.885000 -3.933136 
37.886000 -3.937916 
37.887000 -3.942590 
37.888000 -3.947288 
37.889000 -3.952146 
37.890000 -3.957124 
37.891000 -3.962019 
37.892000 -3.965354 
37.893000 -3.969886 
37.894000 -3.974645 
37.895000 -3.979360 
37.896000 -3.984054 
37.897000 -3.988846 
37.898000 -3.993533 
37.899000 -3.998183 
37.900000 -4.002788 
37.901000 -4.007414 
37.902000 -4.012109 
37.903000 -4.016859 
37.904000 -4.021564 
37.905000 -4.026104 
37.906000 -4.030747 
37.907000 -4.035353 
37.908000 -4.039958 
37.909000 -4.044583 
37.910000 -4.049084 
37.911000 -4.053650 
37.912000 -4.058394 
37.913000 -4.063063 
37.914000 -4.067271 
37.915000 -4.071667 
37.916000 -4.076597 
37.917000 -4.080487 
37.918000 -4.085028 
37.919000 -4.089538 
37.920000 -4.094007 
37.921000 -4.098355 
37.922000 -4.102648 
37.923000 -4.106997 
37.924000 -4.111292 
37.925000 -4.115624 
37.926000 -4.120020 
37.927000 -4.124218 
37.928000 -4.128338 
37.929000 -4.132597 
37.930000 -4.136757 
37.931000 -4.140961 
37.932000 -4.145277 
37.933000 -4.149909 
37.934000 -4.154499 
37.935000 -4.158779 
37.936000 -4.162711 
37.937000 -4.166875 
37.938000 -4.171075 
37.939000 -4.175114 
37.940000 -4.179319 
37.941000 -4.183307 
37.942000 -4.187207 
37.943000 -4.191723 
37.944000 -4.195452 
37.945000 -4.199488 
37.946000 -4.203454 
37.947000 -4.207556 
37.948000 -4.211511 
37.949000 -4.215290 
37.950000 -4.218973 
37.951000 -4.222902 
37.952000 -4.226847 
37.953000 -4.230855 
37.954000 -4.234713 
37.955000 -4.238605 
37.956000 -4.242445 
37.957000 -4.246240 
37.958000 -4.250082 
37.959000 -4.253932 
37.960000 -4.257822 
37.961000 -4.261580 
37.962000 -4.265385 
37.963000 -4.269089 
37.964000 -4.272884 
37.965000 -4.276651 
37.966000 -4.280366 
37.967000 -4.284380 
37.968000 -4.287881 
37.969000 -4.291483 
37.970000 -4.295163 
37.971000 -4.298940 
37.972000 -4.302584 
37.973000 -4.306159 
37.974000 -4.309770 
37.975000 -4.313297 
37.976000 -4.316755 
37.977000 -4.320322 
37.978000 -4.323901 
37.979000 -4.327381 
37.980000 -4.330745 
37.981000 -4.334178 
37.982000 -4.337628 
37.983000 -4.340947 
37.984000 -4.344313 
37.985000 -4.347756 
37.986000 -4.351181 
37.987000 -4.354530 
37.988000 -4.357910 
37.989000 -4.361367 
37.990000 -4.364609 
37.991000 -4.367837 
37.992000 -4.371090 
37.993000 -4.374463 
37.994000 -4.377739 
37.995000 -4.380977 
37.996000 -4.384215 
37.997000 -4.387424 
37.998000 -4.390597 
37.999000 -4.393760 
38.000000 -4.396908 
38.001000 -4.400095 
38.002000 -4.403181 
38.003000 -4.406345 
38.004000 -4.409527 
38.005000 -4.412562 
38.006000 -4.415627 
38.007000 -4.418750 
38.008000 -4.421831 
38.009000 -4.424850 
38.010000 -4.427818 
38.011000 -4.430674 
38.012000 -4.433495 
38.013000 -4.436589 
38.014000 -4.439322 
38.015000 -4.442018 
38.016000 -4.444858 
38.017000 -4.447780 
38.018000 -4.450652 
38.019000 -4.453419 
38.020000 -4.456142 
38.021000 -4.459043 
38.022000 -4.461948 
38.023000 -4.464766 
38.024000 -4.467474 
38.025000 -4.470249 
38.026000 -4.472914 
38.027000 -4.475436 
38.028000 -4.477972 
38.029000 -4.480744 
38.030000 -4.483360 
38.031000 -4.485966 
38.032000 -4.488625 
38.033000 -4.491281 
38.034000 -4.493828 
38.035000 -4.496369 
38.036000 -4.498836 
38.037000 -4.501323 
38.038000 -4.503783 
38.039000 -4.506196 
38.040000 -4.508564 
38.041000 -4.510894 
38.042000 -4.513243 
38.043000 -4.515586 
38.044000 -4.518027 
38.045000 -4.519988 
38.046000 -4.522685 
38.047000 -4.525047 
38.048000 -4.527332 
38.049000 -4.529625 
38.050000 -4.531833 
38.051000 -4.534061 
38.052000 -4.536251 
38.053000 -4.538419 
38.054000 -4.540581 
38.055000 -4.542763 
38.056000 -4.544870 
38.057000 -4.546911 
38.058000 -4.549038 
38.059000 -4.551070 
38.060000 -4.553172 
38.061000 -4.555232 
38.062000 -4.556768 
38.063000 -4.559198 
38.064000 -4.561215 
38.065000 -4.563178 
38.066000 -4.565151 
38.067000 -4.567081 
38.068000 -4.569045 
38.069000 -4.570949 
38.070000 -4.572855 
38.071000 -4.574756 
38.072000 -4.576609 
38.073000 -4.578373 
38.074000 -4.580169 
38.075000 -4.581921 
38.076000 -4.583719 
38.077000 -4.585434 
38.078000 -4.586508 
38.079000 -4.588777 
38.080000 -4.590480 
38.081000 -4.592112 
38.082000 -4.593765 
38.083000 -4.595342 
38.084000 -4.596993 
38.085000 -4.598563 
38.086000 -4.600137 
38.087000 -4.601726 
38.088000 -4.603311 
38.089000 -4.604892 
38.090000 -4.606470 
38.091000 -4.607826 
38.092000 -4.609303 
38.093000 -4.610759 
38.094000 -4.611381 
38.095000 -4.613534 
38.096000 -4.615023 
38.097000 -4.616357 
38.098000 -4.617768 
38.099000 -4.619093 
38.100000 -4.620449 
38.101000 -4.621753 
38.102000 -4.623080 
38.103000 -4.624338 
38.104000 -4.625555 
38.105000 -4.626792 
38.106000 -4.628008 
38.107000 -4.629197 
38.108000 -4.630377 
38.109000 -4.630561 
38.110000 -4.632734 
38.111000 -4.633919 
38.112000 -4.634932 
38.113000 -4.636020 
38.114000 -4.637079 
38.115000 -4.638032 
38.116000 -4.639054 
38.117000 -4.640015 
38.118000 -4.641076 
38.119000 -4.642136 
38.120000 -4.643088 
38.121000 -4.643988 
38.122000 -4.644868 
38.123000 -4.645738 
38.124000 -4.645534 
38.125000 -4.647332 
38.126000 -4.648323 
38.127000 -4.649074 
38.128000 -4.649902 
38.129000 -4.650685 
38.130000 -4.651459 
38.131000 -4.652215 
38.132000 -4.652913 
38.133000 -4.653651 
38.134000 -4.654385 
38.135000 -4.654902 
38.136000 -4.655723 
38.137000 -4.656490 
38.138000 -4.657052 
38.139000 -4.656273 
38.140000 -4.657844 
38.141000 -4.658460 
38.142000 -4.659049 
38.143000 -4.659642 
38.144000 -4.660179 
38.145000 -4.660660 
38.146000 -4.661074 
38.147000 -4.661481 
38.148000 -4.661916 
38.149000 -4.662287 
38.150000 -4.662651 
38.151000 -4.663003 
38.152000 -4.663341 
38.153000 -4.663691 
38.154000 -4.662636 
38.155000 -4.664024 
38.156000 -4.664344 
38.157000 -4.664652 
38.158000 -4.664921 
38.159000 -4.665131 
38.160000 -4.665242 
38.161000 -4.665320 
38.162000 -4.665394 
38.163000 -4.665464 
38.164000 -4.665585 
38.165000 -4.665613 
38.166000 -4.665549 
38.167000 -4.665495 
38.168000 -4.665518 
38.169000 -4.665515 
38.170000 -4.663852 
38.171000 -4.665029 
38.172000 -4.665063 
38.173000 -4.664892 
38.174000 -4.664807 
38.175000 -4.664608 
38.176000 -4.664472 
38.177000 -4.664153 
38.178000 -4.663836 
38.179000 -4.663421 
38.180000 -4.663129 
38.181000 -4.662716 
38.182000 -4.662263 
38.183000 -4.661874 
38.184000 -4.661662 
38.185000 -4.661283 
38.186000 -4.660769 
38.187000 -4.658577 
38.188000 -4.659297 
38.189000 -4.658871 
38.190000 -4.658197 
38.191000 -4.657665 
38.192000 -4.657035 
38.193000 -4.656363 
38.194000 -4.655612 
38.195000 -4.654826 
38.196000 -4.653819 
38.197000 -4.653080 
38.198000 -4.652255 
38.199000 -4.651366 
38.200000 -4.650428 
38.201000 -4.649444 
38.202000 -4.648473 
38.203000 -4.647483 
38.204000 -4.646566 
38.205000 -4.645342 
38.206000 -4.642602 
38.207000 -4.642899 
38.208000 -4.641881 
38.209000 -4.640729 
38.210000 -4.639490 
38.211000 -4.638245 
38.212000 -4.637058 
38.213000 -4.636023 
38.214000 -4.634760 
38.215000 -4.633436 
38.216000 -4.631945 
38.217000 -4.630500 
38.218000 -4.628885 
38.219000 -4.627338 
38.220000 -4.625751 
38.221000 -4.624141 
38.222000 -4.622696 
38.223000 -4.621291 
38.224000 -4.619423 
38.225000 -4.617689 
38.226000 -4.616025 
38.227000 -4.614295 
38.228000 -4.612479 
38.229000 -4.610584 
38.230000 -4.606943 
38.231000 -4.606525 
38.232000 -4.604775 
38.233000 -4.602882 
38.234000 -4.600767 
38.235000 -4.598690 
38.236000 -4.596672 
38.237000 -4.594588 
38.238000 -4.592414 
38.239000 -4.590296 
38.240000 -4.588098 
38.241000 -4.585809 
38.242000 -4.583451 
38.243000 -4.581155 
38.244000 -4.578826 
38.245000 -4.576495 
38.246000 -4.574154 
38.247000 -4.571694 
38.248000 -4.569281 
38.249000 -4.566632 
38.250000 -4.563996 
38.251000 -4.561423 
38.252000 -4.558930 
38.253000 -4.556262 
38.254000 -4.553574 
38.255000 -4.550942 
38.256000 -4.548524 
38.257000 -4.545525 
38.258000 -4.542688 
38.259000 -4.539867 
38.260000 -4.536917 
38.261000 -4.534017 
38.262000 -4.531135 
38.263000 -4.528167 
38.264000 -4.525132 
38.265000 -4.522085 
38.266000 -4.519011 
38.267000 -4.515896 
38.268000 -4.512793 
38.269000 -4.509591 
38.270000 -4.506336 
38.271000 -4.503144 
38.272000 -4.499920 
38.273000 -4.496645 
38.274000 -4.493280 
38.275000 -4.489920 
38.276000 -4.486496 
38.277000 -4.483027 
38.278000 -4.479602 
38.279000 -4.476117 
38.280000 -4.472546 
38.281000 -4.468925 
38.282000 -4.465361 
38.283000 -4.461709 
38.284000 -4.458029 
38.285000 -4.454257 
38.286000 -4.450498 
38.287000 -4.446734 
38.288000 -4.442830 
38.289000 -4.438994 
38.290000 -4.435104 
38.291000 -4.431183 
38.292000 -4.427310 
38.293000 -4.423297 
38.294000 -4.419172 
38.295000 -4.415162 
38.296000 -4.411075 
38.297000 -4.406935 
38.298000 -4.402801 
38.299000 -4.398528 
38.300000 -4.394379 
38.301000 -4.390120 
38.302000 -4.385849 
38.303000 -4.381539 
38.304000 -4.377079 
38.305000 -4.372689 
38.306000 -4.368218 
38.307000 -4.363686 
38.308000 -4.359118 
38.309000 -4.354592 
38.310000 -4.349938 
38.311000 -4.345217 
38.312000 -4.340410 
38.313000 -4.335726 
38.314000 -4.330950 
38.315000 -4.326120 
38.316000 -4.321305 
38.317000 -4.316379 
38.318000 -4.311452 
38.319000 -4.306493 
38.320000 -4.301477 
38.321000 -4.296368 
38.322000 -4.291295 
38.323000 -4.286208 
38.324000 -4.281120 
38.325000 -4.277493 
38.326000 -4.270837 
38.327000 -4.265435 
38.328000 -4.260103 
38.329000 -4.254759 
38.330000 -4.249461 
38.331000 -4.243964 
38.332000 -4.238519 
38.333000 -4.233020 
38.334000 -4.227503 
38.335000 -4.221953 
38.336000 -4.216290 
38.337000 -4.210553 
38.338000 -4.204851 
38.339000 -4.199115 
38.340000 -4.193363 
38.341000 -4.187552 
38.342000 -4.181666 
38.343000 -4.175731 
38.344000 -4.169766 
38.345000 -4.163807 
38.346000 -4.157816 
38.347000 -4.151780 
38.348000 -4.145699 
38.349000 -4.140926 
38.350000 -4.133538 
38.351000 -4.127181 
38.352000 -4.120747 
38.353000 -4.114430 
38.354000 -4.108105 
38.355000 -4.101738 
38.356000 -4.095297 
38.357000 -4.088667 
38.358000 -4.082222 
38.359000 -4.075683 
38.360000 -4.069108 
38.361000 -4.062373 
38.362000 -4.055583 
38.363000 -4.048799 
38.364000 -4.041896 
38.365000 -4.035220 
38.366000 -4.028483 
38.367000 -4.021474 
38.368000 -4.014417 
38.369000 -4.008711 
38.370000 -4.000562 
38.371000 -3.993409 
38.372000 -3.986300 
38.373000 -3.978972 
38.374000 -3.971756 
38.375000 -3.964481 
38.376000 -3.957215 
38.377000 -3.949906 
38.378000 -3.942419 
38.379000 -3.934918 
38.380000 -3.927467 
38.381000 -3.919947 
38.382000 -3.912471 
38.383000 -3.904776 
38.384000 -3.897014 
38.385000 -3.889281 
38.386000 -3.882631 
38.387000 -3.873856 
38.388000 -3.865920 
38.389000 -3.857907 
38.390000 -3.849888 
38.391000 -3.841842 
38.392000 -3.833761 
38.393000 -3.825623 
38.394000 -3.817371 
38.395000 -3.809226 
38.396000 -3.801396 
38.397000 -3.792726 
38.398000 -3.784344 
38.399000 -3.775910 
38.400000 -3.767400 
38.401000 -3.758878 
38.402000 -3.751367 
38.403000 -3.741896 
38.404000 -3.733139 
38.405000 -3.724357 
38.406000 -3.715590 
38.407000 -3.706800 
38.408000 -3.698031 
38.409000 -3.689172 
38.410000 -3.680220 
38.411000 -3.671209 
38.412000 -3.662101 
38.413000 -3.653139 
38.414000 -3.644009 
38.415000 -3.634924 
38.416000 -3.625636 
38.417000 -3.616294 
38.418000 -3.607818 
38.419000 -3.597674 
38.420000 -3.588167 
38.421000 -3.578631 
38.422000 -3.569032 
38.423000 -3.559417 
38.424000 -3.549789 
38.425000 -3.540104 
38.426000 -3.530372 
38.427000 -3.520538 
38.428000 -3.510646 
38.429000 -3.500711 
38.430000 -3.490781 
38.431000 -3.480896 
38.432000 -3.470948 
38.433000 -3.460794 
38.434000 -3.451435 
38.435000 -3.440603 
38.436000 -3.430271 
38.437000 -3.419965 
38.438000 -3.409626 
38.439000 -3.399090 
38.440000 -3.388594 
38.441000 -3.378089 
38.442000 -3.367622 
38.443000 -3.357031 
38.444000 -3.346252 
38.445000 -3.335534 
38.446000 -3.324726 
38.447000 -3.313919 
38.448000 -3.303087 
38.449000 -3.292828 
38.450000 -3.281192 
38.451000 -3.270067 
38.452000 -3.259034 
38.453000 -3.247974 
38.454000 -3.236810 
38.455000 -3.225434 
38.456000 -3.214196 
38.457000 -3.202745 
38.458000 -3.191429 
38.459000 -3.179967 
38.460000 -3.168424 
38.461000 -3.156780 
38.462000 -3.145150 
38.463000 -3.133507 
38.464000 -3.121899 
38.465000 -3.110618 
38.466000 -3.098256 
38.467000 -3.086294 
38.468000 -3.074378 
38.469000 -3.062480 
38.470000 -3.050452 
38.471000 -3.038305 
38.472000 -3.026122 
38.473000 -3.013911 
38.474000 -3.001797 
38.475000 -2.989502 
38.476000 -2.977048 
38.477000 -2.964636 
38.478000 -2.952226 
38.479000 -2.939991 
38.480000 -2.927428 
38.481000 -2.914693 
38.482000 -2.902546 
38.483000 -2.889356 
38.484000 -2.876722 
38.485000 -2.863953 
38.486000 -2.851013 
38.487000 -2.838035 
38.488000 -2.825021 
38.489000 -2.812095 
38.490000 -2.799300 
38.491000 -2.786022 
38.492000 -2.772877 
38.493000 -2.759524 
38.494000 -2.746202 
38.495000 -2.733287 
38.496000 -2.719921 
38.497000 -2.706439 
38.498000 -2.692844 
38.499000 -2.679690 
38.500000 -2.665996 
38.501000 -2.652146 
38.502000 -2.638923 
38.503000 -2.625136 
38.504000 -2.611345 
38.505000 -2.597553 
38.506000 -2.583775 
38.507000 -2.569830 
38.508000 -2.555629 
38.509000 -2.541877 
38.510000 -2.527809 
38.511000 -2.513815 
38.512000 -2.499613 
38.513000 -2.485197 
38.514000 -2.470974 
38.515000 -2.456685 
38.516000 -2.442399 
38.517000 -2.428292 
38.518000 -2.413619 
38.519000 -2.398868 
38.520000 -2.384317 
38.521000 -2.369965 
38.522000 -2.355574 
38.523000 -2.340998 
38.524000 -2.326165 
38.525000 -2.311301 
38.526000 -2.296368 
38.527000 -2.281685 
38.528000 -2.267109 
38.529000 -2.252062 
38.530000 -2.237101 
38.531000 -2.222078 
38.532000 -2.207049 
38.533000 -2.192019 
38.534000 -2.176600 
38.535000 -2.161528 
38.536000 -2.146611 
38.537000 -2.131376 
38.538000 -2.116036 
38.539000 -2.100610 
38.540000 -2.085123 
38.541000 -2.069737 
38.542000 -2.054305 
38.543000 -2.038623 
38.544000 -2.023131 
38.545000 -2.007476 
38.546000 -1.991883 
38.547000 -1.976234 
38.548000 -1.960421 
38.549000 -1.944619 
38.550000 -1.929382 
38.551000 -1.913074 
38.552000 -1.897065 
38.553000 -1.880901 
38.554000 -1.865024 
38.555000 -1.848888 
38.556000 -1.832806 
38.557000 -1.816674 
38.558000 -1.800516 
38.559000 -1.784305 
38.560000 -1.767952 
38.561000 -1.751660 
38.562000 -1.735479 
38.563000 -1.719100 
38.564000 -1.702560 
38.565000 -1.686013 
38.566000 -1.669546 
38.567000 -1.652953 
38.568000 -1.636567 
38.569000 -1.619934 
38.570000 -1.603207 
38.571000 -1.586420 
38.572000 -1.569913 
38.573000 -1.553188 
38.574000 -1.536487 
38.575000 -1.519694 
38.576000 -1.502722 
38.577000 -1.485510 
38.578000 -1.468675 
38.579000 -1.451817 
38.580000 -1.434941 
38.581000 -1.417649 
38.582000 -1.400591 
38.583000 -1.383493 
38.584000 -1.366538 
38.585000 -1.349500 
38.586000 -1.332187 
38.587000 -1.314759 
38.588000 -1.297553 
38.589000 -1.280375 
38.590000 -1.263183 
38.591000 -1.245891 
38.592000 -1.228157 
38.593000 -1.210997 
38.594000 -1.193672 
38.595000 -1.176421 
38.596000 -1.158972 
38.597000 -1.141164 
38.598000 -1.123735 
38.599000 -1.106334 
38.600000 -1.088900 
38.601000 -1.071053 
38.602000 -1.053090 
38.603000 -1.036071 
38.604000 -1.018658 
38.605000 -1.000929 
38.606000 -0.983473 
38.607000 -0.965273 
38.608000 -0.947353 
38.609000 -0.929703 
38.610000 -0.912061 
38.611000 -0.894388 
38.612000 -0.876554 
38.613000 -0.858338 
38.614000 -0.840450 
38.615000 -0.822763 
38.616000 -0.805125 
38.617000 -0.787116 
38.618000 -0.769066 
38.619000 -0.750978 
38.620000 -0.733136 
38.621000 -0.715390 
38.622000 -0.697353 
38.623000 -0.679141 
38.624000 -0.661128 
38.625000 -0.643156 
38.626000 -0.625198 
38.627000 -0.607025 
38.628000 -0.589254 
38.629000 -0.571059 
38.630000 -0.553075 
38.631000 -0.535437 
38.632000 -0.517185 
38.633000 -0.499044 
38.634000 -0.480783 
38.635000 -0.462661 
38.636000 -0.444792 
38.637000 -0.426944 
38.638000 -0.408689 
38.639000 -0.390442 
38.640000 -0.372324 
38.641000 -0.354298 
38.642000 -0.336324 
38.643000 -0.318623 
38.644000 -0.300339 
38.645000 -0.282075 
38.646000 -0.264021 
38.647000 -0.246118 
38.648000 -0.228236 
38.649000 -0.210237 
38.650000 -0.192015 
38.651000 -0.173794 
38.652000 -0.155886 
38.653000 -0.137887 
38.654000 -0.119893 
38.655000 -0.101667 
38.656000 -0.083492 
38.657000 -0.065774 
38.658000 -0.047445 
38.659000 -0.030093 
38.660000 -0.012136 
38.661000 0.006035 
38.662000 0.023932 
38.663000 0.041687 
38.664000 0.059480 
38.665000 0.077526 
38.666000 0.095582 
38.667000 0.113351 
38.668000 0.130939 
38.669000 0.148547 
38.670000 0.166327 
38.671000 0.184444 
38.672000 0.202158 
38.673000 0.219719 
38.674000 0.237266 
38.675000 0.254777 
38.676000 0.272670 
38.677000 0.290454 
38.678000 0.307890 
38.679000 0.325418 
38.680000 0.342781 
38.681000 0.360414 
38.682000 0.378131 
38.683000 0.395443 
38.684000 0.412619 
38.685000 0.429837 
38.686000 0.447154 
38.687000 0.464685 
38.688000 0.481969 
38.689000 0.499208 
38.690000 0.516226 
38.691000 0.533152 
38.692000 0.550461 
38.693000 0.567814 
38.694000 0.584625 
38.695000 0.602252 
38.696000 0.618768 
38.697000 0.635684 
38.698000 0.652515 
38.699000 0.669407 
38.700000 0.686173 
38.701000 0.702865 
38.702000 0.719569 
38.703000 0.736223 
38.704000 0.752907 
38.705000 0.769480 
38.706000 0.786135 
38.707000 0.802783 
38.708000 0.819227 
38.709000 0.835666 
38.710000 0.852176 
38.711000 0.868492 
38.712000 0.885059 
38.713000 0.901099 
38.714000 0.917392 
38.715000 0.933553 
38.716000 0.949625 
38.717000 0.965680 
38.718000 0.981809 
38.719000 0.997666 
38.720000 1.013426 
38.721000 1.029566 
38.722000 1.045104 
38.723000 1.060836 
38.724000 1.076377 
38.725000 1.091862 
38.726000 1.107447 
38.727000 1.122866 
38.728000 1.138382 
38.729000 1.153677 
38.730000 1.168925 
38.731000 1.184094 
38.732000 1.199314 
38.733000 1.214442 
38.734000 1.229459 
38.735000 1.244187 
38.736000 1.259062 
38.737000 1.273982 
38.738000 1.288839 
38.739000 1.303440 
38.740000 1.317811 
38.741000 1.332364 
38.742000 1.346946 
38.743000 1.361460 
38.744000 1.375866 
38.745000 1.391105 
38.746000 1.404580 
38.747000 1.418721 
38.748000 1.432823 
38.749000 1.446847 
38.750000 1.460685 
38.751000 1.474591 
38.752000 1.488546 
38.753000 1.502452 
38.754000 1.516182 
38.755000 1.529755 
38.756000 1.543054 
38.757000 1.556676 
38.758000 1.570053 
38.759000 1.583616 
38.760000 1.596650 
38.761000 1.609576 
38.762000 1.622777 
38.763000 1.635615 
38.764000 1.648717 
38.765000 1.661585 
38.766000 1.674423 
38.767000 1.687349 
38.768000 1.699805 
38.769000 1.712457 
38.770000 1.724971 
38.771000 1.737202 
38.772000 1.749599 
38.773000 1.761770 
38.774000 1.774099 
38.775000 1.786133 
38.776000 1.798236 
38.777000 1.810359 
38.778000 1.822197 
38.779000 1.834026 
38.780000 1.845805 
38.781000 1.857242 
38.782000 1.868865 
38.783000 1.880174 
38.784000 1.891797 
38.785000 1.903419 
38.786000 1.914650 
38.787000 1.926185 
38.788000 1.937288 
38.789000 1.948333 
38.790000 1.959250 
38.791000 1.969942 
38.792000 1.980653 
38.793000 1.991306 
38.794000 2.002184 
38.795000 2.012797 
38.796000 2.023391 
38.797000 2.033877 
38.798000 2.044285 
38.799000 2.054575 
38.800000 2.064786 
38.801000 2.074821 
38.802000 2.084729 
38.803000 2.094706 
38.804000 2.104662 
38.805000 2.114609 
38.806000 2.124302 
38.807000 2.133984 
38.808000 2.143402 
38.809000 2.152741 
38.810000 2.162316 
38.811000 2.171665 
38.812000 2.181044 
38.813000 2.190148 
38.814000 2.199291 
38.815000 2.208248 
38.816000 2.217284 
38.817000 2.226241 
38.818000 2.235051 
38.819000 2.243656 
38.820000 2.252309 
38.821000 2.260914 
38.822000 2.269557 
38.823000 2.277956 
38.824000 2.286335 
38.825000 2.294351 
38.826000 2.302485 
38.827000 2.310629 
38.828000 2.318665 
38.829000 2.326652 
38.830000 2.334639 
38.831000 2.342391 
38.832000 2.350123 
38.833000 2.357914 
38.834000 2.365489 
38.835000 2.373045 
38.836000 2.380523 
38.837000 2.387902 
38.838000 2.395193 
38.839000 2.402406 
38.840000 2.409521 
38.841000 2.416743 
38.842000 2.423956 
38.843000 2.430934 
38.844000 2.437862 
38.845000 2.444820 
38.846000 2.451710 
38.847000 2.458462 
38.848000 2.466224 
38.849000 2.471751 
38.850000 2.478395 
38.851000 2.484814 
38.852000 2.491204 
38.853000 2.497682 
38.854000 2.503836 
38.855000 2.510059 
38.856000 2.516233 
38.857000 2.522358 
38.858000 2.528503 
38.859000 2.534510 
38.860000 2.540498 
38.861000 2.546378 
38.862000 2.552111 
38.863000 2.557726 
38.864000 2.563518 
38.865000 2.569075 
38.866000 2.574631 
38.867000 2.580178 
38.868000 2.585646 
38.869000 2.591066 
38.870000 2.596436 
38.871000 2.601885 
38.872000 2.607138 
38.873000 2.612136 
38.874000 2.617261 
38.875000 2.622289 
38.876000 2.627159 
38.877000 2.632118 
38.878000 2.637096 
38.879000 2.641928 
38.880000 2.646612 
38.881000 2.651414 
38.882000 2.656128 
38.883000 2.660685 
38.884000 2.665115 
38.885000 2.669407 
38.886000 2.673846 
38.887000 2.678354 
38.888000 2.682715 
38.889000 2.687057 
38.890000 2.691408 
38.891000 2.695632 
38.892000 2.699777 
38.893000 2.703903 
38.894000 2.708009 
38.895000 2.712194 
38.896000 2.716212 
38.897000 2.720112 
38.898000 2.724160 
38.899000 2.728138 
38.900000 2.732019 
38.901000 2.735900 
38.902000 2.739859 
38.903000 2.743907 
38.904000 2.747503 
38.905000 2.751296 
38.906000 2.754687 
38.907000 2.759097 
38.908000 2.762291 
38.909000 2.765849 
38.910000 2.769592 
38.911000 2.773189 
38.912000 2.776658 
38.913000 2.780216 
38.914000 2.783802 
38.915000 2.787340 
38.916000 2.790780 
38.917000 2.794014 
38.918000 2.797650 
38.919000 2.801148 
38.920000 2.804490 
38.921000 2.807901 
38.922000 2.811223 
38.923000 2.814702 
38.924000 2.817916 
38.925000 2.821248 
38.926000 2.824394 
38.927000 2.827608 
38.928000 2.830921 
38.929000 2.834135 
38.930000 2.837418 
38.931000 2.840564 
38.932000 2.843857 
38.933000 2.847140 
38.934000 2.850374 
38.935000 2.853549 
38.936000 2.856695 
38.937000 2.859684 
38.938000 2.863006 
38.939000 2.866034 
38.940000 2.869131 
38.941000 2.872247 
38.942000 2.875452 
38.943000 2.877481 
38.944000 2.881499 
38.945000 2.884517 
38.946000 2.887506 
38.947000 2.890505 
38.948000 2.893680 
38.949000 2.896581 
38.950000 2.899364 
38.951000 2.902392 
38.952000 2.905048 
38.953000 2.908115 
38.954000 2.911232 
38.955000 2.914240 
38.956000 2.917141 
38.957000 2.920395 
38.958000 2.923864 
38.959000 2.927461 
38.960000 2.930881 
38.961000 2.933929 
38.962000 2.936898 
38.963000 2.940005 
38.964000 2.943141 
38.965000 2.946149 
38.966000 2.949197 
38.967000 2.952117 
38.968000 2.955136 
38.969000 2.958242 
38.970000 2.961525 
38.971000 2.964652 
38.972000 2.967552 
38.973000 2.970590 
38.974000 2.973697 
38.975000 2.977078 
38.976000 2.980038 
38.977000 2.983085 
38.978000 2.986163 
38.979000 2.989279 
38.980000 2.992513 
38.981000 2.995767 
38.982000 2.999069 
38.983000 3.002068 
38.984000 3.005243 
38.985000 3.008252 
38.986000 3.011309 
38.987000 3.014730 
38.988000 3.017973 
38.989000 3.021158 
38.990000 3.024392 
38.991000 3.027695 
38.992000 3.030939 
38.993000 3.034006 
38.994000 3.037250 
38.995000 3.040278 
38.996000 3.043395 
38.997000 3.046619 
38.998000 3.049794 
38.999000 3.052901 
39.000000 3.056125 
39.001000 3.059349 
39.002000 3.062465 
39.003000 3.065503 
39.004000 3.068777 
39.005000 3.071746 
39.006000 3.074608 
39.007000 3.077930 
39.008000 3.080978 
39.009000 3.084280 
39.010000 3.087847 
39.011000 3.090405 
39.012000 3.093110 
39.013000 3.096413 
39.014000 3.099108 
39.015000 3.102028 
39.016000 3.104801 
39.017000 3.108045 
39.018000 3.110936 
39.019000 3.114209 
39.020000 3.117081 
39.021000 3.119688 
39.022000 3.122510 
39.023000 3.125372 
39.024000 3.128331 
39.025000 3.130909 
39.026000 3.133643 
39.027000 3.136357 
39.028000 3.139190 
39.029000 3.141845 
39.030000 3.144825 
39.031000 3.147637 
39.032000 3.150244 
39.033000 3.153008 
39.034000 3.155840 
39.035000 3.158790 
39.036000 3.161161 
39.037000 3.163660 
39.038000 3.166267 
39.039000 3.169021 
39.040000 3.171569 
39.041000 3.173637 
39.042000 3.176028 
39.043000 3.178370 
39.044000 3.180428 
39.045000 3.182878 
39.046000 3.184867 
39.047000 3.186328 
39.048000 3.188239 
39.049000 3.190120 
39.050000 3.191953 
39.051000 3.193707 
39.052000 3.195412 
39.053000 3.196892 
39.054000 3.198137 
39.055000 3.199107 
39.056000 3.200567 
39.057000 3.202341 
39.058000 3.203968 
39.059000 3.205653 
39.060000 3.206633 
39.061000 3.207819 
39.062000 3.208926 
39.063000 3.210161 
39.064000 3.211435 
39.065000 3.212249 
39.066000 3.213552 
39.067000 3.214512 
39.068000 3.215012 
39.069000 3.215463 
39.070000 3.215894 
39.071000 3.216296 
39.072000 3.216404 
39.073000 3.216374 
39.074000 3.216384 
39.075000 3.216365 
39.076000 3.216149 
39.077000 3.215884 
39.078000 3.215443 
39.079000 3.215365 
39.080000 3.214454 
39.081000 3.213983 
39.082000 3.213513 
39.083000 3.212699 
39.084000 3.210916 
39.085000 3.209426 
39.086000 3.207692 
39.087000 3.205869 
39.088000 3.204957 
39.089000 3.203360 
39.090000 3.202066 
39.091000 3.199754 
39.092000 3.197206 
39.093000 3.194971 
39.094000 3.192756 
39.095000 3.190032 
39.096000 3.186965 
39.097000 3.184074 
39.098000 3.182202 
39.099000 3.178997 
39.100000 3.175753 
39.101000 3.172490 
39.102000 3.168305 
39.103000 3.165522 
39.104000 3.161592 
39.105000 3.157026 
39.106000 3.153086 
39.107000 3.149058 
39.108000 3.143815 
39.109000 3.138406 
39.110000 3.133917 
39.111000 3.130281 
39.112000 3.125901 
39.113000 3.120413 
39.114000 3.114709 
39.115000 3.109045 
39.116000 3.103331 
39.117000 3.096579 
39.118000 3.090258 
39.119000 3.084829 
39.120000 3.077783 
39.121000 3.070198 
39.122000 3.062975 
39.123000 3.056282 
39.124000 3.049275 
39.125000 3.041807 
39.126000 3.033722 
39.127000 3.026019 
39.128000 3.017385 
39.129000 3.009281 
39.130000 3.000324 
39.131000 2.991847 
39.132000 2.981831 
39.133000 2.971472 
39.134000 2.961055 
39.135000 2.950843 
39.136000 2.941406 
39.137000 2.931253 
39.138000 2.920375 
39.139000 2.909732 
39.140000 2.898835 
39.141000 2.888653 
39.142000 2.875991 
39.143000 2.863182 
39.144000 2.850237 
39.145000 2.837840 
39.146000 2.825345 
39.147000 2.811360 
39.148000 2.796631 
39.149000 2.782754 
39.150000 2.770906 
39.151000 2.755912 
39.152000 2.740222 
39.153000 2.725816 
39.154000 2.710498 
39.155000 2.695132 
39.156000 2.678727 
39.157000 2.663008 
39.158000 2.646308 
39.159000 2.628188 
39.160000 2.611166 
39.161000 2.593300 
39.162000 2.574817 
39.163000 2.556511 
39.164000 2.537136 
39.165000 2.518526 
39.166000 2.498181 
39.167000 2.477964 
39.168000 2.458452 
39.169000 2.436755 
39.170000 2.415744 
39.171000 2.394546 
39.172000 2.373192 
39.173000 2.349947 
39.174000 2.326858 
39.175000 2.303710 
39.176000 2.280171 
39.177000 2.256288 
39.178000 2.232337 
39.179000 2.206465 
39.180000 2.180240 
39.181000 2.153996 
39.182000 2.126820 
39.183000 2.099312 
39.184000 2.069794 
39.185000 2.041893 
39.186000 2.013552 
39.187000 1.984093 
39.188000 1.954076 
39.189000 1.922823 
39.190000 1.892639 
39.191000 1.860770 
39.192000 1.829586 
39.193000 1.799059 
39.194000 1.766533 
39.195000 1.732801 
39.196000 1.697727 
39.197000 1.663270 
39.198000 1.627167 
39.199000 1.589251 
39.200000 1.553040 
39.201000 1.512968 
39.202000 1.474444 
39.203000 1.434725 
39.204000 1.396250 
39.205000 1.354512 
39.206000 1.313910 
39.207000 1.272988 
39.208000 1.231370 
39.209000 1.189017 
39.210000 1.145107 
39.211000 1.099869 
39.212000 1.055041 
39.213000 1.007825 
39.214000 0.959272 
39.215000 0.910530 
39.216000 0.861911 
39.217000 0.810835 
39.218000 0.760578 
39.219000 0.711406 
39.220000 0.661852 
39.221000 0.610065 
39.222000 0.557136 
39.223000 0.502170 
39.224000 0.446351 
39.225000 0.389358 
39.226000 0.331592 
39.227000 0.273484 
39.228000 0.216333 
39.229000 0.156151 
39.230000 0.097781 
39.231000 0.039528 
39.232000 -0.020411 
39.233000 -0.083311 
39.234000 -0.148130 
39.235000 -0.213082 
39.236000 -0.278807 
39.237000 -0.344148 
39.238000 -0.410167 
39.239000 -0.474934 
39.240000 -0.543551 
39.241000 -0.607150 
39.242000 -0.671469 
39.243000 -0.740146 
39.244000 -0.810955 
39.245000 -0.881987 
39.246000 -0.956369 
39.247000 -1.030284 
39.248000 -1.102516 
39.249000 -1.172499 
39.250000 -1.243792 
39.251000 -1.314475 
39.252000 -1.385576 
39.253000 -1.455781 
39.254000 -1.526320 
39.255000 -1.603457 
39.256000 -1.680571 
39.257000 -1.760003 
39.258000 -1.838486 
39.259000 -1.916906 
39.260000 -1.995821 
39.261000 -2.071972 
39.262000 -2.147257 
39.263000 -2.223847 
39.264000 -2.303455 
39.265000 -2.379186 
39.266000 -2.458370 
39.267000 -2.540660 
39.268000 -2.624451 
39.269000 -2.714554 
39.270000 -2.805972 
39.271000 -2.894233 
39.272000 -2.974323 
39.273000 -3.061755 
39.274000 -3.151157 
39.275000 -3.243659 
39.276000 -3.340363 
39.277000 -3.436694 
39.278000 -3.526919 
39.279000 -3.616822 
39.280000 -3.710780 
39.281000 -3.798580 
39.282000 -3.897655 
39.283000 -3.998589 
39.284000 -4.104979 
39.285000 -4.216851 
39.286000 -4.328698 
39.287000 -4.438707 
39.288000 -4.544060 
39.289000 -4.651263 
39.290000 -4.757481 
39.291000 -4.863394 
39.292000 -4.964186 
39.293000 -5.054412 
39.294000 -5.148766 
39.295000 -5.241144 
39.296000 -5.347086 
39.297000 -5.448272 
39.298000 -5.551373 
39.299000 -5.650883 
39.300000 -5.747918 
39.301000 -5.841310 
39.302000 -5.940093 
39.303000 -6.041979 
39.304000 -6.127404 
39.305000 -6.206947 
39.306000 -6.285084 
39.307000 -6.364872 
39.308000 -6.443517 
39.309000 -6.533741 
39.310000 -6.580619 
39.311000 -6.655877 
39.312000 -6.724842 
39.313000 -6.801313 
39.314000 -6.864359 
39.315000 -6.942807 
39.316000 -7.008772 
39.317000 -7.072035 
39.318000 -7.129353 
39.319000 -7.174701 
39.320000 -7.218659 
39.321000 -7.260384 
39.322000 -7.297129 
39.323000 -7.357029 
39.324000 -7.407353 
39.325000 -7.452560 
39.326000 -7.506099 
39.327000 -7.564174 
39.328000 -7.629494 
39.329000 -7.695594 
39.330000 -7.739324 
39.331000 -7.778263 
39.332000 -7.819111 
39.333000 -7.860284 
39.334000 -7.899188 
39.335000 -7.933220 
39.336000 -7.967274 
39.337000 -7.998470 
39.338000 -8.027597 
39.339000 -8.053186 
39.340000 -8.077099 
39.341000 -8.099981 
39.342000 -8.119762 
39.343000 -8.140174 
39.344000 -8.159696 
39.345000 -8.178000 
39.346000 -8.195495 
39.347000 -8.213630 
39.348000 -8.236657 
39.349000 -8.240413 
39.350000 -8.246806 
39.351000 -8.254019 
39.352000 -8.257581 
39.353000 -8.259783 
39.354000 -8.256593 
39.355000 -8.249451 
39.356000 -8.233435 
39.357000 -8.211671 
39.358000 -8.193931 
39.359000 -8.171025 
39.360000 -8.114716 
39.361000 -8.067455 
39.362000 -8.021103 
39.363000 -7.968686 
39.364000 -7.915441 
39.365000 -7.860501 
39.366000 -7.808556 
39.367000 -7.756845 
39.368000 -7.704204 
39.369000 -7.649368 
39.370000 -7.604017 
39.371000 -7.565679 
39.372000 -7.526207 
39.373000 -7.483027 
39.374000 -7.449372 
39.375000 -7.421014 
39.376000 -7.370862 
39.377000 -7.321124 
39.378000 -7.272554 
39.379000 -7.229360 
39.380000 -7.194919 
39.381000 -7.160544 
39.382000 -7.135242 
39.383000 -7.075790 
39.384000 -7.035703 
39.385000 -7.003397 
39.386000 -6.978913 
39.387000 -6.947602 
39.388000 -6.913820 
39.389000 -6.883414 
39.390000 -6.853483 
39.391000 -6.813074 
39.392000 -6.784652 
39.393000 -6.770354 
39.394000 -6.756052 
39.395000 -6.748913 
39.396000 -6.745534 
39.397000 -6.734473 
39.398000 -6.719606 
39.399000 -6.708743 
39.400000 -6.702642 
39.401000 -6.696337 
39.402000 -6.690501 
39.403000 -6.691744 
39.404000 -6.692558 
39.405000 -6.698006 
39.406000 -6.708734 
39.407000 -6.714883 
39.408000 -6.720221 
39.409000 -6.722902 
39.410000 -6.728250 
39.411000 -6.736958 
39.412000 -6.745132 
39.413000 -6.755018 
39.414000 -6.766917 
39.415000 -6.779030 
39.416000 -6.793476 
39.417000 -6.807230 
39.418000 -6.821523 
39.419000 -6.837668 
39.420000 -6.854976 
39.421000 -6.868434 
39.422000 -6.883541 
39.423000 -6.900614 
39.424000 -6.917612 
39.425000 -6.934558 
39.426000 -6.953613 
39.427000 -6.974043 
39.428000 -6.994932 
39.429000 -7.013134 
39.430000 -7.032814 
39.431000 -7.052582 
39.432000 -7.069821 
39.433000 -7.087427 
39.434000 -7.105825 
39.435000 -7.124646 
39.436000 -7.142832 
39.437000 -7.162502 
39.438000 -7.183203 
39.439000 -7.206203 
39.440000 -7.221507 
39.441000 -7.240453 
39.442000 -7.261216 
39.443000 -7.280245 
39.444000 -7.295895 
39.445000 -7.313774 
39.446000 -7.328114 
39.447000 -7.345907 
39.448000 -7.366643 
39.449000 -7.387471 
39.450000 -7.404812 
39.451000 -7.426134 
39.452000 -7.445039 
39.453000 -7.463920 
39.454000 -7.466110 
39.455000 -7.475469 
39.456000 -7.480901 
39.457000 -7.496811 
39.458000 -7.514301 
39.459000 -7.536005 
39.460000 -7.563632 
39.461000 -7.582041 
39.462000 -7.595518 
39.463000 -7.604651 
39.464000 -7.616080 
39.465000 -7.628252 
39.466000 -7.639153 
39.467000 -7.649429 
39.468000 -7.659959 
39.469000 -7.673523 
39.470000 -7.683183 
39.471000 -7.693437 
39.472000 -7.703145 
39.473000 -7.714302 
39.474000 -7.768361 
39.475000 -7.789035 
39.476000 -7.802081 
39.477000 -7.812693 
39.478000 -7.822169 
39.479000 -7.830685 
39.480000 -7.838233 
39.481000 -7.846659 
39.482000 -7.853727 
39.483000 -7.860771 
39.484000 -7.866763 
39.485000 -7.873032 
39.486000 -7.879562 
39.487000 -7.885478 
39.488000 -7.890790 
39.489000 -7.895833 
39.490000 -7.901802 
39.491000 -7.907353 
39.492000 -7.913231 
39.493000 -7.920499 
39.494000 -7.926007 
39.495000 -7.932014 
39.496000 -7.937296 
39.497000 -7.943243 
39.498000 -7.949374 
39.499000 -7.954696 
39.500000 -7.960723 
39.501000 -7.966645 
39.502000 -7.972735 
39.503000 -7.979433 
39.504000 -7.986313 
39.505000 -7.992022 
39.506000 -8.003162 
39.507000 -8.018140 
39.508000 -8.023902 
39.509000 -8.030347 
39.510000 -8.037429 
39.511000 -8.049549 
39.512000 -8.054837 
39.513000 -8.060116 
39.514000 -8.065688 
39.515000 -8.071745 
39.516000 -8.078348 
39.517000 -8.082926 
39.518000 -8.086991 
39.519000 -8.091002 
39.520000 -8.095558 
39.521000 -8.096696 
39.522000 -8.101876 
39.523000 -8.108874 
39.524000 -8.143883 
39.525000 -8.160317 
39.526000 -8.166749 
39.527000 -8.172798 
39.528000 -8.181874 
39.529000 -8.188846 
39.530000 -8.194476 
39.531000 -8.200632 
39.532000 -8.206740 
39.533000 -8.212575 
39.534000 -8.217978 
39.535000 -8.223136 
39.536000 -8.228257 
39.537000 -8.233322 
39.538000 -8.238430 
39.539000 -8.243519 
39.540000 -8.248730 
39.541000 -8.253707 
39.542000 -8.259249 
39.543000 -8.263339 
39.544000 -8.267975 
39.545000 -8.272664 
39.546000 -8.277226 
39.547000 -8.282019 
39.548000 -8.286739 
39.549000 -8.291398 
39.550000 -8.295903 
39.551000 -8.300627 
39.552000 -8.305256 
39.553000 -8.309714 
39.554000 -8.314423 
39.555000 -8.318611 
39.556000 -8.322977 
39.557000 -8.327522 
39.558000 -8.331871 
39.559000 -8.336243 
39.560000 -8.340386 
39.561000 -8.344720 
39.562000 -8.348994 
39.563000 -8.353152 
39.564000 -8.357229 
39.565000 -8.361172 
39.566000 -8.365083 
39.567000 -8.368932 
39.568000 -8.372621 
39.569000 -8.376336 
39.570000 -8.379922 
39.571000 -8.383361 
39.572000 -8.386695 
39.573000 -8.389962 
39.574000 -8.393180 
39.575000 -8.396200 
39.576000 -8.399200 
39.577000 -8.402158 
39.578000 -8.404999 
39.579000 -8.407805 
39.580000 -8.410653 
39.581000 -8.412897 
39.582000 -8.415489 
39.583000 -8.417976 
39.584000 -8.420372 
39.585000 -8.422524 
39.586000 -8.424809 
39.587000 -8.427147 
39.588000 -8.429329 
39.589000 -8.431501 
39.590000 -8.433650 
39.591000 -8.435777 
39.592000 -8.437096 
39.593000 -8.438298 
39.594000 -8.440078 
39.595000 -8.441758 
39.596000 -8.443531 
39.597000 -8.445298 
39.598000 -8.447023 
39.599000 -8.448611 
39.600000 -8.450291 
39.601000 -8.451729 
39.602000 -8.453356 
39.603000 -8.455758 
39.604000 -8.457560 
39.605000 -8.458568 
39.606000 -8.459753 
39.607000 -8.460917 
39.608000 -8.462199 
39.609000 -8.463337 
39.610000 -8.464425 
39.611000 -8.465490 
39.612000 -8.466426 
39.613000 -8.467173 
39.614000 -8.468086 
39.615000 -8.470023 
39.616000 -8.468944 
39.617000 -8.466831 
39.618000 -8.467137 
39.619000 -8.467826 
39.620000 -8.468465 
39.621000 -8.468998 
39.622000 -8.469460 
39.623000 -8.469777 
39.624000 -8.470084 
39.625000 -8.470316 
39.626000 -8.470405 
39.627000 -8.470134 
39.628000 -8.469393 
39.629000 -8.468555 
39.630000 -8.467549 
39.631000 -8.466662 
39.632000 -8.464916 
39.633000 -8.463640 
39.634000 -8.462185 
39.635000 -8.461152 
39.636000 -8.459673 
39.637000 -8.458334 
39.638000 -8.456920 
39.639000 -8.455392 
39.640000 -8.453818 
39.641000 -8.452170 
39.642000 -8.450509 
39.643000 -8.449012 
39.644000 -8.447304 
39.645000 -8.445647 
39.646000 -8.444058 
39.647000 -8.442227 
39.648000 -8.440318 
39.649000 -8.438361 
39.650000 -8.436257 
39.651000 -8.434088 
39.652000 -8.431162 
39.653000 -8.428004 
39.654000 -8.424755 
39.655000 -8.421348 
39.656000 -8.417864 
39.657000 -8.414233 
39.658000 -8.410616 
39.659000 -8.406943 
39.660000 -8.403250 
39.661000 -8.399429 
39.662000 -8.395425 
39.663000 -8.391317 
39.664000 -8.387225 
39.665000 -8.383052 
39.666000 -8.378769 
39.667000 -8.374339 
39.668000 -8.369860 
39.669000 -8.365275 
39.670000 -8.360567 
39.671000 -8.355753 
39.672000 -8.350726 
39.673000 -8.345614 
39.674000 -8.340248 
39.675000 -8.334759 
39.676000 -8.329503 
39.677000 -8.323938 
39.678000 -8.318067 
39.679000 -8.312014 
39.680000 -8.305764 
39.681000 -8.299416 
39.682000 -8.293559 
39.683000 -8.286467 
39.684000 -8.281780 
39.685000 -8.276831 
39.686000 -8.271297 
39.687000 -8.265177 
39.688000 -8.259098 
39.689000 -8.252757 
39.690000 -8.246114 
39.691000 -8.239451 
39.692000 -8.232346 
39.693000 -8.224836 
39.694000 -8.216826 
39.695000 -8.208263 
39.696000 -8.199367 
39.697000 -8.189894 
39.698000 -8.179959 
39.699000 -8.169612 
39.700000 -8.158763 
39.701000 -8.147386 
39.702000 -8.135907 
39.703000 -8.124140 
39.704000 -8.111880 
39.705000 -8.099294 
39.706000 -8.086497 
39.707000 -8.073423 
39.708000 -8.059882 
39.709000 -8.045621 
39.710000 -8.031191 
39.711000 -8.016611 
39.712000 -8.001582 
39.713000 -7.986414 
39.714000 -7.971042 
39.715000 -7.955650 
39.716000 -7.940487 
39.717000 -7.924247 
39.718000 -7.906948 
39.719000 -7.889241 
39.720000 -7.871807 
39.721000 -7.854171 
39.722000 -7.837218 
39.723000 -7.819024 
39.724000 -7.800163 
39.725000 -7.781679 
39.726000 -7.764648 
39.727000 -7.744374 
39.728000 -7.724007 
39.729000 -7.704083 
39.730000 -7.684122 
39.731000 -7.664010 
39.732000 -7.644089 
39.733000 -7.624196 
39.734000 -7.604077 
39.735000 -7.584131 
39.736000 -7.564109 
39.737000 -7.543954 
39.738000 -7.524208 
39.739000 -7.503908 
39.740000 -7.483797 
39.741000 -7.463852 
39.742000 -7.443732 
39.743000 -7.423717 
39.744000 -7.403987 
39.745000 -7.382836 
39.746000 -7.363633 
39.747000 -7.343808 
39.748000 -7.324738 
39.749000 -7.304152 
39.750000 -7.284380 
39.751000 -7.265615 
39.752000 -7.246584 
39.753000 -7.225811 
39.754000 -7.205458 
39.755000 -7.186417 
39.756000 -7.168254 
39.757000 -7.148613 
39.758000 -7.129903 
39.759000 -7.111419 
39.760000 -7.091669 
39.761000 -7.072502 
39.762000 -7.053362 
39.763000 -7.034382 
39.764000 -7.016789 
39.765000 -6.998972 
39.766000 -6.980825 
39.767000 -6.962558 
39.768000 -6.944041 
39.769000 -6.925195 
39.770000 -6.905892 
39.771000 -6.887330 
39.772000 -6.868969 
39.773000 -6.851139 
39.774000 -6.831754 
39.775000 -6.813995 
39.776000 -6.795382 
39.777000 -6.777803 
39.778000 -6.757246 
39.779000 -6.737618 
39.780000 -6.718138 
39.781000 -6.697867 
39.782000 -6.679049 
39.783000 -6.661323 
39.784000 -6.644273 
39.785000 -6.623555 
39.786000 -6.603331 
39.787000 -6.583941 
39.788000 -6.564711 
39.789000 -6.546185 
39.790000 -6.526979 
39.791000 -6.508101 
39.792000 -6.488384 
39.793000 -6.467994 
39.794000 -6.448119 
39.795000 -6.428968 
39.796000 -6.409460 
39.797000 -6.389704 
39.798000 -6.371322 
39.799000 -6.351726 
39.800000 -6.332136 
39.801000 -6.311923 
39.802000 -6.289688 
39.803000 -6.274518 
39.804000 -6.258147 
39.805000 -6.238620 
39.806000 -6.218445 
39.807000 -6.198379 
39.808000 -6.178847 
39.809000 -6.159056 
39.810000 -6.140959 
39.811000 -6.120022 
39.812000 -6.099642 
39.813000 -6.081866 
39.814000 -6.063136 
39.815000 -6.044146 
39.816000 -6.024145 
39.817000 -6.003973 
39.818000 -5.982822 
39.819000 -5.961005 
39.820000 -5.940436 
39.821000 -5.920119 
39.822000 -5.899920 
39.823000 -5.879403 
39.824000 -5.858294 
39.825000 -5.835216 
39.826000 -5.815561 
39.827000 -5.794070 
39.828000 -5.769398 
39.829000 -5.747364 
39.830000 -5.740137 
39.831000 -5.722235 
39.832000 -5.701906 
39.833000 -5.680206 
39.834000 -5.658806 
39.835000 -5.639107 
39.836000 -5.618604 
39.837000 -5.598547 
39.838000 -5.577590 
39.839000 -5.556221 
39.840000 -5.536280 
39.841000 -5.513314 
39.842000 -5.490292 
39.843000 -5.467550 
39.844000 -5.444745 
39.845000 -5.426783 
39.846000 -5.405548 
39.847000 -5.384334 
39.848000 -5.364039 
39.849000 -5.343060 
39.850000 -5.322483 
39.851000 -5.302082 
39.852000 -5.281790 
39.853000 -5.261637 
39.854000 -5.239788 
39.855000 -5.219814 
39.856000 -5.200375 
39.857000 -5.179223 
39.858000 -5.160674 
39.859000 -5.141726 
39.860000 -5.121075 
39.861000 -5.101821 
39.862000 -5.081290 
39.863000 -5.061731 
39.864000 -5.042321 
39.865000 -5.022263 
39.866000 -5.004873 
39.867000 -4.986490 
39.868000 -4.968175 
39.869000 -4.950197 
39.870000 -4.931591 
39.871000 -4.913703 
39.872000 -4.897209 
39.873000 -4.879449 
39.874000 -4.862338 
39.875000 -4.846039 
39.876000 -4.828255 
39.877000 -4.811492 
39.878000 -4.795496 
39.879000 -4.780482 
39.880000 -4.766948 
39.881000 -4.751488 
39.882000 -4.735565 
39.883000 -4.719172 
39.884000 -4.703340 
39.885000 -4.688280 
39.886000 -4.673668 
39.887000 -4.658677 
39.888000 -4.644109 
39.889000 -4.630693 
39.890000 -4.616585 
39.891000 -4.603148 
39.892000 -4.588669 
39.893000 -4.574942 
39.894000 -4.561003 
39.895000 -4.547855 
39.896000 -4.534816 
39.897000 -4.521715 
39.898000 -4.509236 
39.899000 -4.495557 
39.900000 -4.484229 
39.901000 -4.465925 
39.902000 -4.454256 
39.903000 -4.444291 
39.904000 -4.428846 
39.905000 -4.416884 
39.906000 -4.405334 
39.907000 -4.391174 
39.908000 -4.378428 
39.909000 -4.365343 
39.910000 -4.352235 
39.911000 -4.339184 
39.912000 -4.325915 
39.913000 -4.311695 
39.914000 -4.296677 
39.915000 -4.283497 
39.916000 -4.268931 
39.917000 -4.256023 
39.918000 -4.244581 
39.919000 -4.230793 
39.920000 -4.215456 
39.921000 -4.202072 
39.922000 -4.187476 
39.923000 -4.174106 
39.924000 -4.158914 
39.925000 -4.144119 
39.926000 -4.129474 
39.927000 -4.114841 
39.928000 -4.100895 
39.929000 -4.087174 
39.930000 -4.071069 
39.931000 -4.054333 
39.932000 -4.046786 
39.933000 -4.032944 
39.934000 -4.018652 
39.935000 -4.004029 
39.936000 -3.989251 
39.937000 -3.974318 
39.938000 -3.958687 
39.939000 -3.944906 
39.940000 -3.929397 
39.941000 -3.914927 
39.942000 -3.900140 
39.943000 -3.885238 
39.944000 -3.870184 
39.945000 -3.854768 
39.946000 -3.838209 
39.947000 -3.824189 
39.948000 -3.809482 
39.949000 -3.795533 
39.950000 -3.781200 
39.951000 -3.766863 
39.952000 -3.752733 
39.953000 -3.738622 
39.954000 -3.724153 
39.955000 -3.710742 
39.956000 -3.696490 
39.957000 -3.682288 
39.958000 -3.668161 
39.959000 -3.652920 
39.960000 -3.638701 
39.961000 -3.625308 
39.962000 -3.613039 
39.963000 -3.600248 
39.964000 -3.587083 
39.965000 -3.573750 
39.966000 -3.561413 
39.967000 -3.548446 
39.968000 -3.534424 
39.969000 -3.521202 
39.970000 -3.508659 
39.971000 -3.495676 
39.972000 -3.483918 
39.973000 -3.473023 
39.974000 -3.458636 
39.975000 -3.445622 
39.976000 -3.433480 
39.977000 -3.421473 
39.978000 -3.409319 
39.979000 -3.395286 
39.980000 -3.384135 
39.981000 -3.372261 
39.982000 -3.358796 
39.983000 -3.346836 
39.984000 -3.335134 
39.985000 -3.322616 
39.986000 -3.311053 
39.987000 -3.299125 
39.988000 -3.287909 
39.989000 -3.276898 
39.990000 -3.265411 
39.991000 -3.254006 
39.992000 -3.242906 
39.993000 -3.231079 
39.994000 -3.219558 
39.995000 -3.208305 
39.996000 -3.197584 
39.997000 -3.185751 
39.998000 -3.174342 
39.999000 -3.162995 
40.000000 -3.152811 
40.001000 -3.142084 
40.002000 -3.130957 
40.003000 -3.119956 
40.004000 -3.108809 
40.005000 -3.098344 
40.006000 -3.087416 
40.007000 -3.076860 
40.008000 -3.066391 
40.009000 -3.055957 
40.010000 -3.045189 
40.011000 -3.035007 
40.012000 -3.025281 
40.013000 -3.015445 
40.014000 -3.005246 
40.015000 -2.995090 
40.016000 -2.985473 
40.017000 -2.975491 
40.018000 -2.965501 
40.019000 -2.955686 
40.020000 -2.945989 
40.021000 -2.936465 
40.022000 -2.927375 
40.023000 -2.917077 
40.024000 -2.907436 
40.025000 -2.898509 
40.026000 -2.888571 
40.027000 -2.879418 
40.028000 -2.871137 
40.029000 -2.863232 
40.030000 -2.852727 
40.031000 -2.843900 
40.032000 -2.835464 
40.033000 -2.826592 
40.034000 -2.817560 
40.035000 -2.808581 
40.036000 -2.800156 
40.037000 -2.791491 
40.038000 -2.783683 
40.039000 -2.774939 
40.040000 -2.766930 
40.041000 -2.758782 
40.042000 -2.750940 
40.043000 -2.741987 
40.044000 -2.733898 
40.045000 -2.725961 
40.046000 -2.718282 
40.047000 -2.710163 
40.048000 -2.702028 
40.049000 -2.694461 
40.050000 -2.686770 
40.051000 -2.679029 
40.052000 -2.671367 
40.053000 -2.664134 
40.054000 -2.656479 
40.055000 -2.649032 
40.056000 -2.641660 
40.057000 -2.634716 
40.058000 -2.626983 
40.059000 -2.620310 
40.060000 -2.612179 
40.061000 -2.604712 
40.062000 -2.597701 
40.063000 -2.591159 
40.064000 -2.584337 
40.065000 -2.577161 
40.066000 -2.569548 
40.067000 -2.562483 
40.068000 -2.555166 
40.069000 -2.548917 
40.070000 -2.541950 
40.071000 -2.534833 
40.072000 -2.528007 
40.073000 -2.523152 
40.074000 -2.516245 
40.075000 -2.510146 
40.076000 -2.500638 
40.077000 -2.494223 
40.078000 -2.487291 
40.079000 -2.481287 
40.080000 -2.474805 
40.081000 -2.469061 
40.082000 -2.461873 
40.083000 -2.455754 
40.084000 -2.449173 
40.085000 -2.443097 
40.086000 -2.437078 
40.087000 -2.431210 
40.088000 -2.425485 
40.089000 -2.419355 
40.090000 -2.413079 
40.091000 -2.407098 
40.092000 -2.401511 
40.093000 -2.394983 
40.094000 -2.386323 
40.095000 -2.385713 
40.096000 -2.381332 
40.097000 -2.376051 
40.098000 -2.370652 
40.099000 -2.365572 
40.100000 -2.361714 
40.101000 -2.356136 
40.102000 -2.350342 
40.103000 -2.345814 
40.104000 -2.341563 
40.105000 -2.336824 
40.106000 -2.331919 
40.107000 -2.327049 
40.108000 -2.321225 
40.109000 -2.318513 
40.110000 -2.314353 
40.111000 -2.309794 
40.112000 -2.305845 
40.113000 -2.301506 
40.114000 -2.297097 
40.115000 -2.293824 
40.116000 -2.290471 
40.117000 -2.287132 
40.118000 -2.283413 
40.119000 -2.280280 
40.120000 -2.276456 
40.121000 -2.272383 
40.122000 -2.268844 
40.123000 -2.265112 
40.124000 -2.261391 
40.125000 -2.257959 
40.126000 -2.254408 
40.127000 -2.251224 
40.128000 -2.248368 
40.129000 -2.244465 
40.130000 -2.242099 
40.131000 -2.238591 
40.132000 -2.234890 
40.133000 -2.231260 
40.134000 -2.228024 
40.135000 -2.225023 
40.136000 -2.220919 
40.137000 -2.218348 
40.138000 -2.215270 
40.139000 -2.212106 
40.140000 -2.208323 
40.141000 -2.205947 
40.142000 -2.203111 
40.143000 -2.199955 
40.144000 -2.196965 
40.145000 -2.193668 
40.146000 -2.190431 
40.147000 -2.186906 
40.148000 -2.182998 
40.149000 -2.179792 
40.150000 -2.176675 
40.151000 -2.173549 
40.152000 -2.169906 
40.153000 -2.166394 
40.154000 -2.163500 
40.155000 -2.160308 
40.156000 -2.156809 
40.157000 -2.152772 
40.158000 -2.148583 
40.159000 -2.146337 
40.160000 -2.142579 
40.161000 -2.139229 
40.162000 -2.136914 
40.163000 -2.134108 
40.164000 -2.125892 
40.165000 -2.122329 
40.166000 -2.118678 
40.167000 -2.114979 
40.168000 -2.111302 
40.169000 -2.107452 
40.170000 -2.104051 
40.171000 -2.100205 
40.172000 -2.096767 
40.173000 -2.093146 
40.174000 -2.090921 
40.175000 -2.087374 
40.176000 -2.083346 
40.177000 -2.079765 
40.178000 -2.076362 
40.179000 -2.072510 
40.180000 -2.069596 
40.181000 -2.066460 
40.182000 -2.063053 
40.183000 -2.061097 
40.184000 -2.058470 
40.185000 -2.055621 
40.186000 -2.053822 
40.187000 -2.051679 
40.188000 -2.049779 
40.189000 -2.047942 
40.190000 -2.043173 
40.191000 -2.041063 
40.192000 -2.040203 
40.193000 -2.038512 
40.194000 -2.035751 
40.195000 -2.034061 
40.196000 -2.031922 
40.197000 -2.030050 
40.198000 -2.028910 
40.199000 -2.027120 
40.200000 -2.025454 
40.201000 -2.027346 
40.202000 -2.027335 
40.203000 -2.027087 
40.204000 -2.028704 
40.205000 -2.027416 
40.206000 -2.028036 
40.207000 -2.028104 
40.208000 -2.028394 
40.209000 -2.029142 
40.210000 -2.029126 
40.211000 -2.029272 
40.212000 -2.029189 
40.213000 -2.029499 
40.214000 -2.029059 
40.215000 -2.029661 
40.216000 -2.029610 
40.217000 -2.029774 
40.218000 -2.029695 
40.219000 -2.029084 
40.220000 -2.028990 
40.221000 -2.028690 
40.222000 -2.027806 
40.223000 -2.027756 
40.224000 -2.026092 
40.225000 -2.024329 
40.226000 -2.021422 
40.227000 -2.029839 
40.228000 -2.030571 
40.229000 -2.030313 
40.230000 -2.030469 
40.231000 -2.031188 
40.232000 -2.031358 
40.233000 -2.031375 
40.234000 -2.031258 
40.235000 -2.031093 
40.236000 -2.031193 
40.237000 -2.030797 
40.238000 -2.030148 
40.239000 -2.029536 
40.240000 -2.028994 
40.241000 -2.028397 
40.242000 -2.027555 
40.243000 -2.026665 
40.244000 -2.025273 
40.245000 -2.024092 
40.246000 -2.022799 
40.247000 -2.021269 
40.248000 -2.019701 
40.249000 -2.018412 
40.250000 -2.016684 
40.251000 -2.014996 
40.252000 -2.013178 
40.253000 -2.010776 
40.254000 -2.007818 
40.255000 -2.005733 
40.256000 -2.003432 
40.257000 -2.000970 
40.258000 -1.998248 
40.259000 -1.995615 
40.260000 -1.994771 
40.261000 -1.990739 
40.262000 -1.987953 
40.263000 -1.985230 
40.264000 -1.982384 
40.265000 -1.979664 
40.266000 -1.977097 
40.267000 -1.974082 
40.268000 -1.971088 
40.269000 -1.967500 
40.270000 -1.965796 
40.271000 -1.962778 
40.272000 -1.959778 
40.273000 -1.956426 
40.274000 -1.953292 
40.275000 -1.950058 
40.276000 -1.946972 
40.277000 -1.943351 
40.278000 -1.940466 
40.279000 -1.936981 
40.280000 -1.933687 
40.281000 -1.930128 
40.282000 -1.926647 
40.283000 -1.923103 
40.284000 -1.919438 
40.285000 -1.916080 
40.286000 -1.912509 
40.287000 -1.909575 
40.288000 -1.906044 
40.289000 -1.902556 
40.290000 -1.899201 
40.291000 -1.895537 
40.292000 -1.891708 
40.293000 -1.887616 
40.294000 -1.883698 
40.295000 -1.879975 
40.296000 -1.875842 
40.297000 -1.872162 
40.298000 -1.868323 
40.299000 -1.864149 
40.300000 -1.860148 
40.301000 -1.856388 
40.302000 -1.852442 
40.303000 -1.848519 
40.304000 -1.844493 
40.305000 -1.840164 
40.306000 -1.836229 
40.307000 -1.832372 
40.308000 -1.828370 
40.309000 -1.824120 
40.310000 -1.819927 
40.311000 -1.815539 
40.312000 -1.811467 
40.313000 -1.807420 
40.314000 -1.803167 
40.315000 -1.798739 
40.316000 -1.794273 
40.317000 -1.790111 
40.318000 -1.785726 
40.319000 -1.781544 
40.320000 -1.777232 
40.321000 -1.772975 
40.322000 -1.768338 
40.323000 -1.764081 
40.324000 -1.759449 
40.325000 -1.755012 
40.326000 -1.750414 
40.327000 -1.745905 
40.328000 -1.741652 
40.329000 -1.737115 
40.330000 -1.732737 
40.331000 -1.728416 
40.332000 -1.723935 
40.333000 -1.719547 
40.334000 -1.714936 
40.335000 -1.710477 
40.336000 -1.706137 
40.337000 -1.701650 
40.338000 -1.696815 
40.339000 -1.692133 
40.340000 -1.687558 
40.341000 -1.682987 
40.342000 -1.678467 
40.343000 -1.674004 
40.344000 -1.669345 
40.345000 -1.664674 
40.346000 -1.659640 
40.347000 -1.654846 
40.348000 -1.650005 
40.349000 -1.645206 
40.350000 -1.640231 
40.351000 -1.635437 
40.352000 -1.630776 
40.353000 -1.625801 
40.354000 -1.620829 
40.355000 -1.615694 
40.356000 -1.610693 
40.357000 -1.605744 
40.358000 -1.600884 
40.359000 -1.596161 
40.360000 -1.591148 
40.361000 -1.585912 
40.362000 -1.580668 
40.363000 -1.575387 
40.364000 -1.570421 
40.365000 -1.565050 
40.366000 -1.559812 
40.367000 -1.554682 
40.368000 -1.549531 
40.369000 -1.544567 
40.370000 -1.539073 
40.371000 -1.533866 
40.372000 -1.528853 
40.373000 -1.523730 
40.374000 -1.517818 
40.375000 -1.512658 
40.376000 -1.507658 
40.377000 -1.501937 
40.378000 -1.496349 
40.379000 -1.490914 
40.380000 -1.485312 
40.381000 -1.479380 
40.382000 -1.473720 
40.383000 -1.467898 
40.384000 -1.462172 
40.385000 -1.456546 
40.386000 -1.450967 
40.387000 -1.445401 
40.388000 -1.439180 
40.389000 -1.433044 
40.390000 -1.427072 
40.391000 -1.421078 
40.392000 -1.415216 
40.393000 -1.409214 
40.394000 -1.403152 
40.395000 -1.396820 
40.396000 -1.391107 
40.397000 -1.384866 
40.398000 -1.378622 
40.399000 -1.372945 
40.400000 -1.366360 
40.401000 -1.360057 
40.402000 -1.353605 
40.403000 -1.347423 
40.404000 -1.340867 
40.405000 -1.334422 
40.406000 -1.328193 
40.407000 -1.321713 
40.408000 -1.315231 
40.409000 -1.308666 
40.410000 -1.302361 
40.411000 -1.295638 
40.412000 -1.288862 
40.413000 -1.281946 
40.414000 -1.276141 
40.415000 -1.269582 
40.416000 -1.262773 
40.417000 -1.255851 
40.418000 -1.249040 
40.419000 -1.241888 
40.420000 -1.235147 
40.421000 -1.228224 
40.422000 -1.221424 
40.423000 -1.214214 
40.424000 -1.207199 
40.425000 -1.200281 
40.426000 -1.192834 
40.427000 -1.185664 
40.428000 -1.178520 
40.429000 -1.171349 
40.430000 -1.164197 
40.431000 -1.156980 
40.432000 -1.149657 
40.433000 -1.142417 
40.434000 -1.135307 
40.435000 -1.128010 
40.436000 -1.119894 
40.437000 -1.112698 
40.438000 -1.105321 
40.439000 -1.097810 
40.440000 -1.090281 
40.441000 -1.082839 
40.442000 -1.075210 
40.443000 -1.067603 
40.444000 -1.059975 
40.445000 -1.052091 
40.446000 -1.044727 
40.447000 -1.037023 
40.448000 -1.029423 
40.449000 -1.021783 
40.450000 -1.014149 
40.451000 -1.006797 
40.452000 -0.999831 
40.453000 -0.989843 
40.454000 -0.982010 
40.455000 -0.974243 
40.456000 -0.966281 
40.457000 -0.958419 
40.458000 -0.950437 
40.459000 -0.942386 
40.460000 -0.934245 
40.461000 -0.926307 
40.462000 -0.918079 
40.463000 -0.909908 
40.464000 -0.901996 
40.465000 -0.893891 
40.466000 -0.885494 
40.467000 -0.876939 
40.468000 -0.869288 
40.469000 -0.861038 
40.470000 -0.852671 
40.471000 -0.844337 
40.472000 -0.835988 
40.473000 -0.827699 
40.474000 -0.819341 
40.475000 -0.809231 
40.476000 -0.802088 
40.477000 -0.793695 
40.478000 -0.785244 
40.479000 -0.776829 
40.480000 -0.768396 
40.481000 -0.759880 
40.482000 -0.751299 
40.483000 -0.742809 
40.484000 -0.734217 
40.485000 -0.725648 
40.486000 -0.717024 
40.487000 -0.708433 
40.488000 -0.699910 
40.489000 -0.691317 
40.490000 -0.682561 
40.491000 -0.673918 
40.492000 -0.665109 
40.493000 -0.656452 
40.494000 -0.647574 
40.495000 -0.639249 
40.496000 -0.630541 
40.497000 -0.621828 
40.498000 -0.612957 
40.499000 -0.604038 
40.500000 -0.595237 
40.501000 -0.586473 
40.502000 -0.577724 
40.503000 -0.568866 
40.504000 -0.560028 
40.505000 -0.551271 
40.506000 -0.542448 
40.507000 -0.533501 
40.508000 -0.524704 
40.509000 -0.515671 
40.510000 -0.506871 
40.511000 -0.498030 
40.512000 -0.489299 
40.513000 -0.480378 
40.514000 -0.471595 
40.515000 -0.462697 
40.516000 -0.453783 
40.517000 -0.444962 
40.518000 -0.436318 
40.519000 -0.427379 
40.520000 -0.418341 
40.521000 -0.409389 
40.522000 -0.400551 
40.523000 -0.391528 
40.524000 -0.382669 
40.525000 -0.373812 
40.526000 -0.364976 
40.527000 -0.356112 
40.528000 -0.347280 
40.529000 -0.338340 
40.530000 -0.329430 
40.531000 -0.320634 
40.532000 -0.311694 
40.533000 -0.302722 
40.534000 -0.292249 
40.535000 -0.284571 
40.536000 -0.275920 
40.537000 -0.267087 
40.538000 -0.258221 
40.539000 -0.249583 
40.540000 -0.240809 
40.541000 -0.232014 
40.542000 -0.223181 
40.543000 -0.214421 
40.544000 -0.205590 
40.545000 -0.196720 
40.546000 -0.187887 
40.547000 -0.179184 
40.548000 -0.170421 
40.549000 -0.161535 
40.550000 -0.152836 
40.551000 -0.144045 
40.552000 -0.135279 
40.553000 -0.126599 
40.554000 -0.117852 
40.555000 -0.109043 
40.556000 -0.100378 
40.557000 -0.091692 
40.558000 -0.082963 
40.559000 -0.074353 
40.560000 -0.065670 
40.561000 -0.056982 
40.562000 -0.048344 
40.563000 -0.040072 
40.564000 -0.031260 
40.565000 -0.022658 
40.566000 -0.014105 
40.567000 -0.005588 
40.568000 0.002625 
40.569000 0.010918 
40.570000 0.019302 
40.571000 0.027660 
40.572000 0.036001 
40.573000 0.044326 
40.574000 0.052550 
40.575000 0.060772 
40.576000 0.069122 
40.577000 0.077370 
40.578000 0.086811 
40.579000 0.093881 
40.580000 0.101948 
40.581000 0.110046 
40.582000 0.118220 
40.583000 0.126314 
40.584000 0.134386 
40.585000 0.142195 
40.586000 0.150123 
40.587000 0.157870 
40.588000 0.165796 
40.589000 0.173694 
40.590000 0.181715 
40.591000 0.189424 
40.592000 0.197228 
40.593000 0.205045 
40.594000 0.212722 
40.595000 0.220424 
40.596000 0.228086 
40.597000 0.235728 
40.598000 0.243439 
40.599000 0.251248 
40.600000 0.258696 
40.601000 0.266285 
40.602000 0.273876 
40.603000 0.281352 
40.604000 0.288818 
40.605000 0.296276 
40.606000 0.303793 
40.607000 0.311364 
40.608000 0.318861 
40.609000 0.326067 
40.610000 0.333559 
40.611000 0.341000 
40.612000 0.348484 
40.613000 0.355863 
40.614000 0.363025 
40.615000 0.371451 
40.616000 0.377839 
40.617000 0.384956 
40.618000 0.392148 
40.619000 0.399341 
40.620000 0.406505 
40.621000 0.413609 
40.622000 0.420699 
40.623000 0.427756 
40.624000 0.434852 
40.625000 0.441939 
40.626000 0.448882 
40.627000 0.455970 
40.628000 0.462912 
40.629000 0.469827 
40.630000 0.476686 
40.631000 0.483569 
40.632000 0.490286 
40.633000 0.497149 
40.634000 0.504176 
40.635000 0.510703 
40.636000 0.517464 
40.637000 0.524082 
40.638000 0.530716 
40.639000 0.537252 
40.640000 0.543739 
40.641000 0.550261 
40.642000 0.556816 
40.643000 0.563260 
40.644000 0.569678 
40.645000 0.576096 
40.646000 0.582558 
40.647000 0.588827 
40.648000 0.596032 
40.649000 0.601645 
40.650000 0.607854 
40.651000 0.614118 
40.652000 0.620391 
40.653000 0.626618 
40.654000 0.632905 
40.655000 0.639007 
40.656000 0.645114 
40.657000 0.651190 
40.658000 0.657403 
40.659000 0.663573 
40.660000 0.669835 
40.661000 0.676238 
40.662000 0.682782 
40.663000 0.689942 
40.664000 0.695268 
40.665000 0.698424 
40.666000 0.704196 
40.667000 0.710007 
40.668000 0.715712 
40.669000 0.721566 
40.670000 0.727674 
40.671000 0.733537 
40.672000 0.739372 
40.673000 0.745158 
40.674000 0.750691 
40.675000 0.756316 
40.676000 0.761864 
40.677000 0.767343 
40.678000 0.772778 
40.679000 0.779050 
40.680000 0.784567 
40.681000 0.790118 
40.682000 0.795980 
40.683000 0.800961 
40.684000 0.806149 
40.685000 0.811551 
40.686000 0.817056 
40.687000 0.822441 
40.688000 0.827589 
40.689000 0.832832 
40.690000 0.838220 
40.691000 0.843542 
40.692000 0.848736 
40.693000 0.853671 
40.694000 0.858943 
40.695000 0.864608 
40.696000 0.869614 
40.697000 0.874612 
40.698000 0.879764 
40.699000 0.885059 
40.700000 0.890135 
40.701000 0.895120 
40.702000 0.899967 
40.703000 0.904837 
40.704000 0.909852 
40.705000 0.914432 
40.706000 0.919388 
40.707000 0.924852 
40.708000 0.929179 
40.709000 0.933881 
40.710000 0.938700 
40.711000 0.943544 
40.712000 0.948400 
40.713000 0.952956 
40.714000 0.958093 
40.715000 0.962799 
40.716000 0.967571 
40.717000 0.972339 
40.718000 0.977335 
40.719000 0.982049 
40.720000 0.986859 
40.721000 0.991441 
40.722000 0.996165 
40.723000 1.000829 
40.724000 1.005385 
40.725000 1.010146 
40.726000 1.014509 
40.727000 1.019149 
40.728000 1.023660 
40.729000 1.028291 
40.730000 1.032840 
40.731000 1.037441 
40.732000 1.042176 
40.733000 1.046779 
40.734000 1.051360 
40.735000 1.056497 
40.736000 1.060071 
40.737000 1.064580 
40.738000 1.069254 
40.739000 1.073745 
40.740000 1.078220 
40.741000 1.082677 
40.742000 1.086924 
40.743000 1.091572 
40.744000 1.095930 
40.745000 1.100435 
40.746000 1.104841 
40.747000 1.109133 
40.748000 1.113561 
40.749000 1.117953 
40.750000 1.122279 
40.751000 1.126671 
40.752000 1.131006 
40.753000 1.135272 
40.754000 1.139454 
40.755000 1.143512 
40.756000 1.147825 
40.757000 1.151982 
40.758000 1.156492 
40.759000 1.160780 
40.760000 1.164943 
40.761000 1.169173 
40.762000 1.173460 
40.763000 1.177374 
40.764000 1.181426 
40.765000 1.185541 
40.766000 1.190054 
40.767000 1.193949 
40.768000 1.197845 
40.769000 1.201685 
40.770000 1.205672 
40.771000 1.209676 
40.772000 1.213658 
40.773000 1.217817 
40.774000 1.222112 
40.775000 1.226425 
40.776000 1.230098 
40.777000 1.233927 
40.778000 1.237778 
40.779000 1.241630 
40.780000 1.245682 
40.781000 1.249296 
40.782000 1.252903 
40.783000 1.256775 
40.784000 1.260679 
40.785000 1.264337 
40.786000 1.268026 
40.787000 1.271635 
40.788000 1.275150 
40.789000 1.278697 
40.790000 1.282294 
40.791000 1.285905 
40.792000 1.289248 
40.793000 1.292756 
40.794000 1.296036 
40.795000 1.299315 
40.796000 1.302702 
40.797000 1.306128 
40.798000 1.309563 
40.799000 1.312675 
40.800000 1.315851 
40.801000 1.319085 
40.802000 1.322074 
40.803000 1.325445 
40.804000 1.328649 
40.805000 1.331707 
40.806000 1.334804 
40.807000 1.337891 
40.808000 1.341095 
40.809000 1.344104 
40.810000 1.346877 
40.811000 1.349494 
40.812000 1.352238 
40.813000 1.355080 
40.814000 1.357922 
40.815000 1.360568 
40.816000 1.363537 
40.817000 1.366027 
40.818000 1.368594 
40.819000 1.371230 
40.820000 1.373700 
40.821000 1.376199 
40.822000 1.378629 
40.823000 1.381197 
40.824000 1.383461 
40.825000 1.385911 
40.826000 1.388116 
40.827000 1.390468 
40.828000 1.393065 
40.829000 1.395338 
40.830000 1.397583 
40.831000 1.399778 
40.832000 1.402042 
40.833000 1.404227 
40.834000 1.406412 
40.835000 1.408441 
40.836000 1.410705 
40.837000 1.412704 
40.838000 1.414576 
40.839000 1.416722 
40.840000 1.418741 
40.841000 1.420417 
40.842000 1.422769 
40.843000 1.424866 
40.844000 1.426600 
40.845000 1.428462 
40.846000 1.430030 
40.847000 1.431971 
40.848000 1.433852 
40.849000 1.435656 
40.850000 1.437175 
40.851000 1.439723 
40.852000 1.440487 
40.853000 1.442084 
40.854000 1.443623 
40.855000 1.445201 
40.856000 1.446514 
40.857000 1.448180 
40.858000 1.449670 
40.859000 1.451365 
40.860000 1.452757 
