Time(s) Pressure(mBar)
36.862000 -0.940075 
36.863000 0.159928 
36.864000 0.812247 
36.865000 1.229091 
36.866000 1.508038 
36.867000 1.699158 
36.868000 1.831762 
36.869000 1.923892 
36.870000 1.987004 
36.871000 2.029271 
36.872000 2.055711 
36.873000 2.066785 
36.874000 2.074312 
36.875000 2.077526 
36.876000 2.077271 
36.877000 2.073322 
36.878000 2.066923 
36.879000 2.058259 
36.880000 2.047705 
36.881000 2.035514 
36.882000 2.021941 
36.883000 2.006878 
36.884000 1.990884 
36.885000 1.974489 
36.886000 1.957535 
36.887000 1.940434 
36.888000 1.922520 
36.889000 1.904292 
36.890000 1.886465 
36.891000 1.868825 
36.892000 1.852322 
36.893000 1.835339 
36.894000 1.818306 
36.895000 1.801127 
36.896000 1.783752 
36.897000 1.765955 
36.898000 1.747668 
36.899000 1.729342 
36.900000 1.711339 
36.901000 1.693503 
36.902000 1.675481 
36.903000 1.657508 
36.904000 1.639672 
36.905000 1.621924 
36.906000 1.604098 
36.907000 1.585997 
36.908000 1.568485 
36.909000 1.551237 
36.910000 1.534273 
36.911000 1.517495 
36.912000 1.500884 
36.913000 1.484538 
36.914000 1.468074 
36.915000 1.451982 
36.916000 1.436185 
36.917000 1.420711 
36.918000 1.405491 
36.919000 1.390576 
36.920000 1.375954 
36.921000 1.361362 
36.922000 1.346819 
36.923000 1.332618 
36.924000 1.318830 
36.925000 1.305254 
36.926000 1.291866 
36.927000 1.278718 
36.928000 1.265825 
36.929000 1.253116 
36.930000 1.240534 
36.931000 1.228239 
36.932000 1.216181 
36.933000 1.204110 
36.934000 1.191813 
36.935000 1.181558 
36.936000 1.170788 
36.937000 1.160113 
36.938000 1.149973 
36.939000 1.140040 
36.940000 1.130217 
36.941000 1.120108 
36.942000 1.110660 
36.943000 1.100565 
36.944000 1.090616 
36.945000 1.080166 
36.946000 1.070804 
36.947000 1.061690 
36.948000 1.053115 
36.949000 1.045520 
36.950000 1.037588 
36.951000 1.030074 
36.952000 1.022823 
36.953000 1.016134 
36.954000 1.008381 
36.955000 1.000174 
36.956000 0.991180 
36.957000 0.984980 
36.958000 0.979545 
36.959000 0.972522 
36.960000 0.966894 
36.961000 0.959482 
36.962000 0.953252 
36.963000 0.948178 
36.964000 0.942846 
36.965000 0.938380 
36.966000 0.933284 
36.967000 0.927830 
36.968000 0.921215 
36.969000 0.917205 
36.970000 0.918410 
36.971000 0.917553 
36.972000 0.915520 
36.973000 0.911790 
36.974000 0.909752 
36.975000 0.910200 
36.976000 0.905341 
36.977000 0.901511 
36.978000 0.901164 
36.979000 0.897456 
36.980000 0.894027 
36.981000 0.892542 
36.982000 0.891321 
36.983000 0.889794 
36.984000 0.889292 
36.985000 0.889769 
36.986000 0.889341 
36.987000 0.888024 
36.988000 0.886298 
36.989000 0.885420 
36.990000 0.885216 
36.991000 0.886737 
36.992000 0.886821 
36.993000 0.886465 
36.994000 0.886651 
36.995000 0.887066 
36.996000 0.887861 
36.997000 0.889490 
36.998000 0.889730 
36.999000 0.890742 
37.000000 0.890584 
37.001000 0.892349 
37.002000 0.893714 
37.003000 0.896059 
37.004000 0.896754 
37.005000 0.898035 
37.006000 0.900332 
37.007000 0.901834 
37.008000 0.903253 
37.009000 0.905995 
37.010000 0.907500 
37.011000 0.908859 
37.012000 0.911452 
37.013000 0.913870 
37.014000 0.915673 
37.015000 0.918263 
37.016000 0.920364 
37.017000 0.922364 
37.018000 0.925134 
37.019000 0.927779 
37.020000 0.929908 
37.021000 0.932492 
37.022000 0.934880 
37.023000 0.937086 
37.024000 0.939967 
37.025000 0.942572 
37.026000 0.945185 
37.027000 0.947654 
37.028000 0.950405 
37.029000 0.952742 
37.030000 0.955650 
37.031000 0.958163 
37.032000 0.961080 
37.033000 0.963500 
37.034000 0.965829 
37.035000 0.968651 
37.036000 0.971337 
37.037000 0.974132 
37.038000 0.976859 
37.039000 0.979625 
37.040000 0.981969 
37.041000 0.984512 
37.042000 0.986757 
37.043000 0.989485 
37.044000 0.992300 
37.045000 0.994817 
37.046000 0.997406 
37.047000 0.999624 
37.048000 1.001686 
37.049000 1.003976 
37.050000 1.006274 
37.051000 1.008660 
37.052000 1.010851 
37.053000 1.013089 
37.054000 1.015289 
37.055000 1.017413 
37.056000 1.019607 
37.057000 1.021543 
37.058000 1.023427 
37.059000 1.025219 
37.060000 1.027356 
37.061000 1.029296 
37.062000 1.031119 
37.063000 1.033025 
37.064000 1.034704 
37.065000 1.036203 
37.066000 1.037880 
37.067000 1.039397 
37.068000 1.040998 
37.069000 1.042536 
37.070000 1.043912 
37.071000 1.045382 
37.072000 1.046744 
37.073000 1.047616 
37.074000 1.049058 
37.075000 1.050286 
37.076000 1.051425 
37.077000 1.052620 
37.078000 1.053612 
37.079000 1.054728 
37.080000 1.055604 
37.081000 1.056566 
37.082000 1.057378 
37.083000 1.058279 
37.084000 1.059012 
37.085000 1.059680 
37.086000 1.060242 
37.087000 1.061005 
37.088000 1.061695 
37.089000 1.062193 
37.090000 1.062583 
37.091000 1.062875 
37.092000 1.063289 
37.093000 1.063583 
37.094000 1.063737 
37.095000 1.063989 
37.096000 1.064137 
37.097000 1.064275 
37.098000 1.064313 
37.099000 1.064311 
37.100000 1.064085 
37.101000 1.064078 
37.102000 1.063943 
37.103000 1.063752 
37.104000 1.063356 
37.105000 1.063079 
37.106000 1.062773 
37.107000 1.062357 
37.108000 1.061900 
37.109000 1.061420 
37.110000 1.060884 
37.111000 1.060283 
37.112000 1.059494 
37.113000 1.059021 
37.114000 1.058321 
37.115000 1.057765 
37.116000 1.057418 
37.117000 1.055846 
37.118000 1.055011 
37.119000 1.053729 
37.120000 1.052690 
37.121000 1.050908 
37.122000 1.050224 
37.123000 1.048565 
37.124000 1.047599 
37.125000 1.046030 
37.126000 1.044779 
37.127000 1.043284 
37.128000 1.042077 
37.129000 1.040170 
37.130000 1.039422 
37.131000 1.037100 
37.132000 1.035993 
37.133000 1.034116 
37.134000 1.032298 
37.135000 1.031124 
37.136000 1.029052 
37.137000 1.027623 
37.138000 1.026200 
37.139000 1.024230 
37.140000 1.023001 
37.141000 1.020911 
37.142000 1.019490 
37.143000 1.017781 
37.144000 1.016026 
37.145000 1.013999 
37.146000 1.012135 
37.147000 1.010037 
37.148000 1.008218 
37.149000 1.006227 
37.150000 1.004214 
37.151000 1.002509 
37.152000 1.000431 
37.153000 0.998513 
37.154000 0.996524 
37.155000 0.994392 
37.156000 0.992191 
37.157000 0.990408 
37.158000 0.988572 
37.159000 0.986647 
37.160000 0.985220 
37.161000 0.983300 
37.162000 0.981309 
37.163000 0.979581 
37.164000 0.977990 
37.165000 0.975955 
37.166000 0.974141 
37.167000 0.972229 
37.168000 0.970208 
37.169000 0.968241 
37.170000 0.966175 
37.171000 0.964072 
37.172000 0.962467 
37.173000 0.960478 
37.174000 0.958969 
37.175000 0.957070 
37.176000 0.954946 
37.177000 0.953146 
37.178000 0.951358 
37.179000 0.949473 
37.180000 0.947692 
37.181000 0.945617 
37.182000 0.944006 
37.183000 0.942669 
37.184000 0.940914 
37.185000 0.938875 
37.186000 0.937215 
37.187000 0.935074 
37.188000 0.933216 
37.189000 0.931169 
37.190000 0.928950 
37.191000 0.926703 
37.192000 0.925249 
37.193000 0.923363 
37.194000 0.921710 
37.195000 0.920497 
37.196000 0.918661 
37.197000 0.916931 
37.198000 0.914807 
37.199000 0.913020 
37.200000 0.911525 
37.201000 0.909253 
37.202000 0.907285 
37.203000 0.905272 
37.204000 0.903520 
37.205000 0.901987 
37.206000 0.900257 
37.207000 0.897899 
37.208000 0.895986 
37.209000 0.894102 
37.210000 0.892579 
37.211000 0.890486 
37.212000 0.888520 
37.213000 0.887272 
37.214000 0.886090 
37.215000 0.884704 
37.216000 0.882799 
37.217000 0.881172 
37.218000 0.879905 
37.219000 0.878424 
37.220000 0.876541 
37.221000 0.874720 
37.222000 0.872867 
37.223000 0.870629 
37.224000 0.868505 
37.225000 0.866937 
37.226000 0.864703 
37.227000 0.863073 
37.228000 0.861452 
37.229000 0.859697 
37.230000 0.857517 
37.231000 0.855568 
37.232000 0.854204 
37.233000 0.851988 
37.234000 0.850001 
37.235000 0.848717 
37.236000 0.846744 
37.237000 0.844758 
37.238000 0.842716 
37.239000 0.840192 
37.240000 0.838440 
37.241000 0.835979 
37.242000 0.834087 
37.243000 0.831944 
37.244000 0.830507 
37.245000 0.827776 
37.246000 0.825880 
37.247000 0.824559 
37.248000 0.822230 
37.249000 0.819889 
37.250000 0.818071 
37.251000 0.816269 
37.252000 0.814207 
37.253000 0.811738 
37.254000 0.809113 
37.255000 0.807053 
37.256000 0.805533 
37.257000 0.802962 
37.258000 0.800809 
37.259000 0.798506 
37.260000 0.795883 
37.261000 0.793904 
37.262000 0.791829 
37.263000 0.788883 
37.264000 0.787053 
37.265000 0.784379 
37.266000 0.782247 
37.267000 0.778867 
37.268000 0.776738 
37.269000 0.774535 
37.270000 0.771934 
37.271000 0.769089 
37.272000 0.766872 
37.273000 0.762660 
37.274000 0.759711 
37.275000 0.757297 
37.276000 0.755427 
37.277000 0.753003 
37.278000 0.749848 
37.279000 0.746509 
37.280000 0.744499 
37.281000 0.742715 
37.282000 0.739875 
37.283000 0.736799 
37.284000 0.735428 
37.285000 0.732310 
37.286000 0.729902 
37.287000 0.726860 
37.288000 0.723750 
37.289000 0.721079 
37.290000 0.718413 
37.291000 0.717005 
37.292000 0.714566 
37.293000 0.712046 
37.294000 0.709471 
37.295000 0.706461 
37.296000 0.703704 
37.297000 0.700761 
37.298000 0.698341 
37.299000 0.694944 
37.300000 0.692440 
37.301000 0.690158 
37.302000 0.687474 
37.303000 0.685026 
37.304000 0.682377 
37.305000 0.678921 
37.306000 0.675947 
37.307000 0.673276 
37.308000 0.670494 
37.309000 0.667848 
37.310000 0.664838 
37.311000 0.662142 
37.312000 0.659207 
37.313000 0.656217 
37.314000 0.652991 
37.315000 0.650024 
37.316000 0.646870 
37.317000 0.643622 
37.318000 0.640245 
37.319000 0.637757 
37.320000 0.634721 
37.321000 0.631897 
37.322000 0.628729 
37.323000 0.625529 
37.324000 0.622464 
37.325000 0.619914 
37.326000 0.616929 
37.327000 0.614376 
37.328000 0.611017 
37.329000 0.607922 
37.330000 0.604386 
37.331000 0.601447 
37.332000 0.597566 
37.333000 0.593767 
37.334000 0.590248 
37.335000 0.586382 
37.336000 0.583361 
37.337000 0.579973 
37.338000 0.576132 
37.339000 0.572743 
37.340000 0.569111 
37.341000 0.565779 
37.342000 0.562761 
37.343000 0.558935 
37.344000 0.555266 
37.345000 0.551526 
37.346000 0.547720 
37.347000 0.543649 
37.348000 0.539550 
37.349000 0.535440 
37.350000 0.531853 
37.351000 0.528142 
37.352000 0.524133 
37.353000 0.520324 
37.354000 0.516179 
37.355000 0.511860 
37.356000 0.507963 
37.357000 0.504170 
37.358000 0.500774 
37.359000 0.496905 
37.360000 0.492786 
37.361000 0.489404 
37.362000 0.484920 
37.363000 0.480624 
37.364000 0.476262 
37.365000 0.471683 
37.366000 0.467444 
37.367000 0.462868 
37.368000 0.458720 
37.369000 0.454921 
37.370000 0.450908 
37.371000 0.446958 
37.372000 0.442620 
37.373000 0.438843 
37.374000 0.434217 
37.375000 0.430034 
37.376000 0.426595 
37.377000 0.421695 
37.378000 0.416894 
37.379000 0.411726 
37.380000 0.407783 
37.381000 0.403764 
37.382000 0.398054 
37.383000 0.393263 
37.384000 0.389145 
37.385000 0.383981 
37.386000 0.380281 
37.387000 0.375978 
37.388000 0.370966 
37.389000 0.366400 
37.390000 0.361060 
37.391000 0.355551 
37.392000 0.351074 
37.393000 0.345846 
37.394000 0.341063 
37.395000 0.336633 
37.396000 0.330866 
37.397000 0.325838 
37.398000 0.320994 
37.399000 0.315657 
37.400000 0.309522 
37.401000 0.303401 
37.402000 0.297872 
37.403000 0.292628 
37.404000 0.286847 
37.405000 0.280828 
37.406000 0.275363 
37.407000 0.269723 
37.408000 0.263593 
37.409000 0.256892 
37.410000 0.250877 
37.411000 0.245488 
37.412000 0.238999 
37.413000 0.232714 
37.414000 0.226309 
37.415000 0.220808 
37.416000 0.214866 
37.417000 0.208466 
37.418000 0.202103 
37.419000 0.195634 
37.420000 0.189369 
37.421000 0.182993 
37.422000 0.176285 
37.423000 0.169822 
37.424000 0.163946 
37.425000 0.157265 
37.426000 0.150861 
37.427000 0.144925 
37.428000 0.138695 
37.429000 0.132144 
37.430000 0.124626 
37.431000 0.117730 
37.432000 0.110692 
37.433000 0.103908 
37.434000 0.096493 
37.435000 0.089301 
37.436000 0.082313 
37.437000 0.076064 
37.438000 0.069361 
37.439000 0.061778 
37.440000 0.054377 
37.441000 0.047222 
37.442000 0.040046 
37.443000 0.032607 
37.444000 0.025247 
37.445000 0.018573 
37.446000 0.011398 
37.447000 0.004494 
37.448000 -0.003008 
37.449000 -0.011075 
37.450000 -0.018191 
37.451000 -0.025681 
37.452000 -0.032615 
37.453000 -0.040251 
37.454000 -0.047929 
37.455000 -0.055268 
37.456000 -0.062307 
37.457000 -0.069958 
37.458000 -0.077351 
37.459000 -0.085155 
37.460000 -0.093419 
37.461000 -0.101162 
37.462000 -0.108264 
37.463000 -0.115079 
37.464000 -0.123186 
37.465000 -0.131294 
37.466000 -0.139449 
37.467000 -0.147438 
37.468000 -0.155241 
37.469000 -0.162642 
37.470000 -0.170686 
37.471000 -0.178605 
37.472000 -0.185559 
37.473000 -0.192823 
37.474000 -0.200548 
37.475000 -0.208544 
37.476000 -0.216499 
37.477000 -0.224329 
37.478000 -0.232421 
37.479000 -0.239994 
37.480000 -0.248664 
37.481000 -0.257363 
37.482000 -0.265565 
37.483000 -0.273922 
37.484000 -0.281655 
37.485000 -0.289138 
37.486000 -0.297013 
37.487000 -0.305233 
37.488000 -0.313339 
37.489000 -0.321625 
37.490000 -0.330560 
37.491000 -0.337958 
37.492000 -0.346240 
37.493000 -0.354248 
37.494000 -0.362348 
37.495000 -0.370737 
37.496000 -0.378620 
37.497000 -0.386265 
37.498000 -0.394104 
37.499000 -0.403360 
37.500000 -0.412176 
37.501000 -0.419666 
37.502000 -0.427547 
37.503000 -0.435125 
37.504000 -0.443630 
37.505000 -0.451154 
37.506000 -0.458734 
37.507000 -0.466217 
37.508000 -0.473521 
37.509000 -0.480922 
37.510000 -0.489002 
37.511000 -0.496779 
37.512000 -0.504424 
37.513000 -0.512168 
37.514000 -0.519321 
37.515000 -0.527068 
37.516000 -0.535218 
37.517000 -0.542950 
37.518000 -0.550778 
37.519000 -0.558777 
37.520000 -0.566894 
37.521000 -0.574132 
37.522000 -0.582064 
37.523000 -0.589092 
37.524000 -0.596294 
37.525000 -0.604108 
37.526000 -0.612044 
37.527000 -0.619624 
37.528000 -0.626363 
37.529000 -0.633879 
37.530000 -0.641778 
37.531000 -0.649653 
37.532000 -0.656969 
37.533000 -0.664993 
37.534000 -0.672078 
37.535000 -0.679319 
37.536000 -0.687013 
37.537000 -0.694730 
37.538000 -0.701998 
37.539000 -0.709523 
37.540000 -0.717438 
37.541000 -0.725293 
37.542000 -0.731697 
37.543000 -0.738682 
37.544000 -0.746330 
37.545000 -0.753956 
37.546000 -0.761635 
37.547000 -0.768832 
37.548000 -0.776104 
37.549000 -0.783526 
37.550000 -0.790772 
37.551000 -0.797647 
37.552000 -0.804753 
37.553000 -0.812671 
37.554000 -0.820053 
37.555000 -0.827842 
37.556000 -0.836121 
37.557000 -0.843744 
37.558000 -0.851714 
37.559000 -0.858699 
37.560000 -0.866665 
37.561000 -0.873966 
37.562000 -0.882303 
37.563000 -0.890085 
37.564000 -0.897919 
37.565000 -0.905098 
37.566000 -0.912437 
37.567000 -0.920439 
37.568000 -0.927881 
37.569000 -0.935151 
37.570000 -0.942591 
37.571000 -0.950371 
37.572000 -0.958028 
37.573000 -0.965845 
37.574000 -0.973340 
37.575000 -0.981605 
37.576000 -0.989918 
37.577000 -0.997442 
37.578000 -1.005336 
37.579000 -1.013156 
37.580000 -1.021130 
37.581000 -1.028481 
37.582000 -1.036664 
37.583000 -1.044377 
37.584000 -1.052494 
37.585000 -1.060444 
37.586000 -1.068838 
37.587000 -1.076633 
37.588000 -1.084956 
37.589000 -1.093446 
37.590000 -1.101825 
37.591000 -1.109517 
37.592000 -1.117913 
37.593000 -1.126088 
37.594000 -1.134285 
37.595000 -1.142249 
37.596000 -1.150130 
37.597000 -1.157616 
37.598000 -1.165986 
37.599000 -1.173933 
37.600000 -1.181811 
37.601000 -1.189668 
37.602000 -1.197913 
37.603000 -1.205943 
37.604000 -1.213150 
37.605000 -1.221322 
37.606000 -1.229459 
37.607000 -1.237784 
37.608000 -1.245852 
37.609000 -1.253559 
37.610000 -1.261688 
37.611000 -1.270612 
37.612000 -1.279051 
37.613000 -1.286950 
37.614000 -1.295176 
37.615000 -1.303865 
37.616000 -1.312256 
37.617000 -1.319591 
37.618000 -1.326741 
37.619000 -1.334776 
37.620000 -1.342972 
37.621000 -1.351080 
37.622000 -1.359275 
37.623000 -1.367404 
37.624000 -1.375862 
37.625000 -1.384101 
37.626000 -1.392223 
37.627000 -1.400743 
37.628000 -1.408888 
37.629000 -1.417170 
37.630000 -1.425461 
37.631000 -1.434006 
37.632000 -1.442392 
37.633000 -1.451385 
37.634000 -1.460231 
37.635000 -1.469082 
37.636000 -1.478106 
37.637000 -1.487066 
37.638000 -1.495851 
37.639000 -1.504927 
37.640000 -1.514177 
37.641000 -1.523412 
37.642000 -1.532014 
37.643000 -1.541165 
37.644000 -1.550293 
37.645000 -1.559675 
37.646000 -1.568753 
37.647000 -1.578141 
37.648000 -1.587090 
37.649000 -1.595912 
37.650000 -1.604869 
37.651000 -1.613819 
37.652000 -1.623276 
37.653000 -1.632374 
37.654000 -1.641509 
37.655000 -1.650657 
37.656000 -1.659698 
37.657000 -1.668826 
37.658000 -1.677968 
37.659000 -1.687290 
37.660000 -1.696278 
37.661000 -1.705345 
37.662000 -1.714442 
37.663000 -1.723297 
37.664000 -1.732177 
37.665000 -1.741265 
37.666000 -1.750812 
37.667000 -1.760117 
37.668000 -1.769169 
37.669000 -1.778681 
37.670000 -1.787849 
37.671000 -1.796716 
37.672000 -1.806177 
37.673000 -1.815259 
37.674000 -1.824102 
37.675000 -1.833090 
37.676000 -1.842096 
37.677000 -1.851289 
37.678000 -1.860395 
37.679000 -1.869489 
37.680000 -1.878823 
37.681000 -1.888021 
37.682000 -1.897016 
37.683000 -1.906313 
37.684000 -1.915748 
37.685000 -1.925210 
37.686000 -1.934339 
37.687000 -1.943462 
37.688000 -1.952922 
37.689000 -1.962233 
37.690000 -1.972088 
37.691000 -1.981653 
37.692000 -1.990699 
37.693000 -1.999707 
37.694000 -2.009370 
37.695000 -2.019069 
37.696000 -2.028307 
37.697000 -2.037790 
37.698000 -2.047270 
37.699000 -2.056685 
37.700000 -2.065819 
37.701000 -2.075311 
37.702000 -2.084559 
37.703000 -2.094111 
37.704000 -2.103664 
37.705000 -2.112944 
37.706000 -2.122101 
37.707000 -2.131632 
37.708000 -2.140917 
37.709000 -2.150590 
37.710000 -2.159715 
37.711000 -2.169053 
37.712000 -2.178657 
37.713000 -2.188205 
37.714000 -2.197563 
37.715000 -2.206672 
37.716000 -2.215684 
37.717000 -2.224802 
37.718000 -2.233800 
37.719000 -2.242553 
37.720000 -2.251383 
37.721000 -2.260489 
37.722000 -2.269536 
37.723000 -2.278331 
37.724000 -2.287276 
37.725000 -2.296289 
37.726000 -2.305085 
37.727000 -2.314173 
37.728000 -2.322938 
37.729000 -2.331778 
37.730000 -2.340461 
37.731000 -2.349521 
37.732000 -2.358345 
37.733000 -2.367552 
37.734000 -2.376512 
37.735000 -2.385427 
37.736000 -2.394271 
37.737000 -2.402801 
37.738000 -2.411575 
37.739000 -2.419998 
37.740000 -2.428676 
37.741000 -2.437221 
37.742000 -2.445924 
37.743000 -2.454632 
37.744000 -2.463363 
37.745000 -2.471951 
37.746000 -2.480550 
37.747000 -2.489303 
37.748000 -2.497942 
37.749000 -2.506454 
37.750000 -2.515296 
37.751000 -2.523720 
37.752000 -2.532766 
37.753000 -2.541761 
37.754000 -2.551087 
37.755000 -2.559933 
37.756000 -2.568735 
37.757000 -2.577213 
37.758000 -2.585898 
37.759000 -2.594601 
37.760000 -2.603250 
37.761000 -2.611985 
37.762000 -2.620753 
37.763000 -2.629070 
37.764000 -2.637414 
37.765000 -2.645818 
37.766000 -2.654946 
37.767000 -2.663675 
37.768000 -2.672224 
37.769000 -2.680482 
37.770000 -2.688804 
37.771000 -2.697150 
37.772000 -2.705680 
37.773000 -2.714082 
37.774000 -2.722335 
37.775000 -2.730489 
37.776000 -2.738418 
37.777000 -2.746737 
37.778000 -2.755208 
37.779000 -2.763438 
37.780000 -2.771830 
37.781000 -2.780256 
37.782000 -2.788744 
37.783000 -2.796881 
37.784000 -2.804910 
37.785000 -2.813182 
37.786000 -2.821462 
37.787000 -2.830111 
37.788000 -2.837379 
37.789000 -2.845260 
37.790000 -2.853131 
37.791000 -2.861183 
37.792000 -2.869189 
37.793000 -2.877434 
37.794000 -2.885318 
37.795000 -2.893290 
37.796000 -2.901377 
37.797000 -2.909149 
37.798000 -2.916956 
37.799000 -2.924762 
37.800000 -2.932573 
37.801000 -2.940366 
37.802000 -2.947885 
37.803000 -2.955364 
37.804000 -2.962983 
37.805000 -2.970465 
37.806000 -2.978153 
37.807000 -2.985403 
37.808000 -2.992830 
37.809000 -3.000564 
37.810000 -3.007999 
37.811000 -3.015187 
37.812000 -3.022640 
37.813000 -3.030287 
37.814000 -3.037877 
37.815000 -3.045429 
37.816000 -3.052758 
37.817000 -3.059968 
37.818000 -3.067248 
37.819000 -3.074659 
37.820000 -3.082023 
37.821000 -3.089354 
37.822000 -3.096590 
37.823000 -3.103847 
37.824000 -3.110971 
37.825000 -3.118165 
37.826000 -3.125507 
37.827000 -3.132821 
37.828000 -3.140069 
37.829000 -3.147267 
37.830000 -3.154251 
37.831000 -3.161222 
37.832000 -3.168205 
37.833000 -3.175173 
37.834000 -3.182337 
37.835000 -3.189123 
37.836000 -3.196054 
37.837000 -3.202824 
37.838000 -3.209533 
37.839000 -3.216373 
37.840000 -3.223332 
37.841000 -3.230558 
37.842000 -3.236992 
37.843000 -3.244167 
37.844000 -3.251589 
37.845000 -3.257744 
37.846000 -3.264578 
37.847000 -3.271585 
37.848000 -3.278524 
37.849000 -3.285757 
37.850000 -3.292662 
37.851000 -3.299527 
37.852000 -3.306606 
37.853000 -3.313258 
37.854000 -3.320063 
37.855000 -3.326609 
37.856000 -3.333576 
37.857000 -3.340576 
37.858000 -3.347428 
37.859000 -3.354480 
37.860000 -3.361586 
37.861000 -3.368365 
37.862000 -3.374712 
37.863000 -3.381558 
37.864000 -3.388387 
37.865000 -3.395333 
37.866000 -3.402227 
37.867000 -3.408664 
37.868000 -3.415349 
37.869000 -3.422272 
37.870000 -3.429143 
37.871000 -3.436077 
37.872000 -3.442858 
37.873000 -3.449506 
37.874000 -3.456107 
37.875000 -3.462429 
37.876000 -3.469095 
37.877000 -3.475757 
37.878000 -3.482519 
37.879000 -3.488970 
37.880000 -3.495396 
37.881000 -3.501861 
37.882000 -3.508344 
37.883000 -3.514899 
37.884000 -3.522127 
37.885000 -3.528632 
37.886000 -3.535252 
37.887000 -3.541752 
37.888000 -3.548056 
37.889000 -3.554425 
37.890000 -3.560821 
37.891000 -3.567274 
37.892000 -3.573806 
37.893000 -3.580269 
37.894000 -3.586837 
37.895000 -3.593422 
37.896000 -3.599782 
37.897000 -3.606213 
37.898000 -3.612785 
37.899000 -3.619285 
37.900000 -3.625427 
37.901000 -3.631704 
37.902000 -3.638021 
37.903000 -3.644340 
37.904000 -3.650628 
37.905000 -3.656613 
37.906000 -3.662723 
37.907000 -3.668999 
37.908000 -3.675291 
37.909000 -3.681459 
37.910000 -3.687925 
37.911000 -3.694349 
37.912000 -3.700633 
37.913000 -3.706642 
37.914000 -3.712732 
37.915000 -3.718960 
37.916000 -3.725528 
37.917000 -3.731480 
37.918000 -3.737784 
37.919000 -3.744005 
37.920000 -3.750053 
37.921000 -3.756150 
37.922000 -3.762428 
37.923000 -3.768726 
37.924000 -3.775022 
37.925000 -3.781271 
37.926000 -3.787540 
37.927000 -3.793650 
37.928000 -3.799784 
37.929000 -3.805878 
37.930000 -3.811756 
37.931000 -3.817585 
37.932000 -3.823610 
37.933000 -3.829347 
37.934000 -3.835181 
37.935000 -3.841167 
37.936000 -3.846970 
37.937000 -3.852862 
37.938000 -3.858679 
37.939000 -3.864520 
37.940000 -3.870151 
37.941000 -3.876078 
37.942000 -3.881885 
37.943000 -3.887747 
37.944000 -3.893222 
37.945000 -3.899098 
37.946000 -3.905011 
37.947000 -3.910923 
37.948000 -3.916608 
37.949000 -3.922210 
37.950000 -3.927869 
37.951000 -3.933749 
37.952000 -3.939780 
37.953000 -3.945503 
37.954000 -3.951055 
37.955000 -3.956682 
37.956000 -3.962338 
37.957000 -3.967995 
37.958000 -3.973430 
37.959000 -3.979082 
37.960000 -3.984599 
37.961000 -3.990159 
37.962000 -3.995808 
37.963000 -4.001334 
37.964000 -4.006807 
37.965000 -4.012319 
37.966000 -4.017867 
37.967000 -4.023566 
37.968000 -4.028949 
37.969000 -4.034275 
37.970000 -4.039635 
37.971000 -4.045022 
37.972000 -4.050319 
37.973000 -4.055706 
37.974000 -4.061089 
37.975000 -4.066360 
37.976000 -4.071410 
37.977000 -4.076664 
37.978000 -4.081979 
37.979000 -4.087132 
37.980000 -4.092342 
37.981000 -4.097501 
37.982000 -4.102651 
37.983000 -4.107596 
37.984000 -4.112637 
37.985000 -4.117755 
37.986000 -4.122889 
37.987000 -4.127907 
37.988000 -4.132934 
37.989000 -4.138006 
37.990000 -4.142812 
37.991000 -4.147731 
37.992000 -4.152571 
37.993000 -4.157475 
37.994000 -4.162324 
37.995000 -4.167282 
37.996000 -4.172043 
37.997000 -4.176840 
37.998000 -4.181703 
37.999000 -4.186562 
38.000000 -4.191309 
38.001000 -4.196037 
38.002000 -4.200642 
38.003000 -4.205185 
38.004000 -4.209844 
38.005000 -4.214437 
38.006000 -4.219032 
38.007000 -4.223524 
38.008000 -4.228146 
38.009000 -4.232646 
38.010000 -4.237172 
38.011000 -4.241592 
38.012000 -4.245920 
38.013000 -4.250484 
38.014000 -4.254856 
38.015000 -4.259249 
38.016000 -4.263614 
38.017000 -4.267949 
38.018000 -4.272154 
38.019000 -4.276421 
38.020000 -4.280645 
38.021000 -4.284957 
38.022000 -4.289161 
38.023000 -4.293289 
38.024000 -4.297566 
38.025000 -4.301852 
38.026000 -4.306063 
38.027000 -4.310031 
38.028000 -4.313958 
38.029000 -4.318113 
38.030000 -4.322155 
38.031000 -4.326248 
38.032000 -4.330623 
38.033000 -4.334728 
38.034000 -4.338664 
38.035000 -4.342545 
38.036000 -4.346308 
38.037000 -4.350166 
38.038000 -4.353888 
38.039000 -4.357619 
38.040000 -4.361307 
38.041000 -4.364926 
38.042000 -4.368641 
38.043000 -4.372248 
38.044000 -4.375866 
38.045000 -4.379177 
38.046000 -4.382966 
38.047000 -4.386582 
38.048000 -4.390003 
38.049000 -4.393560 
38.050000 -4.396959 
38.051000 -4.400358 
38.052000 -4.403768 
38.053000 -4.407094 
38.054000 -4.410353 
38.055000 -4.413661 
38.056000 -4.416899 
38.057000 -4.420028 
38.058000 -4.423167 
38.059000 -4.426200 
38.060000 -4.429319 
38.061000 -4.432361 
38.062000 -4.435038 
38.063000 -4.438290 
38.064000 -4.441266 
38.065000 -4.444178 
38.066000 -4.447082 
38.067000 -4.449973 
38.068000 -4.452730 
38.069000 -4.455557 
38.070000 -4.458354 
38.071000 -4.461040 
38.072000 -4.463856 
38.073000 -4.466662 
38.074000 -4.469294 
38.075000 -4.471857 
38.076000 -4.474276 
38.077000 -4.476743 
38.078000 -4.478682 
38.079000 -4.481423 
38.080000 -4.483825 
38.081000 -4.486309 
38.082000 -4.488694 
38.083000 -4.491076 
38.084000 -4.493311 
38.085000 -4.495649 
38.086000 -4.497960 
38.087000 -4.500114 
38.088000 -4.502258 
38.089000 -4.504482 
38.090000 -4.506782 
38.091000 -4.508864 
38.092000 -4.510981 
38.093000 -4.513129 
38.094000 -4.514667 
38.095000 -4.517129 
38.096000 -4.519151 
38.097000 -4.521130 
38.098000 -4.523069 
38.099000 -4.524929 
38.100000 -4.526733 
38.101000 -4.528482 
38.102000 -4.530307 
38.103000 -4.532127 
38.104000 -4.533804 
38.105000 -4.535562 
38.106000 -4.537245 
38.107000 -4.539081 
38.108000 -4.540716 
38.109000 -4.541623 
38.110000 -4.543957 
38.111000 -4.545437 
38.112000 -4.546946 
38.113000 -4.548423 
38.114000 -4.549934 
38.115000 -4.551421 
38.116000 -4.552753 
38.117000 -4.554118 
38.118000 -4.555484 
38.119000 -4.556876 
38.120000 -4.558233 
38.121000 -4.559562 
38.122000 -4.560865 
38.123000 -4.562335 
38.124000 -4.563018 
38.125000 -4.564772 
38.126000 -4.565982 
38.127000 -4.567158 
38.128000 -4.568446 
38.129000 -4.569776 
38.130000 -4.570989 
38.131000 -4.572005 
38.132000 -4.573052 
38.133000 -4.574173 
38.134000 -4.575164 
38.135000 -4.576047 
38.136000 -4.576945 
38.137000 -4.577831 
38.138000 -4.578988 
38.139000 -4.579285 
38.140000 -4.580912 
38.141000 -4.582008 
38.142000 -4.582905 
38.143000 -4.583666 
38.144000 -4.584550 
38.145000 -4.585387 
38.146000 -4.586411 
38.147000 -4.587293 
38.148000 -4.587983 
38.149000 -4.588537 
38.150000 -4.589129 
38.151000 -4.589883 
38.152000 -4.590552 
38.153000 -4.591183 
38.154000 -4.591033 
38.155000 -4.592387 
38.156000 -4.593066 
38.157000 -4.593641 
38.158000 -4.594305 
38.159000 -4.594720 
38.160000 -4.595124 
38.161000 -4.595791 
38.162000 -4.596347 
38.163000 -4.596867 
38.164000 -4.597265 
38.165000 -4.597613 
38.166000 -4.598102 
38.167000 -4.598535 
38.168000 -4.598952 
38.169000 -4.599437 
38.170000 -4.598576 
38.171000 -4.599574 
38.172000 -4.599891 
38.173000 -4.600083 
38.174000 -4.600334 
38.175000 -4.600564 
38.176000 -4.600847 
38.177000 -4.601008 
38.178000 -4.601307 
38.179000 -4.601331 
38.180000 -4.601382 
38.181000 -4.601482 
38.182000 -4.601559 
38.183000 -4.601788 
38.184000 -4.601754 
38.185000 -4.601840 
38.186000 -4.601921 
38.187000 -4.600931 
38.188000 -4.601737 
38.189000 -4.601730 
38.190000 -4.601664 
38.191000 -4.601612 
38.192000 -4.601441 
38.193000 -4.601466 
38.194000 -4.601350 
38.195000 -4.601131 
38.196000 -4.601042 
38.197000 -4.601043 
38.198000 -4.600754 
38.199000 -4.600301 
38.200000 -4.599944 
38.201000 -4.599741 
38.202000 -4.599509 
38.203000 -4.599017 
38.204000 -4.598651 
38.205000 -4.598201 
38.206000 -4.596768 
38.207000 -4.597346 
38.208000 -4.597081 
38.209000 -4.596749 
38.210000 -4.596258 
38.211000 -4.595798 
38.212000 -4.595237 
38.213000 -4.594683 
38.214000 -4.594022 
38.215000 -4.593511 
38.216000 -4.593012 
38.217000 -4.592455 
38.218000 -4.591856 
38.219000 -4.591122 
38.220000 -4.590492 
38.221000 -4.589771 
38.222000 -4.589014 
38.223000 -4.588392 
38.224000 -4.587791 
38.225000 -4.587028 
38.226000 -4.586320 
38.227000 -4.585458 
38.228000 -4.584701 
38.229000 -4.583845 
38.230000 -4.582042 
38.231000 -4.582105 
38.232000 -4.581284 
38.233000 -4.580495 
38.234000 -4.579447 
38.235000 -4.578622 
38.236000 -4.577724 
38.237000 -4.576762 
38.238000 -4.575629 
38.239000 -4.574491 
38.240000 -4.573460 
38.241000 -4.572542 
38.242000 -4.571306 
38.243000 -4.570142 
38.244000 -4.569014 
38.245000 -4.567991 
38.246000 -4.566791 
38.247000 -4.565605 
38.248000 -4.564372 
38.249000 -4.562974 
38.250000 -4.561607 
38.251000 -4.560208 
38.252000 -4.559165 
38.253000 -4.557947 
38.254000 -4.556717 
38.255000 -4.555451 
38.256000 -4.554485 
38.257000 -4.552668 
38.258000 -4.551117 
38.259000 -4.549707 
38.260000 -4.548097 
38.261000 -4.546572 
38.262000 -4.545220 
38.263000 -4.543663 
38.264000 -4.542161 
38.265000 -4.540597 
38.266000 -4.538960 
38.267000 -4.537291 
38.268000 -4.535584 
38.269000 -4.533897 
38.270000 -4.532332 
38.271000 -4.530561 
38.272000 -4.528830 
38.273000 -4.527106 
38.274000 -4.525393 
38.275000 -4.523508 
38.276000 -4.521559 
38.277000 -4.519434 
38.278000 -4.517672 
38.279000 -4.515782 
38.280000 -4.513845 
38.281000 -4.511750 
38.282000 -4.509818 
38.283000 -4.507777 
38.284000 -4.505801 
38.285000 -4.503699 
38.286000 -4.501693 
38.287000 -4.499621 
38.288000 -4.497428 
38.289000 -4.495333 
38.290000 -4.493009 
38.291000 -4.490769 
38.292000 -4.488538 
38.293000 -4.486245 
38.294000 -4.484074 
38.295000 -4.481877 
38.296000 -4.479375 
38.297000 -4.477013 
38.298000 -4.474734 
38.299000 -4.472355 
38.300000 -4.470059 
38.301000 -4.467664 
38.302000 -4.465249 
38.303000 -4.462818 
38.304000 -4.460208 
38.305000 -4.457645 
38.306000 -4.455010 
38.307000 -4.452445 
38.308000 -4.449812 
38.309000 -4.447140 
38.310000 -4.444412 
38.311000 -4.441762 
38.312000 -4.439003 
38.313000 -4.436316 
38.314000 -4.433569 
38.315000 -4.430649 
38.316000 -4.427750 
38.317000 -4.424957 
38.318000 -4.422062 
38.319000 -4.419175 
38.320000 -4.416213 
38.321000 -4.413149 
38.322000 -4.410140 
38.323000 -4.407198 
38.324000 -4.404247 
38.325000 -4.402164 
38.326000 -4.398062 
38.327000 -4.394722 
38.328000 -4.391590 
38.329000 -4.388354 
38.330000 -4.385310 
38.331000 -4.382037 
38.332000 -4.378867 
38.333000 -4.375532 
38.334000 -4.372240 
38.335000 -4.368872 
38.336000 -4.365430 
38.337000 -4.362029 
38.338000 -4.358689 
38.339000 -4.355201 
38.340000 -4.351674 
38.341000 -4.348181 
38.342000 -4.344633 
38.343000 -4.340987 
38.344000 -4.337385 
38.345000 -4.333788 
38.346000 -4.330162 
38.347000 -4.326397 
38.348000 -4.322701 
38.349000 -4.319881 
38.350000 -4.315182 
38.351000 -4.311324 
38.352000 -4.307419 
38.353000 -4.303517 
38.354000 -4.299770 
38.355000 -4.295807 
38.356000 -4.291954 
38.357000 -4.287958 
38.358000 -4.283963 
38.359000 -4.279898 
38.360000 -4.275753 
38.361000 -4.271611 
38.362000 -4.267497 
38.363000 -4.263375 
38.364000 -4.259117 
38.365000 -4.255056 
38.366000 -4.250995 
38.367000 -4.246676 
38.368000 -4.242445 
38.369000 -4.238956 
38.370000 -4.234057 
38.371000 -4.229434 
38.372000 -4.225072 
38.373000 -4.220542 
38.374000 -4.216142 
38.375000 -4.211689 
38.376000 -4.207281 
38.377000 -4.202857 
38.378000 -4.198257 
38.379000 -4.193633 
38.380000 -4.189076 
38.381000 -4.184419 
38.382000 -4.179746 
38.383000 -4.175090 
38.384000 -4.170214 
38.385000 -4.165521 
38.386000 -4.161463 
38.387000 -4.156169 
38.388000 -4.151303 
38.389000 -4.146429 
38.390000 -4.141577 
38.391000 -4.136678 
38.392000 -4.131768 
38.393000 -4.126632 
38.394000 -4.121636 
38.395000 -4.116656 
38.396000 -4.112233 
38.397000 -4.106555 
38.398000 -4.101215 
38.399000 -4.095905 
38.400000 -4.090638 
38.401000 -4.085340 
38.402000 -4.080744 
38.403000 -4.074913 
38.404000 -4.069505 
38.405000 -4.064095 
38.406000 -4.058679 
38.407000 -4.053276 
38.408000 -4.047823 
38.409000 -4.042237 
38.410000 -4.036703 
38.411000 -4.031293 
38.412000 -4.025685 
38.413000 -4.020149 
38.414000 -4.014371 
38.415000 -4.008577 
38.416000 -4.002771 
38.417000 -3.996792 
38.418000 -3.991318 
38.419000 -3.984923 
38.420000 -3.979083 
38.421000 -3.973077 
38.422000 -3.967047 
38.423000 -3.960920 
38.424000 -3.954983 
38.425000 -3.948930 
38.426000 -3.942775 
38.427000 -3.936461 
38.428000 -3.930290 
38.429000 -3.923987 
38.430000 -3.917638 
38.431000 -3.911351 
38.432000 -3.905073 
38.433000 -3.898443 
38.434000 -3.892404 
38.435000 -3.885441 
38.436000 -3.878828 
38.437000 -3.872284 
38.438000 -3.865631 
38.439000 -3.858907 
38.440000 -3.851926 
38.441000 -3.845237 
38.442000 -3.838489 
38.443000 -3.831568 
38.444000 -3.824686 
38.445000 -3.817737 
38.446000 -3.810627 
38.447000 -3.803664 
38.448000 -3.796361 
38.449000 -3.789632 
38.450000 -3.782197 
38.451000 -3.775040 
38.452000 -3.767838 
38.453000 -3.760722 
38.454000 -3.753590 
38.455000 -3.745881 
38.456000 -3.738353 
38.457000 -3.730828 
38.458000 -3.723419 
38.459000 -3.715869 
38.460000 -3.708320 
38.461000 -3.700763 
38.462000 -3.693088 
38.463000 -3.685310 
38.464000 -3.677640 
38.465000 -3.670232 
38.466000 -3.662061 
38.467000 -3.654158 
38.468000 -3.646260 
38.469000 -3.638397 
38.470000 -3.630388 
38.471000 -3.622366 
38.472000 -3.614232 
38.473000 -3.606117 
38.474000 -3.598049 
38.475000 -3.589833 
38.476000 -3.581606 
38.477000 -3.573375 
38.478000 -3.564902 
38.479000 -3.556559 
38.480000 -3.548250 
38.481000 -3.539740 
38.482000 -3.531448 
38.483000 -3.522610 
38.484000 -3.514104 
38.485000 -3.505553 
38.486000 -3.496785 
38.487000 -3.488157 
38.488000 -3.479334 
38.489000 -3.470711 
38.490000 -3.461871 
38.491000 -3.453027 
38.492000 -3.444055 
38.493000 -3.434953 
38.494000 -3.425970 
38.495000 -3.416986 
38.496000 -3.407842 
38.497000 -3.398798 
38.498000 -3.389751 
38.499000 -3.380828 
38.500000 -3.371388 
38.501000 -3.361958 
38.502000 -3.352673 
38.503000 -3.343396 
38.504000 -3.334003 
38.505000 -3.324537 
38.506000 -3.315023 
38.507000 -3.305479 
38.508000 -3.295766 
38.509000 -3.286159 
38.510000 -3.276356 
38.511000 -3.266933 
38.512000 -3.257144 
38.513000 -3.247315 
38.514000 -3.237529 
38.515000 -3.227640 
38.516000 -3.217794 
38.517000 -3.207988 
38.518000 -3.197923 
38.519000 -3.187906 
38.520000 -3.177799 
38.521000 -3.167641 
38.522000 -3.157438 
38.523000 -3.147143 
38.524000 -3.136797 
38.525000 -3.126657 
38.526000 -3.116388 
38.527000 -3.105992 
38.528000 -3.095426 
38.529000 -3.084822 
38.530000 -3.074269 
38.531000 -3.063647 
38.532000 -3.052970 
38.533000 -3.042204 
38.534000 -3.031230 
38.535000 -3.020491 
38.536000 -3.009793 
38.537000 -2.998829 
38.538000 -2.987961 
38.539000 -2.976831 
38.540000 -2.965833 
38.541000 -2.954605 
38.542000 -2.943363 
38.543000 -2.931843 
38.544000 -2.921107 
38.545000 -2.909568 
38.546000 -2.898182 
38.547000 -2.886811 
38.548000 -2.875082 
38.549000 -2.863491 
38.550000 -2.852631 
38.551000 -2.840136 
38.552000 -2.828271 
38.553000 -2.816501 
38.554000 -2.804617 
38.555000 -2.792657 
38.556000 -2.780849 
38.557000 -2.768813 
38.558000 -2.756260 
38.559000 -2.744118 
38.560000 -2.731853 
38.561000 -2.719418 
38.562000 -2.707057 
38.563000 -2.694661 
38.564000 -2.682148 
38.565000 -2.669629 
38.566000 -2.656952 
38.567000 -2.644346 
38.568000 -2.631652 
38.569000 -2.618889 
38.570000 -2.605989 
38.571000 -2.592955 
38.572000 -2.580068 
38.573000 -2.567132 
38.574000 -2.554039 
38.575000 -2.540742 
38.576000 -2.527477 
38.577000 -2.514233 
38.578000 -2.501000 
38.579000 -2.487638 
38.580000 -2.474144 
38.581000 -2.460361 
38.582000 -2.446704 
38.583000 -2.433240 
38.584000 -2.419497 
38.585000 -2.406568 
38.586000 -2.391790 
38.587000 -2.377766 
38.588000 -2.363747 
38.589000 -2.349816 
38.590000 -2.335840 
38.591000 -2.321635 
38.592000 -2.307107 
38.593000 -2.292839 
38.594000 -2.278734 
38.595000 -2.264711 
38.596000 -2.250888 
38.597000 -2.235921 
38.598000 -2.219472 
38.599000 -2.205142 
38.600000 -2.189622 
38.601000 -2.174544 
38.602000 -2.159562 
38.603000 -2.144717 
38.604000 -2.129603 
38.605000 -2.114624 
38.606000 -2.099494 
38.607000 -2.084196 
38.608000 -2.068667 
38.609000 -2.053318 
38.610000 -2.037862 
38.611000 -2.022196 
38.612000 -2.006552 
38.613000 -1.990801 
38.614000 -1.974966 
38.615000 -1.959299 
38.616000 -1.943542 
38.617000 -1.927599 
38.618000 -1.911277 
38.619000 -1.894970 
38.620000 -1.878398 
38.621000 -1.862594 
38.622000 -1.845898 
38.623000 -1.829605 
38.624000 -1.813010 
38.625000 -1.796466 
38.626000 -1.779542 
38.627000 -1.761259 
38.628000 -1.747007 
38.629000 -1.730103 
38.630000 -1.713057 
38.631000 -1.696087 
38.632000 -1.679378 
38.633000 -1.662032 
38.634000 -1.644297 
38.635000 -1.627009 
38.636000 -1.609454 
38.637000 -1.592022 
38.638000 -1.574957 
38.639000 -1.557142 
38.640000 -1.539327 
38.641000 -1.522009 
38.642000 -1.503909 
38.643000 -1.486372 
38.644000 -1.467935 
38.645000 -1.449779 
38.646000 -1.431682 
38.647000 -1.413445 
38.648000 -1.395195 
38.649000 -1.376923 
38.650000 -1.358454 
38.651000 -1.339935 
38.652000 -1.321310 
38.653000 -1.302698 
38.654000 -1.284161 
38.655000 -1.265307 
38.656000 -1.246480 
38.657000 -1.227584 
38.658000 -1.208499 
38.659000 -1.189672 
38.660000 -1.170485 
38.661000 -1.151128 
38.662000 -1.131776 
38.663000 -1.112480 
38.664000 -1.093251 
38.665000 -1.073746 
38.666000 -1.054002 
38.667000 -1.034503 
38.668000 -1.014782 
38.669000 -0.994963 
38.670000 -0.975060 
38.671000 -0.955007 
38.672000 -0.935092 
38.673000 -0.915017 
38.674000 -0.894687 
38.675000 -0.874503 
38.676000 -0.854036 
38.677000 -0.833756 
38.678000 -0.813355 
38.679000 -0.792850 
38.680000 -0.772338 
38.681000 -0.751360 
38.682000 -0.730343 
38.683000 -0.709539 
38.684000 -0.688589 
38.685000 -0.667509 
38.686000 -0.646488 
38.687000 -0.625317 
38.688000 -0.604224 
38.689000 -0.582667 
38.690000 -0.561347 
38.691000 -0.539700 
38.692000 -0.518096 
38.693000 -0.496665 
38.694000 -0.475009 
38.695000 -0.453026 
38.696000 -0.431310 
38.697000 -0.408985 
38.698000 -0.387031 
38.699000 -0.364955 
38.700000 -0.343171 
38.701000 -0.321178 
38.702000 -0.298735 
38.703000 -0.276455 
38.704000 -0.254363 
38.705000 -0.231955 
38.706000 -0.209423 
38.707000 -0.186771 
38.708000 -0.164113 
38.709000 -0.141102 
38.710000 -0.118351 
38.711000 -0.095556 
38.712000 -0.072633 
38.713000 -0.049554 
38.714000 -0.026518 
38.715000 -0.003489 
38.716000 0.019520 
38.717000 0.042847 
38.718000 0.065901 
38.719000 0.089208 
38.720000 0.112707 
38.721000 0.136420 
38.722000 0.159848 
38.723000 0.183563 
38.724000 0.207227 
38.725000 0.230824 
38.726000 0.254675 
38.727000 0.278706 
38.728000 0.302507 
38.729000 0.326505 
38.730000 0.350427 
38.731000 0.374739 
38.732000 0.398904 
38.733000 0.423057 
38.734000 0.447077 
38.735000 0.471386 
38.736000 0.495589 
38.737000 0.520191 
38.738000 0.544600 
38.739000 0.568700 
38.740000 0.593230 
38.741000 0.618068 
38.742000 0.642344 
38.743000 0.667005 
38.744000 0.692334 
38.745000 0.717386 
38.746000 0.741687 
38.747000 0.766639 
38.748000 0.791762 
38.749000 0.816521 
38.750000 0.841629 
38.751000 0.866665 
38.752000 0.892092 
38.753000 0.917312 
38.754000 0.942370 
38.755000 0.967664 
38.756000 0.993240 
38.757000 1.018817 
38.758000 1.044083 
38.759000 1.069728 
38.760000 1.095119 
38.761000 1.120652 
38.762000 1.146148 
38.763000 1.171739 
38.764000 1.197612 
38.765000 1.223057 
38.766000 1.248558 
38.767000 1.274511 
38.768000 1.300586 
38.769000 1.326288 
38.770000 1.352307 
38.771000 1.378306 
38.772000 1.404276 
38.773000 1.429991 
38.774000 1.456147 
38.775000 1.481706 
38.776000 1.507774 
38.777000 1.533999 
38.778000 1.560321 
38.779000 1.586409 
38.780000 1.612359 
38.781000 1.638976 
38.782000 1.665240 
38.783000 1.691475 
38.784000 1.717886 
38.785000 1.743885 
38.786000 1.770512 
38.787000 1.796874 
38.788000 1.823157 
38.789000 1.849794 
38.790000 1.876293 
38.791000 1.902861 
38.792000 1.929213 
38.793000 1.956173 
38.794000 1.981800 
38.795000 2.007966 
38.796000 2.034357 
38.797000 2.060533 
38.798000 2.087816 
38.799000 2.114609 
38.800000 2.141069 
38.801000 2.167402 
38.802000 2.193940 
38.803000 2.220008 
38.804000 2.246635 
38.805000 2.273340 
38.806000 2.300417 
38.807000 2.327211 
38.808000 2.353357 
38.809000 2.380140 
38.810000 2.406894 
38.811000 2.433198 
38.812000 2.459844 
38.813000 2.486461 
38.814000 2.513058 
38.815000 2.539586 
38.816000 2.566683 
38.817000 2.592967 
38.818000 2.619329 
38.819000 2.646063 
38.820000 2.672504 
38.821000 2.698709 
38.822000 2.725473 
38.823000 2.751845 
38.824000 2.778540 
38.825000 2.805029 
38.826000 2.830744 
38.827000 2.857861 
38.828000 2.884380 
38.829000 2.910830 
38.830000 2.936780 
38.831000 2.963103 
38.832000 2.989573 
38.833000 3.015543 
38.834000 3.041513 
38.835000 3.067679 
38.836000 3.093953 
38.837000 3.119952 
38.838000 3.145765 
38.839000 3.171657 
38.840000 3.197794 
38.841000 3.224038 
38.842000 3.250175 
38.843000 3.276154 
38.844000 3.301654 
38.845000 3.327350 
38.846000 3.353290 
38.847000 3.379368 
38.848000 3.405622 
38.849000 3.430504 
38.850000 3.455867 
38.851000 3.481210 
38.852000 3.506709 
38.853000 3.532238 
38.854000 3.557973 
38.855000 3.582924 
38.856000 3.608002 
38.857000 3.633404 
38.858000 3.658541 
38.859000 3.682972 
38.860000 3.707854 
38.861000 3.732119 
38.862000 3.756746 
38.863000 3.781580 
38.864000 3.806432 
38.865000 3.831246 
38.866000 3.855746 
38.867000 3.879962 
38.868000 3.904295 
38.869000 3.928256 
38.870000 3.952472 
38.871000 3.976345 
38.872000 4.000561 
38.873000 4.024012 
38.874000 4.047944 
38.875000 4.071581 
38.876000 4.095317 
38.877000 4.118866 
38.878000 4.142122 
38.879000 4.165093 
38.880000 4.188534 
38.881000 4.211163 
38.882000 4.233507 
38.883000 4.256586 
38.884000 4.279292 
38.885000 4.301744 
38.886000 4.323931 
38.887000 4.346118 
38.888000 4.368012 
38.889000 4.389621 
38.890000 4.411475 
38.891000 4.433378 
38.892000 4.455516 
38.893000 4.477095 
38.894000 4.498557 
38.895000 4.519441 
38.896000 4.540678 
38.897000 4.561591 
38.898000 4.582269 
38.899000 4.603662 
38.900000 4.623380 
38.901000 4.644029 
38.902000 4.664922 
38.903000 4.685218 
38.904000 4.705298 
38.905000 4.724986 
38.906000 4.744302 
38.907000 4.764471 
38.908000 4.783110 
38.909000 4.802426 
38.910000 4.821673 
38.911000 4.840136 
38.912000 4.858619 
38.913000 4.877249 
38.914000 4.895212 
38.915000 4.913842 
38.916000 4.932080 
38.917000 4.949759 
38.918000 4.967389 
38.919000 4.985020 
38.920000 5.002846 
38.921000 5.020329 
38.922000 5.037753 
38.923000 5.055090 
38.924000 5.071936 
38.925000 5.087812 
38.926000 5.103825 
38.927000 5.119789 
38.928000 5.135773 
38.929000 5.152119 
38.930000 5.168035 
38.931000 5.183244 
38.932000 5.198679 
38.933000 5.214183 
38.934000 5.228775 
38.935000 5.243014 
38.936000 5.257812 
38.937000 5.272081 
38.938000 5.285929 
38.939000 5.299570 
38.940000 5.313917 
38.941000 5.327275 
38.942000 5.341132 
38.943000 5.354186 
38.944000 5.367298 
38.945000 5.380018 
38.946000 5.392455 
38.947000 5.404812 
38.948000 5.416759 
38.949000 5.428450 
38.950000 5.440092 
38.951000 5.451304 
38.952000 5.462534 
38.953000 5.473236 
38.954000 5.483918 
38.955000 5.494727 
38.956000 5.505370 
38.957000 5.515886 
38.958000 5.526234 
38.959000 5.536407 
38.960000 5.545825 
38.961000 5.555203 
38.962000 5.563915 
38.963000 5.572902 
38.964000 5.581575 
38.965000 5.590268 
38.966000 5.598803 
38.967000 5.607378 
38.968000 5.615258 
38.969000 5.622519 
38.970000 5.630163 
38.971000 5.637572 
38.972000 5.644422 
38.973000 5.651812 
38.974000 5.658427 
38.975000 5.664503 
38.976000 5.670500 
38.977000 5.676498 
38.978000 5.682368 
38.979000 5.688091 
38.980000 5.693060 
38.981000 5.698303 
38.982000 5.703575 
38.983000 5.708269 
38.984000 5.712660 
38.985000 5.716443 
38.986000 5.720343 
38.987000 5.724243 
38.988000 5.727458 
38.989000 5.730506 
38.990000 5.733720 
38.991000 5.737003 
38.992000 5.740051 
38.993000 5.741874 
38.994000 5.744128 
38.995000 5.746313 
38.996000 5.748244 
38.997000 5.749929 
38.998000 5.751282 
38.999000 5.752526 
39.000000 5.753114 
39.001000 5.754055 
39.002000 5.754349 
39.003000 5.755006 
39.004000 5.755388 
39.005000 5.755407 
39.006000 5.754810 
39.007000 5.754516 
39.008000 5.753104 
39.009000 5.753055 
39.010000 5.752271 
39.011000 5.750831 
39.012000 5.748273 
39.013000 5.746930 
39.014000 5.743843 
39.015000 5.741981 
39.016000 5.739894 
39.017000 5.738208 
39.018000 5.735553 
39.019000 5.732603 
39.020000 5.729467 
39.021000 5.726243 
39.022000 5.722215 
39.023000 5.718403 
39.024000 5.714992 
39.025000 5.710514 
39.026000 5.705212 
39.027000 5.700978 
39.028000 5.696333 
39.029000 5.691266 
39.030000 5.686141 
39.031000 5.681398 
39.032000 5.676370 
39.033000 5.671598 
39.034000 5.666090 
39.035000 5.661308 
39.036000 5.655408 
39.037000 5.649626 
39.038000 5.642110 
39.039000 5.636935 
39.040000 5.630987 
39.041000 5.625342 
39.042000 5.617727 
39.043000 5.610181 
39.044000 5.603400 
39.045000 5.596687 
39.046000 5.589474 
39.047000 5.582437 
39.048000 5.574931 
39.049000 5.566738 
39.050000 5.558192 
39.051000 5.550499 
39.052000 5.543139 
39.053000 5.534408 
39.054000 5.525607 
39.055000 5.515993 
39.056000 5.506723 
39.057000 5.498138 
39.058000 5.490504 
39.059000 5.481301 
39.060000 5.471060 
39.061000 5.461300 
39.062000 5.451784 
39.063000 5.443522 
39.064000 5.434477 
39.065000 5.424030 
39.066000 5.414857 
39.067000 5.404940 
39.068000 5.395110 
39.069000 5.383889 
39.070000 5.373256 
39.071000 5.363368 
39.072000 5.352118 
39.073000 5.341710 
39.074000 5.331136 
39.075000 5.319993 
39.076000 5.308743 
39.077000 5.298767 
39.078000 5.287242 
39.079000 5.277050 
39.080000 5.265643 
39.081000 5.253745 
39.082000 5.241427 
39.083000 5.229882 
39.084000 5.217074 
39.085000 5.205275 
39.086000 5.192633 
39.087000 5.180422 
39.088000 5.169456 
39.089000 5.157078 
39.090000 5.145887 
39.091000 5.133254 
39.092000 5.120279 
39.093000 5.107137 
39.094000 5.095152 
39.095000 5.082314 
39.096000 5.068565 
39.097000 5.055913 
39.098000 5.044809 
39.099000 5.031687 
39.100000 5.018467 
39.101000 5.005698 
39.102000 4.992183 
39.103000 4.979835 
39.104000 4.966880 
39.105000 4.952288 
39.106000 4.938185 
39.107000 4.924995 
39.108000 4.910892 
39.109000 4.896467 
39.110000 4.884971 
39.111000 4.873456 
39.112000 4.859413 
39.113000 4.846007 
39.114000 4.832884 
39.115000 4.817979 
39.116000 4.803925 
39.117000 4.789323 
39.118000 4.774770 
39.119000 4.763001 
39.120000 4.748771 
39.121000 4.732895 
39.122000 4.718626 
39.123000 4.704240 
39.124000 4.690147 
39.125000 4.676604 
39.126000 4.661865 
39.127000 4.646234 
39.128000 4.631779 
39.129000 4.617490 
39.130000 4.602153 
39.131000 4.588463 
39.132000 4.573214 
39.133000 4.556338 
39.134000 4.541109 
39.135000 4.525135 
39.136000 4.510817 
39.137000 4.496470 
39.138000 4.480966 
39.139000 4.465737 
39.140000 4.451439 
39.141000 4.439297 
39.142000 4.422735 
39.143000 4.406506 
39.144000 4.389777 
39.145000 4.374725 
39.146000 4.360299 
39.147000 4.343316 
39.148000 4.327391 
39.149000 4.312985 
39.150000 4.298755 
39.151000 4.282242 
39.152000 4.265435 
39.153000 4.249863 
39.154000 4.234418 
39.155000 4.220424 
39.156000 4.204802 
39.157000 4.188995 
39.158000 4.172394 
39.159000 4.156057 
39.160000 4.142259 
39.161000 4.126941 
39.162000 4.109703 
39.163000 4.093631 
39.164000 4.077246 
39.165000 4.062742 
39.166000 4.044759 
39.167000 4.030598 
39.168000 4.017181 
39.169000 4.001982 
39.170000 3.986164 
39.171000 3.970514 
39.172000 3.955755 
39.173000 3.940888 
39.174000 3.925042 
39.175000 3.909607 
39.176000 3.891810 
39.177000 3.876689 
39.178000 3.861597 
39.179000 3.844015 
39.180000 3.828512 
39.181000 3.813626 
39.182000 3.797034 
39.183000 3.781638 
39.184000 3.766968 
39.185000 3.752552 
39.186000 3.740939 
39.187000 3.728317 
39.188000 3.713754 
39.189000 3.696212 
39.190000 3.680414 
39.191000 3.664440 
39.192000 3.652641 
39.193000 3.639744 
39.194000 3.625750 
39.195000 3.611265 
39.196000 3.597849 
39.197000 3.585923 
39.198000 3.572379 
39.199000 3.556405 
39.200000 3.542479 
39.201000 3.525123 
39.202000 3.507748 
39.203000 3.490970 
39.204000 3.475918 
39.205000 3.460688 
39.206000 3.446263 
39.207000 3.432876 
39.208000 3.418813 
39.209000 3.406465 
39.210000 3.393245 
39.211000 3.378172 
39.212000 3.364893 
39.213000 3.349605 
39.214000 3.334210 
39.215000 3.319902 
39.216000 3.303526 
39.217000 3.284778 
39.218000 3.268559 
39.219000 3.252968 
39.220000 3.237856 
39.221000 3.220363 
39.222000 3.206231 
39.223000 3.192747 
39.224000 3.178615 
39.225000 3.164101 
39.226000 3.149342 
39.227000 3.133251 
39.228000 3.117953 
39.229000 3.101891 
39.230000 3.084143 
39.231000 3.069570 
39.232000 3.057595 
39.233000 3.040611 
39.234000 3.023109 
39.235000 3.006449 
39.236000 2.991259 
39.237000 2.977548 
39.238000 2.960438 
39.239000 2.945130 
39.240000 2.928842 
39.241000 2.913799 
39.242000 2.894719 
39.243000 2.876579 
39.244000 2.860272 
39.245000 2.842622 
39.246000 2.824884 
39.247000 2.805794 
39.248000 2.790016 
39.249000 2.775237 
39.250000 2.759391 
39.251000 2.743877 
39.252000 2.730285 
39.253000 2.714850 
39.254000 2.698729 
39.255000 2.676728 
39.256000 2.655364 
39.257000 2.637616 
39.258000 2.619819 
39.259000 2.601013 
39.260000 2.580482 
39.261000 2.566938 
39.262000 2.555678 
39.263000 2.541448 
39.264000 2.525386 
39.265000 2.509255 
39.266000 2.488068 
39.267000 2.462343 
39.268000 2.443664 
39.269000 2.426671 
39.270000 2.406150 
39.271000 2.384462 
39.272000 2.362559 
39.273000 2.342822 
39.274000 2.323673 
39.275000 2.303446 
39.276000 2.282170 
39.277000 2.262972 
39.278000 2.241725 
39.279000 2.218597 
39.280000 2.198331 
39.281000 2.183993 
39.282000 2.164384 
39.283000 2.143706 
39.284000 2.119519 
39.285000 2.098890 
39.286000 2.078653 
39.287000 2.057485 
39.288000 2.033250 
39.289000 2.005183 
39.290000 1.977145 
39.291000 1.953929 
39.292000 1.933398 
39.293000 1.913504 
39.294000 1.891209 
39.295000 1.869217 
39.296000 1.844580 
39.297000 1.818385 
39.298000 1.791307 
39.299000 1.765524 
39.300000 1.740553 
39.301000 1.712545 
39.302000 1.686134 
39.303000 1.660095 
39.304000 1.635919 
39.305000 1.614594 
39.306000 1.587438 
39.307000 1.557587 
39.308000 1.532107 
39.309000 1.503785 
39.310000 1.474238 
39.311000 1.445799 
39.312000 1.417408 
39.313000 1.390605 
39.314000 1.363361 
39.315000 1.334882 
39.316000 1.303992 
39.317000 1.273341 
39.318000 1.242114 
39.319000 1.210503 
39.320000 1.183009 
39.321000 1.152691 
39.322000 1.123392 
39.323000 1.094081 
39.324000 1.063594 
39.325000 1.034263 
39.326000 1.003334 
39.327000 0.971200 
39.328000 0.940170 
39.329000 0.905688 
39.330000 0.876654 
39.331000 0.842872 
39.332000 0.810390 
39.333000 0.778581 
39.334000 0.748588 
39.335000 0.719606 
39.336000 0.691959 
39.337000 0.661712 
39.338000 0.630746 
39.339000 0.601136 
39.340000 0.574449 
39.341000 0.544911 
39.342000 0.516736 
39.343000 0.490843 
39.344000 0.459449 
39.345000 0.429303 
39.346000 0.401826 
39.347000 0.372462 
39.348000 0.342074 
39.349000 0.313305 
39.350000 0.283855 
39.351000 0.255901 
39.352000 0.227685 
39.353000 0.201319 
39.354000 0.172530 
39.355000 0.149084 
39.356000 0.124355 
39.357000 0.098431 
39.358000 0.071115 
39.359000 0.044524 
39.360000 0.020760 
39.361000 -0.001038 
39.362000 -0.024469 
39.363000 -0.049220 
39.364000 -0.072861 
39.365000 -0.092855 
39.366000 -0.117963 
39.367000 -0.139579 
39.368000 -0.162282 
39.369000 -0.186264 
39.370000 -0.208098 
39.371000 -0.230772 
39.372000 -0.253223 
39.373000 -0.273179 
39.374000 -0.294240 
39.375000 -0.313411 
39.376000 -0.329957 
39.377000 -0.342977 
39.378000 -0.357943 
39.379000 -0.382121 
39.380000 -0.398905 
39.381000 -0.417822 
39.382000 -0.433602 
39.383000 -0.448133 
39.384000 -0.463747 
39.385000 -0.480663 
39.386000 -0.496636 
39.387000 -0.513666 
39.388000 -0.529734 
39.389000 -0.545059 
39.390000 -0.559400 
39.391000 -0.575523 
39.392000 -0.589815 
39.393000 -0.608109 
39.394000 -0.622972 
39.395000 -0.638299 
39.396000 -0.653989 
39.397000 -0.668398 
39.398000 -0.682960 
39.399000 -0.693350 
39.400000 -0.706078 
39.401000 -0.721143 
39.402000 -0.735070 
39.403000 -0.747407 
39.404000 -0.761581 
39.405000 -0.777305 
39.406000 -0.789241 
39.407000 -0.802428 
39.408000 -0.818547 
39.409000 -0.828244 
39.410000 -0.841036 
39.411000 -0.859473 
39.412000 -0.872527 
39.413000 -0.886968 
39.414000 -0.902591 
39.415000 -0.913142 
39.416000 -0.926774 
39.417000 -0.942757 
39.418000 -0.959574 
39.419000 -0.973372 
39.420000 -0.986703 
39.421000 -0.997780 
39.422000 -1.008675 
39.423000 -1.023624 
39.424000 -1.038990 
39.425000 -1.051981 
39.426000 -1.067440 
39.427000 -1.082285 
39.428000 -1.097516 
39.429000 -1.111550 
39.430000 -1.123116 
39.431000 -1.136388 
39.432000 -1.154839 
39.433000 -1.171194 
39.434000 -1.189607 
39.435000 -1.205886 
39.436000 -1.223760 
39.437000 -1.237813 
39.438000 -1.253989 
39.439000 -1.271823 
39.440000 -1.288043 
39.441000 -1.305637 
39.442000 -1.322865 
39.443000 -1.341073 
39.444000 -1.358770 
39.445000 -1.376091 
39.446000 -1.394351 
39.447000 -1.413781 
39.448000 -1.433010 
39.449000 -1.452550 
39.450000 -1.471181 
39.451000 -1.490322 
39.452000 -1.510146 
39.453000 -1.528739 
39.454000 -1.549643 
39.455000 -1.571699 
39.456000 -1.589025 
39.457000 -1.610144 
39.458000 -1.631027 
39.459000 -1.655254 
39.460000 -1.678904 
39.461000 -1.701567 
39.462000 -1.723536 
39.463000 -1.746400 
39.464000 -1.768931 
39.465000 -1.794511 
39.466000 -1.818196 
39.467000 -1.842391 
39.468000 -1.865283 
39.469000 -1.888784 
39.470000 -1.911905 
39.471000 -1.933415 
39.472000 -1.957679 
39.473000 -1.982074 
39.474000 -2.010428 
39.475000 -2.039155 
39.476000 -2.068867 
39.477000 -2.096155 
39.478000 -2.121103 
39.479000 -2.143007 
39.480000 -2.167331 
39.481000 -2.192534 
39.482000 -2.217534 
39.483000 -2.244905 
39.484000 -2.269496 
39.485000 -2.291591 
39.486000 -2.312975 
39.487000 -2.331685 
39.488000 -2.353226 
39.489000 -2.383208 
39.490000 -2.413851 
39.491000 -2.440562 
39.492000 -2.465377 
39.493000 -2.493702 
39.494000 -2.519166 
39.495000 -2.547652 
39.496000 -2.572055 
39.497000 -2.598289 
39.498000 -2.627072 
39.499000 -2.652966 
39.500000 -2.679903 
39.501000 -2.704909 
39.502000 -2.731925 
39.503000 -2.759238 
39.504000 -2.783091 
39.505000 -2.806893 
39.506000 -2.828671 
39.507000 -2.846573 
39.508000 -2.873128 
39.509000 -2.899596 
39.510000 -2.922394 
39.511000 -2.949000 
39.512000 -2.975157 
39.513000 -3.001934 
39.514000 -3.028482 
39.515000 -3.054808 
39.516000 -3.081585 
39.517000 -3.109177 
39.518000 -3.136498 
39.519000 -3.163852 
39.520000 -3.190523 
39.521000 -3.217015 
39.522000 -3.243753 
39.523000 -3.279056 
39.524000 -3.312039 
39.525000 -3.347851 
39.526000 -3.387220 
39.527000 -3.422869 
39.528000 -3.473428 
39.529000 -3.476963 
39.530000 -3.496915 
39.531000 -3.528726 
39.532000 -3.558040 
39.533000 -3.588869 
39.534000 -3.618306 
39.535000 -3.645784 
39.536000 -3.672252 
39.537000 -3.698008 
39.538000 -3.722805 
39.539000 -3.746265 
39.540000 -3.767987 
39.541000 -3.794005 
39.542000 -3.831368 
39.543000 -3.872803 
39.544000 -3.904026 
39.545000 -3.934951 
39.546000 -3.966321 
39.547000 -3.997976 
39.548000 -4.030163 
39.549000 -4.062595 
39.550000 -4.095581 
39.551000 -4.128332 
39.552000 -4.161272 
39.553000 -4.193060 
39.554000 -4.223926 
39.555000 -4.250600 
39.556000 -4.273767 
39.557000 -4.336548 
39.558000 -4.380421 
39.559000 -4.415331 
39.560000 -4.452067 
39.561000 -4.488929 
39.562000 -4.523937 
39.563000 -4.559619 
39.564000 -4.594279 
39.565000 -4.628888 
39.566000 -4.664731 
39.567000 -4.698266 
39.568000 -4.732304 
39.569000 -4.766369 
39.570000 -4.799494 
39.571000 -4.831459 
39.572000 -4.863713 
39.573000 -4.896129 
39.574000 -4.928090 
39.575000 -4.960310 
39.576000 -4.991761 
39.577000 -5.022662 
39.578000 -5.054184 
39.579000 -5.085188 
39.580000 -5.115315 
39.581000 -5.145474 
39.582000 -5.175917 
39.583000 -5.206584 
39.584000 -5.237638 
39.585000 -5.267772 
39.586000 -5.296665 
39.587000 -5.324926 
39.588000 -5.352849 
39.589000 -5.379719 
39.590000 -5.405730 
39.591000 -5.430857 
39.592000 -5.456157 
39.593000 -5.481560 
39.594000 -5.506434 
39.595000 -5.528701 
39.596000 -5.557406 
39.597000 -5.586950 
39.598000 -5.609287 
39.599000 -5.641952 
39.600000 -5.674103 
39.601000 -5.694506 
39.602000 -5.714196 
39.603000 -5.736470 
39.604000 -5.759279 
39.605000 -5.778940 
39.606000 -5.797914 
39.607000 -5.817674 
39.608000 -5.836653 
39.609000 -5.855536 
39.610000 -5.872127 
39.611000 -5.889187 
39.612000 -5.906678 
39.613000 -5.923194 
39.614000 -5.939320 
39.615000 -5.956744 
39.616000 -5.970571 
39.617000 -5.985390 
39.618000 -5.999848 
39.619000 -6.014531 
39.620000 -6.029660 
39.621000 -6.043827 
39.622000 -6.056479 
39.623000 -6.069694 
39.624000 -6.084571 
39.625000 -6.097289 
39.626000 -6.109050 
39.627000 -6.120733 
39.628000 -6.132084 
39.629000 -6.143496 
39.630000 -6.153735 
39.631000 -6.163709 
39.632000 -6.174429 
39.633000 -6.184386 
39.634000 -6.193417 
39.635000 -6.204008 
39.636000 -6.213848 
39.637000 -6.222225 
39.638000 -6.229992 
39.639000 -6.238507 
39.640000 -6.247112 
39.641000 -6.255267 
39.642000 -6.262762 
39.643000 -6.270634 
39.644000 -6.277890 
39.645000 -6.285075 
39.646000 -6.291641 
39.647000 -6.298596 
39.648000 -6.305207 
39.649000 -6.311082 
39.650000 -6.316565 
39.651000 -6.321188 
39.652000 -6.325892 
39.653000 -6.331486 
39.654000 -6.336767 
39.655000 -6.341620 
39.656000 -6.346043 
39.657000 -6.350569 
39.658000 -6.354843 
39.659000 -6.358523 
39.660000 -6.362296 
39.661000 -6.366214 
39.662000 -6.369375 
39.663000 -6.372293 
39.664000 -6.375087 
39.665000 -6.377902 
39.666000 -6.381178 
39.667000 -6.384135 
39.668000 -6.386737 
39.669000 -6.389814 
39.670000 -6.392272 
39.671000 -6.394721 
39.672000 -6.396867 
39.673000 -6.399211 
39.674000 -6.401353 
39.675000 -6.403232 
39.676000 -6.405231 
39.677000 -6.406814 
39.678000 -6.408626 
39.679000 -6.410526 
39.680000 -6.412142 
39.681000 -6.412174 
39.682000 -6.413376 
39.683000 -6.411430 
39.684000 -6.415100 
39.685000 -6.416741 
39.686000 -6.417672 
39.687000 -6.419014 
39.688000 -6.419202 
39.689000 -6.421578 
39.690000 -6.422878 
39.691000 -6.424251 
39.692000 -6.425502 
39.693000 -6.426544 
39.694000 -6.427743 
39.695000 -6.428556 
39.696000 -6.429320 
39.697000 -6.430620 
39.698000 -6.431972 
39.699000 -6.433249 
39.700000 -6.434151 
39.701000 -6.435380 
39.702000 -6.437418 
39.703000 -6.439618 
39.704000 -6.441252 
39.705000 -6.442512 
39.706000 -6.444425 
39.707000 -6.445963 
39.708000 -6.448330 
39.709000 -6.445045 
39.710000 -6.445765 
39.711000 -6.443691 
39.712000 -6.445915 
39.713000 -6.447279 
39.714000 -6.448927 
39.715000 -6.450433 
39.716000 -6.453000 
39.717000 -6.450644 
39.718000 -6.450722 
39.719000 -6.449151 
39.720000 -6.451181 
39.721000 -6.452517 
39.722000 -6.453341 
39.723000 -6.454187 
39.724000 -6.455323 
39.725000 -6.456325 
39.726000 -6.457191 
39.727000 -6.458481 
39.728000 -6.457074 
39.729000 -6.457832 
39.730000 -6.457058 
39.731000 -6.458657 
39.732000 -6.459286 
39.733000 -6.459845 
39.734000 -6.460411 
39.735000 -6.461123 
39.736000 -6.461637 
39.737000 -6.462503 
39.738000 -6.463259 
39.739000 -6.464281 
39.740000 -6.465330 
39.741000 -6.464318 
39.742000 -6.464253 
39.743000 -6.463039 
39.744000 -6.463807 
39.745000 -6.461854 
39.746000 -6.463412 
39.747000 -6.463460 
39.748000 -6.463732 
39.749000 -6.463488 
39.750000 -6.463059 
39.751000 -6.462574 
39.752000 -6.462014 
39.753000 -6.461533 
39.754000 -6.460947 
39.755000 -6.459488 
39.756000 -6.458455 
39.757000 -6.457988 
39.758000 -6.457323 
39.759000 -6.456586 
39.760000 -6.455622 
39.761000 -6.454313 
39.762000 -6.452872 
39.763000 -6.451770 
39.764000 -6.450639 
39.765000 -6.449499 
39.766000 -6.448624 
39.767000 -6.446598 
39.768000 -6.445235 
39.769000 -6.443867 
39.770000 -6.442721 
39.771000 -6.441543 
39.772000 -6.440526 
39.773000 -6.439350 
39.774000 -6.438202 
39.775000 -6.437503 
39.776000 -6.436661 
39.777000 -6.435573 
39.778000 -6.433998 
39.779000 -6.432382 
39.780000 -6.431242 
39.781000 -6.428506 
39.782000 -6.428784 
39.783000 -6.427674 
39.784000 -6.426692 
39.785000 -6.425646 
39.786000 -6.424056 
39.787000 -6.422217 
39.788000 -6.420356 
39.789000 -6.418561 
39.790000 -6.416872 
39.791000 -6.415153 
39.792000 -6.413404 
39.793000 -6.411969 
39.794000 -6.410387 
39.795000 -6.408604 
39.796000 -6.407193 
39.797000 -6.405729 
39.798000 -6.404780 
39.799000 -6.401130 
39.800000 -6.397629 
39.801000 -6.396070 
39.802000 -6.393816 
39.803000 -6.391967 
39.804000 -6.390066 
39.805000 -6.389184 
39.806000 -6.385910 
39.807000 -6.382610 
39.808000 -6.380716 
39.809000 -6.377031 
39.810000 -6.376319 
39.811000 -6.374573 
39.812000 -6.372698 
39.813000 -6.371145 
39.814000 -6.368734 
39.815000 -6.364994 
39.816000 -6.362858 
39.817000 -6.360681 
39.818000 -6.358510 
39.819000 -6.356325 
39.820000 -6.354362 
39.821000 -6.352604 
39.822000 -6.349020 
39.823000 -6.346638 
39.824000 -6.344454 
39.825000 -6.342618 
39.826000 -6.341166 
39.827000 -6.338531 
39.828000 -6.336641 
39.829000 -6.334436 
39.830000 -6.332163 
39.831000 -6.329882 
39.832000 -6.327729 
39.833000 -6.325358 
39.834000 -6.322430 
39.835000 -6.321452 
39.836000 -6.319526 
39.837000 -6.317340 
39.838000 -6.314982 
39.839000 -6.312999 
39.840000 -6.311263 
39.841000 -6.308917 
39.842000 -6.306195 
39.843000 -6.304579 
39.844000 -6.303223 
39.845000 -6.300859 
39.846000 -6.298428 
39.847000 -6.296148 
39.848000 -6.293960 
39.849000 -6.291602 
39.850000 -6.289268 
39.851000 -6.287024 
39.852000 -6.284615 
39.853000 -6.282213 
39.854000 -6.279661 
39.855000 -6.277031 
39.856000 -6.274451 
39.857000 -6.270567 
39.858000 -6.268918 
39.859000 -6.266460 
39.860000 -6.263819 
39.861000 -6.261068 
39.862000 -6.257950 
39.863000 -6.254991 
39.864000 -6.251988 
39.865000 -6.248987 
39.866000 -6.245560 
39.867000 -6.242170 
39.868000 -6.239357 
39.869000 -6.236074 
39.870000 -6.232649 
39.871000 -6.229209 
39.872000 -6.225759 
39.873000 -6.222255 
39.874000 -6.218399 
39.875000 -6.215064 
39.876000 -6.212342 
39.877000 -6.209403 
39.878000 -6.205344 
39.879000 -6.202521 
39.880000 -6.198819 
39.881000 -6.195106 
39.882000 -6.191329 
39.883000 -6.187446 
39.884000 -6.183457 
39.885000 -6.179739 
39.886000 -6.175676 
39.887000 -6.172184 
39.888000 -6.168541 
39.889000 -6.165083 
39.890000 -6.161123 
39.891000 -6.156886 
39.892000 -6.152502 
39.893000 -6.147958 
39.894000 -6.143411 
39.895000 -6.138757 
39.896000 -6.133912 
39.897000 -6.129008 
39.898000 -6.124054 
39.899000 -6.118107 
39.900000 -6.113574 
39.901000 -6.108126 
39.902000 -6.103194 
39.903000 -6.097894 
39.904000 -6.092430 
39.905000 -6.086907 
39.906000 -6.081083 
39.907000 -6.074966 
39.908000 -6.069049 
39.909000 -6.062756 
39.910000 -6.056501 
39.911000 -6.050052 
39.912000 -6.043460 
39.913000 -6.036847 
39.914000 -6.029978 
39.915000 -6.022992 
39.916000 -6.016295 
39.917000 -6.009246 
39.918000 -6.001952 
39.919000 -5.994517 
39.920000 -5.986333 
39.921000 -5.979229 
39.922000 -5.971706 
39.923000 -5.963752 
39.924000 -5.955711 
39.925000 -5.947604 
39.926000 -5.939350 
39.927000 -5.931026 
39.928000 -5.922588 
39.929000 -5.914120 
39.930000 -5.905418 
39.931000 -5.896555 
39.932000 -5.888069 
39.933000 -5.879147 
39.934000 -5.870106 
39.935000 -5.860890 
39.936000 -5.851689 
39.937000 -5.842300 
39.938000 -5.832849 
39.939000 -5.823130 
39.940000 -5.812710 
39.941000 -5.803105 
39.942000 -5.792927 
39.943000 -5.782443 
39.944000 -5.772303 
39.945000 -5.762097 
39.946000 -5.751400 
39.947000 -5.740804 
39.948000 -5.730052 
39.949000 -5.719234 
39.950000 -5.708238 
39.951000 -5.697182 
39.952000 -5.686074 
39.953000 -5.674912 
39.954000 -5.663698 
39.955000 -5.652059 
39.956000 -5.640265 
39.957000 -5.628398 
39.958000 -5.616667 
39.959000 -5.604634 
39.960000 -5.592580 
39.961000 -5.580404 
39.962000 -5.568448 
39.963000 -5.556056 
39.964000 -5.543753 
39.965000 -5.531270 
39.966000 -5.518723 
39.967000 -5.505848 
39.968000 -5.492717 
39.969000 -5.479821 
39.970000 -5.466764 
39.971000 -5.453709 
39.972000 -5.440473 
39.973000 -5.427110 
39.974000 -5.413846 
39.975000 -5.400311 
39.976000 -5.386691 
39.977000 -5.372999 
39.978000 -5.359106 
39.979000 -5.345350 
39.980000 -5.331424 
39.981000 -5.317241 
39.982000 -5.303254 
39.983000 -5.288836 
39.984000 -5.274443 
39.985000 -5.260061 
39.986000 -5.245605 
39.987000 -5.231089 
39.988000 -5.216367 
39.989000 -5.201570 
39.990000 -5.186649 
39.991000 -5.171808 
39.992000 -5.156859 
39.993000 -5.141749 
39.994000 -5.126724 
39.995000 -5.111357 
39.996000 -5.096172 
39.997000 -5.080720 
39.998000 -5.065278 
39.999000 -5.049673 
40.000000 -5.034006 
40.001000 -5.018184 
40.002000 -5.002235 
40.003000 -4.986398 
40.004000 -4.969824 
40.005000 -4.953606 
40.006000 -4.937585 
40.007000 -4.921507 
40.008000 -4.905348 
40.009000 -4.889083 
40.010000 -4.872700 
40.011000 -4.856304 
40.012000 -4.839939 
40.013000 -4.823460 
40.014000 -4.806769 
40.015000 -4.790012 
40.016000 -4.773273 
40.017000 -4.756591 
40.018000 -4.739693 
40.019000 -4.722923 
40.020000 -4.705979 
40.021000 -4.688990 
40.022000 -4.672145 
40.023000 -4.655129 
40.024000 -4.638136 
40.025000 -4.621593 
40.026000 -4.603782 
40.027000 -4.586453 
40.028000 -4.569614 
40.029000 -4.552491 
40.030000 -4.535274 
40.031000 -4.518045 
40.032000 -4.500802 
40.033000 -4.483544 
40.034000 -4.466363 
40.035000 -4.448922 
40.036000 -4.431473 
40.037000 -4.414091 
40.038000 -4.396810 
40.039000 -4.379592 
40.040000 -4.362125 
40.041000 -4.344669 
40.042000 -4.327061 
40.043000 -4.309200 
40.044000 -4.291263 
40.045000 -4.273475 
40.046000 -4.255594 
40.047000 -4.237888 
40.048000 -4.220194 
40.049000 -4.203453 
40.050000 -4.184969 
40.051000 -4.167037 
40.052000 -4.149088 
40.053000 -4.131150 
40.054000 -4.113210 
40.055000 -4.095422 
40.056000 -4.077381 
40.057000 -4.059515 
40.058000 -4.041433 
40.059000 -4.023530 
40.060000 -4.005485 
40.061000 -3.987285 
40.062000 -3.969273 
40.063000 -3.951080 
40.064000 -3.932916 
40.065000 -3.914701 
40.066000 -3.896402 
40.067000 -3.878275 
40.068000 -3.860133 
40.069000 -3.842154 
40.070000 -3.823970 
40.071000 -3.805417 
40.072000 -3.786987 
40.073000 -3.769997 
40.074000 -3.750451 
40.075000 -3.732117 
40.076000 -3.713631 
40.077000 -3.695554 
40.078000 -3.677077 
40.079000 -3.658780 
40.080000 -3.640395 
40.081000 -3.621802 
40.082000 -3.603311 
40.083000 -3.584949 
40.084000 -3.566520 
40.085000 -3.548353 
40.086000 -3.529902 
40.087000 -3.511625 
40.088000 -3.493307 
40.089000 -3.475009 
40.090000 -3.456633 
40.091000 -3.438443 
40.092000 -3.420210 
40.093000 -3.401994 
40.094000 -3.384097 
40.095000 -3.366039 
40.096000 -3.347888 
40.097000 -3.329688 
40.098000 -3.311250 
40.099000 -3.293475 
40.100000 -3.276772 
40.101000 -3.257388 
40.102000 -3.238840 
40.103000 -3.220746 
40.104000 -3.202981 
40.105000 -3.184820 
40.106000 -3.166969 
40.107000 -3.149078 
40.108000 -3.130623 
40.109000 -3.112791 
40.110000 -3.095006 
40.111000 -3.077157 
40.112000 -3.059496 
40.113000 -3.041491 
40.114000 -3.023548 
40.115000 -3.006324 
40.116000 -2.988547 
40.117000 -2.971051 
40.118000 -2.953294 
40.119000 -2.935525 
40.120000 -2.917685 
40.121000 -2.899954 
40.122000 -2.882484 
40.123000 -2.864904 
40.124000 -2.847363 
40.125000 -2.830106 
40.126000 -2.812600 
40.127000 -2.795305 
40.128000 -2.778310 
40.129000 -2.761132 
40.130000 -2.745986 
40.131000 -2.727218 
40.132000 -2.710021 
40.133000 -2.692831 
40.134000 -2.676084 
40.135000 -2.659123 
40.136000 -2.642191 
40.137000 -2.625736 
40.138000 -2.609743 
40.139000 -2.593047 
40.140000 -2.576668 
40.141000 -2.560423 
40.142000 -2.544347 
40.143000 -2.527952 
40.144000 -2.512125 
40.145000 -2.496541 
40.146000 -2.480603 
40.147000 -2.464731 
40.148000 -2.449121 
40.149000 -2.433416 
40.150000 -2.417965 
40.151000 -2.402699 
40.152000 -2.387133 
40.153000 -2.372097 
40.154000 -2.357201 
40.155000 -2.342152 
40.156000 -2.327070 
40.157000 -2.311950 
40.158000 -2.296911 
40.159000 -2.282040 
40.160000 -2.267408 
40.161000 -2.252410 
40.162000 -2.237749 
40.163000 -2.225237 
40.164000 -2.209305 
40.165000 -2.194711 
40.166000 -2.180212 
40.167000 -2.165819 
40.168000 -2.151929 
40.169000 -2.137833 
40.170000 -2.124170 
40.171000 -2.110337 
40.172000 -2.096546 
40.173000 -2.082659 
40.174000 -2.069339 
40.175000 -2.055973 
40.176000 -2.042554 
40.177000 -2.029224 
40.178000 -2.016320 
40.179000 -2.003227 
40.180000 -1.990232 
40.181000 -1.976878 
40.182000 -1.964417 
40.183000 -1.951699 
40.184000 -1.938981 
40.185000 -1.926574 
40.186000 -1.914244 
40.187000 -1.901960 
40.188000 -1.889881 
40.189000 -1.877342 
40.190000 -1.865130 
40.191000 -1.853085 
40.192000 -1.841427 
40.193000 -1.829555 
40.194000 -1.817730 
40.195000 -1.805833 
40.196000 -1.794457 
40.197000 -1.782885 
40.198000 -1.771241 
40.199000 -1.759670 
40.200000 -1.748842 
40.201000 -1.737965 
40.202000 -1.726939 
40.203000 -1.715938 
40.204000 -1.707581 
40.205000 -1.694754 
40.206000 -1.683779 
40.207000 -1.672851 
40.208000 -1.662450 
40.209000 -1.652584 
40.210000 -1.641255 
40.211000 -1.631418 
40.212000 -1.621002 
40.213000 -1.610976 
40.214000 -1.600740 
40.215000 -1.590861 
40.216000 -1.580850 
40.217000 -1.571015 
40.218000 -1.561296 
40.219000 -1.551559 
40.220000 -1.542120 
40.221000 -1.532613 
40.222000 -1.523139 
40.223000 -1.514262 
40.224000 -1.504356 
40.225000 -1.494921 
40.226000 -1.485480 
40.227000 -1.476278 
40.228000 -1.467149 
40.229000 -1.457994 
40.230000 -1.448672 
40.231000 -1.439448 
40.232000 -1.431690 
40.233000 -1.423103 
40.234000 -1.414372 
40.235000 -1.406022 
40.236000 -1.397081 
40.237000 -1.388761 
40.238000 -1.380121 
40.239000 -1.371845 
40.240000 -1.363493 
40.241000 -1.355370 
40.242000 -1.347489 
40.243000 -1.339583 
40.244000 -1.331348 
40.245000 -1.323471 
40.246000 -1.315562 
40.247000 -1.307585 
40.248000 -1.299719 
40.249000 -1.291819 
40.250000 -1.284050 
40.251000 -1.276182 
40.252000 -1.268632 
40.253000 -1.261013 
40.254000 -1.253475 
40.255000 -1.246346 
40.256000 -1.238901 
40.257000 -1.231903 
40.258000 -1.224341 
40.259000 -1.217107 
40.260000 -1.212638 
40.261000 -1.203439 
40.262000 -1.196277 
40.263000 -1.189289 
40.264000 -1.182382 
40.265000 -1.175582 
40.266000 -1.168985 
40.267000 -1.162176 
40.268000 -1.155741 
40.269000 -1.149219 
40.270000 -1.142765 
40.271000 -1.136373 
40.272000 -1.129813 
40.273000 -1.123419 
40.274000 -1.117069 
40.275000 -1.111324 
40.276000 -1.106633 
40.277000 -1.097458 
40.278000 -1.091354 
40.279000 -1.085173 
40.280000 -1.079235 
40.281000 -1.073402 
40.282000 -1.067585 
40.283000 -1.061862 
40.284000 -1.055815 
40.285000 -1.049211 
40.286000 -1.043542 
40.287000 -1.038030 
40.288000 -1.032500 
40.289000 -1.026842 
40.290000 -1.021235 
40.291000 -1.015786 
40.292000 -1.010384 
40.293000 -1.004727 
40.294000 -0.999259 
40.295000 -0.993742 
40.296000 -0.988371 
40.297000 -0.982957 
40.298000 -0.977873 
40.299000 -0.972856 
40.300000 -0.967747 
40.301000 -0.963227 
40.302000 -0.958217 
40.303000 -0.953203 
40.304000 -0.947942 
40.305000 -0.942675 
40.306000 -0.937889 
40.307000 -0.933019 
40.308000 -0.928411 
40.309000 -0.923546 
40.310000 -0.918781 
40.311000 -0.913827 
40.312000 -0.909132 
40.313000 -0.904952 
40.314000 -0.900179 
40.315000 -0.895496 
40.316000 -0.891412 
40.317000 -0.886842 
40.318000 -0.882477 
40.319000 -0.878144 
40.320000 -0.873919 
40.321000 -0.869553 
40.322000 -0.865262 
40.323000 -0.860973 
40.324000 -0.856758 
40.325000 -0.852335 
40.326000 -0.848049 
40.327000 -0.843830 
40.328000 -0.840089 
40.329000 -0.835892 
40.330000 -0.831771 
40.331000 -0.828049 
40.332000 -0.824161 
40.333000 -0.820283 
40.334000 -0.816568 
40.335000 -0.812659 
40.336000 -0.808772 
40.337000 -0.804972 
40.338000 -0.800840 
40.339000 -0.797166 
40.340000 -0.793252 
40.341000 -0.789575 
40.342000 -0.785924 
40.343000 -0.781965 
40.344000 -0.778339 
40.345000 -0.774644 
40.346000 -0.771010 
40.347000 -0.767182 
40.348000 -0.763694 
40.349000 -0.760516 
40.350000 -0.756885 
40.351000 -0.753513 
40.352000 -0.750260 
40.353000 -0.746871 
40.354000 -0.743551 
40.355000 -0.740445 
40.356000 -0.736915 
40.357000 -0.733449 
40.358000 -0.729949 
40.359000 -0.726449 
40.360000 -0.723122 
40.361000 -0.719866 
40.362000 -0.717106 
40.363000 -0.713920 
40.364000 -0.710742 
40.365000 -0.707879 
40.366000 -0.704687 
40.367000 -0.701592 
40.368000 -0.698552 
40.369000 -0.695493 
40.370000 -0.692910 
40.371000 -0.690077 
40.372000 -0.687250 
40.373000 -0.684301 
40.374000 -0.681395 
40.375000 -0.678120 
40.376000 -0.674753 
40.377000 -0.672200 
40.378000 -0.669575 
40.379000 -0.666640 
40.380000 -0.664022 
40.381000 -0.661363 
40.382000 -0.658511 
40.383000 -0.655815 
40.384000 -0.652892 
40.385000 -0.650359 
40.386000 -0.647960 
40.387000 -0.645348 
40.388000 -0.642689 
40.389000 -0.640177 
40.390000 -0.637501 
40.391000 -0.634827 
40.392000 -0.632296 
40.393000 -0.630013 
40.394000 -0.627495 
40.395000 -0.625128 
40.396000 -0.622822 
40.397000 -0.620240 
40.398000 -0.617741 
40.399000 -0.615457 
40.400000 -0.612924 
40.401000 -0.610608 
40.402000 -0.608241 
40.403000 -0.605940 
40.404000 -0.603816 
40.405000 -0.601753 
40.406000 -0.599587 
40.407000 -0.597524 
40.408000 -0.595456 
40.409000 -0.593454 
40.410000 -0.591445 
40.411000 -0.589324 
40.412000 -0.587256 
40.413000 -0.585051 
40.414000 -0.583063 
40.415000 -0.580936 
40.416000 -0.578793 
40.417000 -0.577031 
40.418000 -0.575164 
40.419000 -0.573158 
40.420000 -0.571331 
40.421000 -0.569302 
40.422000 -0.567484 
40.423000 -0.565469 
40.424000 -0.563608 
40.425000 -0.561821 
40.426000 -0.559838 
40.427000 -0.557867 
40.428000 -0.556001 
40.429000 -0.554211 
40.430000 -0.552456 
40.431000 -0.550735 
40.432000 -0.549027 
40.433000 -0.547183 
40.434000 -0.545662 
40.435000 -0.544064 
40.436000 -0.542226 
40.437000 -0.540509 
40.438000 -0.538858 
40.439000 -0.537226 
40.440000 -0.535447 
40.441000 -0.533947 
40.442000 -0.532187 
40.443000 -0.530466 
40.444000 -0.528923 
40.445000 -0.527394 
40.446000 -0.525813 
40.447000 -0.524057 
40.448000 -0.522447 
40.449000 -0.520880 
40.450000 -0.519139 
40.451000 -0.517495 
40.452000 -0.516037 
40.453000 -0.514578 
40.454000 -0.512986 
40.455000 -0.511491 
40.456000 -0.510043 
40.457000 -0.508383 
40.458000 -0.506831 
40.459000 -0.505304 
40.460000 -0.503577 
40.461000 -0.501898 
40.462000 -0.500456 
40.463000 -0.498967 
40.464000 -0.497515 
40.465000 -0.496110 
40.466000 -0.494400 
40.467000 -0.492845 
40.468000 -0.491395 
40.469000 -0.489770 
40.470000 -0.488170 
40.471000 -0.486643 
40.472000 -0.485214 
40.473000 -0.483652 
40.474000 -0.482077 
40.475000 -0.478150 
40.476000 -0.478448 
40.477000 -0.477073 
40.478000 -0.475571 
40.479000 -0.473971 
40.480000 -0.472372 
40.481000 -0.470781 
40.482000 -0.469197 
40.483000 -0.467630 
40.484000 -0.465893 
40.485000 -0.464250 
40.486000 -0.462427 
40.487000 -0.460802 
40.488000 -0.459066 
40.489000 -0.457454 
40.490000 -0.455677 
40.491000 -0.454025 
40.492000 -0.452234 
40.493000 -0.450467 
40.494000 -0.448738 
40.495000 -0.446853 
40.496000 -0.444777 
40.497000 -0.442907 
40.498000 -0.440989 
40.499000 -0.438973 
40.500000 -0.437240 
40.501000 -0.435434 
40.502000 -0.433404 
40.503000 -0.431391 
40.504000 -0.429521 
40.505000 -0.427604 
40.506000 -0.425616 
40.507000 -0.423519 
40.508000 -0.421534 
40.509000 -0.419541 
40.510000 -0.417324 
40.511000 -0.415377 
40.512000 -0.413198 
40.513000 -0.411071 
40.514000 -0.409086 
40.515000 -0.406939 
40.516000 -0.404645 
40.517000 -0.402440 
40.518000 -0.400369 
40.519000 -0.398083 
40.520000 -0.395897 
40.521000 -0.393591 
40.522000 -0.391196 
40.523000 -0.388759 
40.524000 -0.386342 
40.525000 -0.383975 
40.526000 -0.381415 
40.527000 -0.378795 
40.528000 -0.376285 
40.529000 -0.373826 
40.530000 -0.371204 
40.531000 -0.368664 
40.532000 -0.366035 
40.533000 -0.363292 
40.534000 -0.358378 
40.535000 -0.357393 
40.536000 -0.355126 
40.537000 -0.352565 
40.538000 -0.349683 
40.539000 -0.346910 
40.540000 -0.344158 
40.541000 -0.341293 
40.542000 -0.338268 
40.543000 -0.335394 
40.544000 -0.332615 
40.545000 -0.329515 
40.546000 -0.326518 
40.547000 -0.323415 
40.548000 -0.320213 
40.549000 -0.316944 
40.550000 -0.313864 
40.551000 -0.310345 
40.552000 -0.306971 
40.553000 -0.304007 
40.554000 -0.300824 
40.555000 -0.297516 
40.556000 -0.294210 
40.557000 -0.290819 
40.558000 -0.287338 
40.559000 -0.283840 
40.560000 -0.280272 
40.561000 -0.276940 
40.562000 -0.273054 
40.563000 -0.269544 
40.564000 -0.266067 
40.565000 -0.262392 
40.566000 -0.258653 
40.567000 -0.255128 
40.568000 -0.251241 
40.569000 -0.247399 
40.570000 -0.243533 
40.571000 -0.239488 
40.572000 -0.235395 
40.573000 -0.231697 
40.574000 -0.227904 
40.575000 -0.223900 
40.576000 -0.219799 
40.577000 -0.215837 
40.578000 -0.209794 
40.579000 -0.207101 
40.580000 -0.203449 
40.581000 -0.199159 
40.582000 -0.194696 
40.583000 -0.190447 
40.584000 -0.186258 
40.585000 -0.181634 
40.586000 -0.177090 
40.587000 -0.172582 
40.588000 -0.168162 
40.589000 -0.163698 
40.590000 -0.158780 
40.591000 -0.154428 
40.592000 -0.149612 
40.593000 -0.144819 
40.594000 -0.139929 
40.595000 -0.135528 
40.596000 -0.130487 
40.597000 -0.125818 
40.598000 -0.120995 
40.599000 -0.115827 
40.600000 -0.110704 
40.601000 -0.105671 
40.602000 -0.100710 
40.603000 -0.095743 
40.604000 -0.090507 
40.605000 -0.085460 
40.606000 -0.080089 
40.607000 -0.074940 
40.608000 -0.069740 
40.609000 -0.064320 
40.610000 -0.058992 
40.611000 -0.053677 
40.612000 -0.048184 
40.613000 -0.042882 
40.614000 -0.037300 
40.615000 -0.030225 
40.616000 -0.025821 
40.617000 -0.020346 
40.618000 -0.014894 
40.619000 -0.009303 
40.620000 -0.003588 
40.621000 0.002051 
40.622000 0.007827 
40.623000 0.013608 
40.624000 0.019402 
40.625000 0.024915 
40.626000 0.031347 
40.627000 0.037388 
40.628000 0.043522 
40.629000 0.049432 
40.630000 0.055516 
40.631000 0.061599 
40.632000 0.067748 
40.633000 0.073701 
40.634000 0.079902 
40.635000 0.086082 
40.636000 0.092125 
40.637000 0.098279 
40.638000 0.104526 
40.639000 0.110976 
40.640000 0.117821 
40.641000 0.123473 
40.642000 0.129952 
40.643000 0.136309 
40.644000 0.142634 
40.645000 0.148920 
40.646000 0.155499 
40.647000 0.162069 
40.648000 0.169960 
40.649000 0.175629 
40.650000 0.181839 
40.651000 0.188410 
40.652000 0.195029 
40.653000 0.201689 
40.654000 0.208458 
40.655000 0.215218 
40.656000 0.221833 
40.657000 0.228504 
40.658000 0.235302 
40.659000 0.242102 
40.660000 0.248989 
40.661000 0.255965 
40.662000 0.262970 
40.663000 0.269650 
40.664000 0.276620 
40.665000 0.283937 
40.666000 0.290897 
40.667000 0.297949 
40.668000 0.305084 
40.669000 0.312319 
40.670000 0.320063 
40.671000 0.326099 
40.672000 0.333318 
40.673000 0.340339 
40.674000 0.347439 
40.675000 0.354741 
40.676000 0.362139 
40.677000 0.369238 
40.678000 0.376664 
40.679000 0.385093 
40.680000 0.391605 
40.681000 0.399038 
40.682000 0.406330 
40.683000 0.413809 
40.684000 0.421237 
40.685000 0.428904 
40.686000 0.436140 
40.687000 0.443722 
40.688000 0.451081 
40.689000 0.458793 
40.690000 0.466839 
40.691000 0.473040 
40.692000 0.480525 
40.693000 0.488100 
40.694000 0.495694 
40.695000 0.503219 
40.696000 0.510819 
40.697000 0.518534 
40.698000 0.526270 
40.699000 0.533903 
40.700000 0.541649 
40.701000 0.549330 
40.702000 0.556835 
40.703000 0.564364 
40.704000 0.571990 
40.705000 0.579705 
40.706000 0.587468 
40.707000 0.595836 
40.708000 0.602900 
40.709000 0.610571 
40.710000 0.618456 
40.711000 0.626447 
40.712000 0.634395 
40.713000 0.641731 
40.714000 0.649525 
40.715000 0.657209 
40.716000 0.665149 
40.717000 0.673011 
40.718000 0.680941 
40.719000 0.688907 
40.720000 0.696770 
40.721000 0.704444 
40.722000 0.712454 
40.723000 0.720227 
40.724000 0.728040 
40.725000 0.735842 
40.726000 0.743795 
40.727000 0.751596 
40.728000 0.759545 
40.729000 0.767483 
40.730000 0.775623 
40.731000 0.783634 
40.732000 0.791547 
40.733000 0.799427 
40.734000 0.807328 
40.735000 0.816186 
40.736000 0.823744 
40.737000 0.831475 
40.738000 0.839899 
40.739000 0.847953 
40.740000 0.855870 
40.741000 0.863662 
40.742000 0.871500 
40.743000 0.879625 
40.744000 0.887618 
40.745000 0.895611 
40.746000 0.903701 
40.747000 0.911687 
40.748000 0.919685 
40.749000 0.927491 
40.750000 0.935700 
40.751000 0.943485 
40.752000 0.951339 
40.753000 0.959407 
40.754000 0.967470 
40.755000 0.975312 
40.756000 0.983048 
40.757000 0.991036 
40.758000 0.999034 
40.759000 1.006723 
40.760000 1.014700 
40.761000 1.022771 
40.762000 1.030767 
40.763000 1.038484 
40.764000 1.046491 
40.765000 1.054011 
40.766000 1.061991 
40.767000 1.069599 
40.768000 1.077422 
40.769000 1.085340 
40.770000 1.093121 
40.771000 1.100874 
40.772000 1.108346 
40.773000 1.116076 
40.774000 1.124059 
40.775000 1.131854 
40.776000 1.139612 
40.777000 1.147525 
40.778000 1.155072 
40.779000 1.162605 
40.780000 1.170249 
40.781000 1.177796 
40.782000 1.185381 
40.783000 1.192754 
40.784000 1.200273 
40.785000 1.208154 
40.786000 1.215809 
40.787000 1.223207 
40.788000 1.230415 
40.789000 1.237931 
40.790000 1.245443 
40.791000 1.252757 
40.792000 1.259948 
40.793000 1.267552 
40.794000 1.274769 
40.795000 1.282294 
40.796000 1.289731 
40.797000 1.297136 
40.798000 1.304486 
40.799000 1.311744 
40.800000 1.318938 
40.801000 1.326131 
40.802000 1.333334 
40.803000 1.340400 
40.804000 1.347544 
40.805000 1.354776 
40.806000 1.361999 
40.807000 1.368712 
40.808000 1.375709 
40.809000 1.382794 
40.810000 1.389694 
40.811000 1.396897 
40.812000 1.403531 
40.813000 1.410509 
40.814000 1.417408 
40.815000 1.424062 
40.816000 1.431099 
40.817000 1.437478 
40.818000 1.443927 
40.819000 1.450522 
40.820000 1.457421 
40.821000 1.463997 
40.822000 1.470348 
40.823000 1.476894 
40.824000 1.483254 
40.825000 1.489516 
40.826000 1.495690 
40.827000 1.502060 
40.828000 1.509028 
40.829000 1.515526 
40.830000 1.521847 
40.831000 1.528001 
40.832000 1.534253 
40.833000 1.539947 
40.834000 1.546180 
40.835000 1.552481 
40.836000 1.558224 
40.837000 1.564232 
40.838000 1.570053 
40.839000 1.576011 
40.840000 1.581832 
40.841000 1.587801 
40.842000 1.593445 
40.843000 1.599120 
40.844000 1.605068 
40.845000 1.610899 
40.846000 1.616289 
40.847000 1.622218 
40.848000 1.627902 
40.849000 1.633273 
40.850000 1.638222 
40.851000 1.644131 
40.852000 1.649609 
40.853000 1.655362 
40.854000 1.660536 
40.855000 1.665907 
40.856000 1.670895 
40.857000 1.676285 
40.858000 1.681381 
40.859000 1.686438 
40.860000 1.691583 
