Time(s) Surface_Elevation(m)
36.861000 0.016180 
36.862000 0.016164 
36.863000 0.016148 
36.864000 0.016132 
36.865000 0.016116 
36.866000 0.016100 
36.867000 0.016083 
36.868000 0.016067 
36.869000 0.016050 
36.870000 0.016034 
36.871000 0.016017 
36.872000 0.016000 
36.873000 0.015983 
36.874000 0.015965 
36.875000 0.015948 
36.876000 0.015930 
36.877000 0.015913 
36.878000 0.015895 
36.879000 0.015877 
36.880000 0.015859 
36.881000 0.015841 
36.882000 0.015823 
36.883000 0.015804 
36.884000 0.015786 
36.885000 0.015767 
36.886000 0.015748 
36.887000 0.015729 
36.888000 0.015710 
36.889000 0.015691 
36.890000 0.015671 
36.891000 0.015651 
36.892000 0.015632 
36.893000 0.015612 
36.894000 0.015592 
36.895000 0.015572 
36.896000 0.015551 
36.897000 0.015531 
36.898000 0.015510 
36.899000 0.015489 
36.900000 0.015468 
36.901000 0.015447 
36.902000 0.015425 
36.903000 0.015404 
36.904000 0.015382 
36.905000 0.015360 
36.906000 0.015338 
36.907000 0.015316 
36.908000 0.015293 
36.909000 0.015271 
36.910000 0.015248 
36.911000 0.015225 
36.912000 0.015202 
36.913000 0.015178 
36.914000 0.015155 
36.915000 0.015131 
36.916000 0.015107 
36.917000 0.015083 
36.918000 0.015058 
36.919000 0.015034 
36.920000 0.015009 
36.921000 0.014984 
36.922000 0.014959 
36.923000 0.014933 
36.924000 0.014907 
36.925000 0.014881 
36.926000 0.014855 
36.927000 0.014829 
36.928000 0.014802 
36.929000 0.014775 
36.930000 0.014748 
36.931000 0.014721 
36.932000 0.014693 
36.933000 0.014665 
36.934000 0.014637 
36.935000 0.014609 
36.936000 0.014580 
36.937000 0.014551 
36.938000 0.014522 
36.939000 0.014492 
36.940000 0.014462 
36.941000 0.014432 
36.942000 0.014402 
36.943000 0.014371 
36.944000 0.014340 
36.945000 0.014309 
36.946000 0.014277 
36.947000 0.014246 
36.948000 0.014214 
36.949000 0.014182 
36.950000 0.014150 
36.951000 0.014118 
36.952000 0.014086 
36.953000 0.014054 
36.954000 0.014022 
36.955000 0.013989 
36.956000 0.013957 
36.957000 0.013924 
36.958000 0.013892 
36.959000 0.013859 
36.960000 0.013826 
36.961000 0.013793 
36.962000 0.013760 
36.963000 0.013727 
36.964000 0.013694 
36.965000 0.013661 
36.966000 0.013627 
36.967000 0.013594 
36.968000 0.013561 
36.969000 0.013527 
36.970000 0.013493 
36.971000 0.013459 
36.972000 0.013426 
36.973000 0.013392 
36.974000 0.013357 
36.975000 0.013323 
36.976000 0.013289 
36.977000 0.013255 
36.978000 0.013220 
36.979000 0.013185 
36.980000 0.013151 
36.981000 0.013116 
36.982000 0.013081 
36.983000 0.013046 
36.984000 0.013011 
36.985000 0.012976 
36.986000 0.012940 
36.987000 0.012905 
36.988000 0.012869 
36.989000 0.012834 
36.990000 0.012798 
36.991000 0.012762 
36.992000 0.012726 
36.993000 0.012690 
36.994000 0.012653 
36.995000 0.012617 
36.996000 0.012581 
36.997000 0.012544 
36.998000 0.012507 
36.999000 0.012470 
37.000000 0.012433 
37.001000 0.012396 
37.002000 0.012359 
37.003000 0.012322 
37.004000 0.012284 
37.005000 0.012247 
37.006000 0.012209 
37.007000 0.012171 
37.008000 0.012132 
37.009000 0.012094 
37.010000 0.012056 
37.011000 0.012017 
37.012000 0.011978 
37.013000 0.011939 
37.014000 0.011899 
37.015000 0.011858 
37.016000 0.011817 
37.017000 0.011776 
37.018000 0.011735 
37.019000 0.011693 
37.020000 0.011651 
37.021000 0.011608 
37.022000 0.011565 
37.023000 0.011522 
37.024000 0.011478 
37.025000 0.011434 
37.026000 0.011390 
37.027000 0.011346 
37.028000 0.011301 
37.029000 0.011256 
37.030000 0.011211 
37.031000 0.011166 
37.032000 0.011120 
37.033000 0.011075 
37.034000 0.011029 
37.035000 0.010982 
37.036000 0.010936 
37.037000 0.010889 
37.038000 0.010842 
37.039000 0.010795 
37.040000 0.010748 
37.041000 0.010701 
37.042000 0.010653 
37.043000 0.010606 
37.044000 0.010558 
37.045000 0.010510 
37.046000 0.010462 
37.047000 0.010413 
37.048000 0.010365 
37.049000 0.010316 
37.050000 0.010268 
37.051000 0.010219 
37.052000 0.010169 
37.053000 0.010120 
37.054000 0.010071 
37.055000 0.010021 
37.056000 0.009971 
37.057000 0.009921 
37.058000 0.009871 
37.059000 0.009821 
37.060000 0.009770 
37.061000 0.009720 
37.062000 0.009669 
37.063000 0.009618 
37.064000 0.009567 
37.065000 0.009516 
37.066000 0.009464 
37.067000 0.009412 
37.068000 0.009360 
37.069000 0.009308 
37.070000 0.009256 
37.071000 0.009204 
37.072000 0.009151 
37.073000 0.009098 
37.074000 0.009045 
37.075000 0.008992 
37.076000 0.008938 
37.077000 0.008884 
37.078000 0.008830 
37.079000 0.008776 
37.080000 0.008722 
37.081000 0.008667 
37.082000 0.008612 
37.083000 0.008557 
37.084000 0.008501 
37.085000 0.008446 
37.086000 0.008390 
37.087000 0.008333 
37.088000 0.008277 
37.089000 0.008220 
37.090000 0.008162 
37.091000 0.008105 
37.092000 0.008047 
37.093000 0.007989 
37.094000 0.007930 
37.095000 0.007871 
37.096000 0.007812 
37.097000 0.007752 
37.098000 0.007692 
37.099000 0.007632 
37.100000 0.007571 
37.101000 0.007510 
37.102000 0.007448 
37.103000 0.007386 
37.104000 0.007323 
37.105000 0.007260 
37.106000 0.007197 
37.107000 0.007133 
37.108000 0.007068 
37.109000 0.007003 
37.110000 0.006937 
37.111000 0.006871 
37.112000 0.006804 
37.113000 0.006737 
37.114000 0.006669 
37.115000 0.006600 
37.116000 0.006531 
37.117000 0.006461 
37.118000 0.006390 
37.119000 0.006319 
37.120000 0.006247 
37.121000 0.006174 
37.122000 0.006100 
37.123000 0.006025 
37.124000 0.005950 
37.125000 0.005874 
37.126000 0.005796 
37.127000 0.005718 
37.128000 0.005640 
37.129000 0.005562 
37.130000 0.005485 
37.131000 0.005407 
37.132000 0.005331 
37.133000 0.005255 
37.134000 0.005179 
37.135000 0.005103 
37.136000 0.005028 
37.137000 0.004954 
37.138000 0.004879 
37.139000 0.004805 
37.140000 0.004731 
37.141000 0.004658 
37.142000 0.004584 
37.143000 0.004511 
37.144000 0.004439 
37.145000 0.004366 
37.146000 0.004294 
37.147000 0.004222 
37.148000 0.004150 
37.149000 0.004078 
37.150000 0.004007 
37.151000 0.003935 
37.152000 0.003864 
37.153000 0.003793 
37.154000 0.003722 
37.155000 0.003651 
37.156000 0.003581 
37.157000 0.003510 
37.158000 0.003439 
37.159000 0.003369 
37.160000 0.003299 
37.161000 0.003228 
37.162000 0.003158 
37.163000 0.003088 
37.164000 0.003018 
37.165000 0.002948 
37.166000 0.002878 
37.167000 0.002808 
37.168000 0.002737 
37.169000 0.002667 
37.170000 0.002596 
37.171000 0.002526 
37.172000 0.002455 
37.173000 0.002385 
37.174000 0.002312 
37.175000 0.002238 
37.176000 0.002164 
37.177000 0.002090 
37.178000 0.002017 
37.179000 0.001943 
37.180000 0.001867 
37.181000 0.001791 
37.182000 0.001715 
37.183000 0.001639 
37.184000 0.001563 
37.185000 0.001487 
37.186000 0.001410 
37.187000 0.001334 
37.188000 0.001258 
37.189000 0.001181 
37.190000 0.001105 
37.191000 0.001029 
37.192000 0.000952 
37.193000 0.000876 
37.194000 0.000799 
37.195000 0.000722 
37.196000 0.000646 
37.197000 0.000569 
37.198000 0.000492 
37.199000 0.000415 
37.200000 0.000338 
37.201000 0.000261 
37.202000 0.000184 
37.203000 0.000106 
37.204000 0.000028 
37.205000 -0.000049 
37.206000 -0.000127 
37.207000 -0.000206 
37.208000 -0.000284 
37.209000 -0.000363 
37.210000 -0.000442 
37.211000 -0.000521 
37.212000 -0.000601 
37.213000 -0.000681 
37.214000 -0.000762 
37.215000 -0.000842 
37.216000 -0.000923 
37.217000 -0.001005 
37.218000 -0.001087 
37.219000 -0.001170 
37.220000 -0.001253 
37.221000 -0.001336 
37.222000 -0.001420 
37.223000 -0.001505 
37.224000 -0.001591 
37.225000 -0.001677 
37.226000 -0.001763 
37.227000 -0.001851 
37.228000 -0.001939 
37.229000 -0.002028 
37.230000 -0.002118 
37.231000 -0.002208 
37.232000 -0.002300 
37.233000 -0.002392 
37.234000 -0.002486 
37.235000 -0.002580 
37.236000 -0.002676 
37.237000 -0.002772 
37.238000 -0.002870 
37.239000 -0.002968 
37.240000 -0.003064 
37.241000 -0.003160 
37.242000 -0.003255 
37.243000 -0.003349 
37.244000 -0.003442 
37.245000 -0.003534 
37.246000 -0.003625 
37.247000 -0.003716 
37.248000 -0.003806 
37.249000 -0.003895 
37.250000 -0.003984 
37.251000 -0.004072 
37.252000 -0.004159 
37.253000 -0.004246 
37.254000 -0.004333 
37.255000 -0.004419 
37.256000 -0.004504 
37.257000 -0.004589 
37.258000 -0.004673 
37.259000 -0.004757 
37.260000 -0.004841 
37.261000 -0.004924 
37.262000 -0.005007 
37.263000 -0.005090 
37.264000 -0.005172 
37.265000 -0.005254 
37.266000 -0.005336 
37.267000 -0.005417 
37.268000 -0.005498 
37.269000 -0.005579 
37.270000 -0.005659 
37.271000 -0.005740 
37.272000 -0.005821 
37.273000 -0.005901 
37.274000 -0.005982 
37.275000 -0.006062 
37.276000 -0.006142 
37.277000 -0.006223 
37.278000 -0.006306 
37.279000 -0.006389 
37.280000 -0.006472 
37.281000 -0.006555 
37.282000 -0.006637 
37.283000 -0.006720 
37.284000 -0.006805 
37.285000 -0.006890 
37.286000 -0.006974 
37.287000 -0.007058 
37.288000 -0.007143 
37.289000 -0.007227 
37.290000 -0.007311 
37.291000 -0.007395 
37.292000 -0.007478 
37.293000 -0.007562 
37.294000 -0.007645 
37.295000 -0.007729 
37.296000 -0.007812 
37.297000 -0.007895 
37.298000 -0.007978 
37.299000 -0.008061 
37.300000 -0.008144 
37.301000 -0.008227 
37.302000 -0.008310 
37.303000 -0.008393 
37.304000 -0.008476 
37.305000 -0.008559 
37.306000 -0.008642 
37.307000 -0.008726 
37.308000 -0.008809 
37.309000 -0.008892 
37.310000 -0.008976 
37.311000 -0.009060 
37.312000 -0.009144 
37.313000 -0.009228 
37.314000 -0.009312 
37.315000 -0.009397 
37.316000 -0.009482 
37.317000 -0.009568 
37.318000 -0.009653 
37.319000 -0.009739 
37.320000 -0.009826 
37.321000 -0.009913 
37.322000 -0.010000 
37.323000 -0.010088 
37.324000 -0.010176 
37.325000 -0.010265 
37.326000 -0.010355 
37.327000 -0.010445 
37.328000 -0.010536 
37.329000 -0.010628 
37.330000 -0.010720 
37.331000 -0.010813 
37.332000 -0.010907 
37.333000 -0.011002 
37.334000 -0.011098 
37.335000 -0.011195 
37.336000 -0.011292 
37.337000 -0.011391 
37.338000 -0.011490 
37.339000 -0.011589 
37.340000 -0.011686 
37.341000 -0.011782 
37.342000 -0.011877 
37.343000 -0.011971 
37.344000 -0.012064 
37.345000 -0.012156 
37.346000 -0.012247 
37.347000 -0.012338 
37.348000 -0.012428 
37.349000 -0.012516 
37.350000 -0.012604 
37.351000 -0.012692 
37.352000 -0.012779 
37.353000 -0.012865 
37.354000 -0.012950 
37.355000 -0.013035 
37.356000 -0.013119 
37.357000 -0.013203 
37.358000 -0.013286 
37.359000 -0.013369 
37.360000 -0.013451 
37.361000 -0.013533 
37.362000 -0.013615 
37.363000 -0.013696 
37.364000 -0.013776 
37.365000 -0.013856 
37.366000 -0.013936 
37.367000 -0.014016 
37.368000 -0.014095 
37.369000 -0.014174 
37.370000 -0.014252 
37.371000 -0.014330 
37.372000 -0.014409 
37.373000 -0.014487 
37.374000 -0.014565 
37.375000 -0.014643 
37.376000 -0.014720 
37.377000 -0.014798 
37.378000 -0.014878 
37.379000 -0.014958 
37.380000 -0.015038 
37.381000 -0.015118 
37.382000 -0.015198 
37.383000 -0.015278 
37.384000 -0.015360 
37.385000 -0.015441 
37.386000 -0.015522 
37.387000 -0.015603 
37.388000 -0.015684 
37.389000 -0.015765 
37.390000 -0.015845 
37.391000 -0.015925 
37.392000 -0.016005 
37.393000 -0.016084 
37.394000 -0.016164 
37.395000 -0.016243 
37.396000 -0.016322 
37.397000 -0.016401 
37.398000 -0.016480 
37.399000 -0.016559 
37.400000 -0.016638 
37.401000 -0.016716 
37.402000 -0.016795 
37.403000 -0.016873 
37.404000 -0.016951 
37.405000 -0.017030 
37.406000 -0.017108 
37.407000 -0.017186 
37.408000 -0.017264 
37.409000 -0.017343 
37.410000 -0.017421 
37.411000 -0.017500 
37.412000 -0.017578 
37.413000 -0.017657 
37.414000 -0.017735 
37.415000 -0.017814 
37.416000 -0.017893 
37.417000 -0.017973 
37.418000 -0.018052 
37.419000 -0.018132 
37.420000 -0.018212 
37.421000 -0.018292 
37.422000 -0.018373 
37.423000 -0.018453 
37.424000 -0.018535 
37.425000 -0.018616 
37.426000 -0.018698 
37.427000 -0.018781 
37.428000 -0.018863 
37.429000 -0.018947 
37.430000 -0.019031 
37.431000 -0.019115 
37.432000 -0.019200 
37.433000 -0.019285 
37.434000 -0.019371 
37.435000 -0.019458 
37.436000 -0.019546 
37.437000 -0.019634 
37.438000 -0.019723 
37.439000 -0.019812 
37.440000 -0.019903 
37.441000 -0.019994 
37.442000 -0.020085 
37.443000 -0.020175 
37.444000 -0.020265 
37.445000 -0.020353 
37.446000 -0.020440 
37.447000 -0.020527 
37.448000 -0.020612 
37.449000 -0.020697 
37.450000 -0.020781 
37.451000 -0.020864 
37.452000 -0.020946 
37.453000 -0.021028 
37.454000 -0.021109 
37.455000 -0.021189 
37.456000 -0.021269 
37.457000 -0.021348 
37.458000 -0.021427 
37.459000 -0.021504 
37.460000 -0.021582 
37.461000 -0.021659 
37.462000 -0.021735 
37.463000 -0.021811 
37.464000 -0.021886 
37.465000 -0.021961 
37.466000 -0.022036 
37.467000 -0.022110 
37.468000 -0.022184 
37.469000 -0.022257 
37.470000 -0.022330 
37.471000 -0.022402 
37.472000 -0.022475 
37.473000 -0.022547 
37.474000 -0.022618 
37.475000 -0.022689 
37.476000 -0.022760 
37.477000 -0.022831 
37.478000 -0.022902 
37.479000 -0.022972 
37.480000 -0.023042 
37.481000 -0.023112 
37.482000 -0.023182 
37.483000 -0.023251 
37.484000 -0.023321 
37.485000 -0.023391 
37.486000 -0.023463 
37.487000 -0.023535 
37.488000 -0.023606 
37.489000 -0.023678 
37.490000 -0.023750 
37.491000 -0.023823 
37.492000 -0.023896 
37.493000 -0.023969 
37.494000 -0.024042 
37.495000 -0.024114 
37.496000 -0.024186 
37.497000 -0.024258 
37.498000 -0.024330 
37.499000 -0.024401 
37.500000 -0.024473 
37.501000 -0.024544 
37.502000 -0.024614 
37.503000 -0.024685 
37.504000 -0.024755 
37.505000 -0.024826 
37.506000 -0.024896 
37.507000 -0.024966 
37.508000 -0.025035 
37.509000 -0.025105 
37.510000 -0.025175 
37.511000 -0.025244 
37.512000 -0.025313 
37.513000 -0.025383 
37.514000 -0.025452 
37.515000 -0.025521 
37.516000 -0.025590 
37.517000 -0.025659 
37.518000 -0.025727 
37.519000 -0.025796 
37.520000 -0.025865 
37.521000 -0.025934 
37.522000 -0.026003 
37.523000 -0.026072 
37.524000 -0.026141 
37.525000 -0.026209 
37.526000 -0.026278 
37.527000 -0.026348 
37.528000 -0.026417 
37.529000 -0.026486 
37.530000 -0.026555 
37.531000 -0.026625 
37.532000 -0.026695 
37.533000 -0.026765 
37.534000 -0.026835 
37.535000 -0.026905 
37.536000 -0.026975 
37.537000 -0.027046 
37.538000 -0.027117 
37.539000 -0.027188 
37.540000 -0.027260 
37.541000 -0.027331 
37.542000 -0.027403 
37.543000 -0.027476 
37.544000 -0.027548 
37.545000 -0.027621 
37.546000 -0.027695 
37.547000 -0.027769 
37.548000 -0.027843 
37.549000 -0.027918 
37.550000 -0.027993 
37.551000 -0.028068 
37.552000 -0.028144 
37.553000 -0.028221 
37.554000 -0.028298 
37.555000 -0.028376 
37.556000 -0.028454 
37.557000 -0.028533 
37.558000 -0.028612 
37.559000 -0.028691 
37.560000 -0.028769 
37.561000 -0.028846 
37.562000 -0.028922 
37.563000 -0.028998 
37.564000 -0.029072 
37.565000 -0.029147 
37.566000 -0.029220 
37.567000 -0.029293 
37.568000 -0.029365 
37.569000 -0.029437 
37.570000 -0.029508 
37.571000 -0.029579 
37.572000 -0.029649 
37.573000 -0.029718 
37.574000 -0.029787 
37.575000 -0.029856 
37.576000 -0.029924 
37.577000 -0.029991 
37.578000 -0.030058 
37.579000 -0.030125 
37.580000 -0.030191 
37.581000 -0.030257 
37.582000 -0.030323 
37.583000 -0.030388 
37.584000 -0.030453 
37.585000 -0.030517 
37.586000 -0.030581 
37.587000 -0.030645 
37.588000 -0.030708 
37.589000 -0.030771 
37.590000 -0.030834 
37.591000 -0.030897 
37.592000 -0.030959 
37.593000 -0.031021 
37.594000 -0.031083 
37.595000 -0.031144 
37.596000 -0.031206 
37.597000 -0.031267 
37.598000 -0.031328 
37.599000 -0.031388 
37.600000 -0.031449 
37.601000 -0.031509 
37.602000 -0.031569 
37.603000 -0.031629 
37.604000 -0.031688 
37.605000 -0.031748 
37.606000 -0.031807 
37.607000 -0.031866 
37.608000 -0.031926 
37.609000 -0.031986 
37.610000 -0.032048 
37.611000 -0.032110 
37.612000 -0.032174 
37.613000 -0.032237 
37.614000 -0.032300 
37.615000 -0.032363 
37.616000 -0.032426 
37.617000 -0.032488 
37.618000 -0.032551 
37.619000 -0.032613 
37.620000 -0.032675 
37.621000 -0.032737 
37.622000 -0.032798 
37.623000 -0.032860 
37.624000 -0.032921 
37.625000 -0.032982 
37.626000 -0.033043 
37.627000 -0.033104 
37.628000 -0.033165 
37.629000 -0.033225 
37.630000 -0.033285 
37.631000 -0.033346 
37.632000 -0.033406 
37.633000 -0.033466 
37.634000 -0.033525 
37.635000 -0.033585 
37.636000 -0.033645 
37.637000 -0.033704 
37.638000 -0.033764 
37.639000 -0.033823 
37.640000 -0.033882 
37.641000 -0.033941 
37.642000 -0.034000 
37.643000 -0.034060 
37.644000 -0.034119 
37.645000 -0.034178 
37.646000 -0.034237 
37.647000 -0.034295 
37.648000 -0.034354 
37.649000 -0.034413 
37.650000 -0.034472 
37.651000 -0.034531 
37.652000 -0.034590 
37.653000 -0.034649 
37.654000 -0.034708 
37.655000 -0.034767 
37.656000 -0.034826 
37.657000 -0.034885 
37.658000 -0.034944 
37.659000 -0.035004 
37.660000 -0.035063 
37.661000 -0.035122 
37.662000 -0.035182 
37.663000 -0.035242 
37.664000 -0.035301 
37.665000 -0.035361 
37.666000 -0.035422 
37.667000 -0.035482 
37.668000 -0.035542 
37.669000 -0.035603 
37.670000 -0.035664 
37.671000 -0.035724 
37.672000 -0.035786 
37.673000 -0.035847 
37.674000 -0.035909 
37.675000 -0.035970 
37.676000 -0.036033 
37.677000 -0.036095 
37.678000 -0.036158 
37.679000 -0.036220 
37.680000 -0.036284 
37.681000 -0.036347 
37.682000 -0.036411 
37.683000 -0.036475 
37.684000 -0.036540 
37.685000 -0.036605 
37.686000 -0.036670 
37.687000 -0.036735 
37.688000 -0.036801 
37.689000 -0.036868 
37.690000 -0.036935 
37.691000 -0.037002 
37.692000 -0.037070 
37.693000 -0.037138 
37.694000 -0.037206 
37.695000 -0.037274 
37.696000 -0.037341 
37.697000 -0.037407 
37.698000 -0.037473 
37.699000 -0.037539 
37.700000 -0.037604 
37.701000 -0.037668 
37.702000 -0.037732 
37.703000 -0.037795 
37.704000 -0.037858 
37.705000 -0.037921 
37.706000 -0.037983 
37.707000 -0.038045 
37.708000 -0.038106 
37.709000 -0.038167 
37.710000 -0.038227 
37.711000 -0.038287 
37.712000 -0.038347 
37.713000 -0.038406 
37.714000 -0.038465 
37.715000 -0.038524 
37.716000 -0.038583 
37.717000 -0.038641 
37.718000 -0.038698 
37.719000 -0.038756 
37.720000 -0.038813 
37.721000 -0.038870 
37.722000 -0.038927 
37.723000 -0.038983 
37.724000 -0.039039 
37.725000 -0.039095 
37.726000 -0.039151 
37.727000 -0.039206 
37.728000 -0.039261 
37.729000 -0.039316 
37.730000 -0.039371 
37.731000 -0.039426 
37.732000 -0.039480 
37.733000 -0.039534 
37.734000 -0.039588 
37.735000 -0.039642 
37.736000 -0.039695 
37.737000 -0.039749 
37.738000 -0.039802 
37.739000 -0.039855 
37.740000 -0.039908 
37.741000 -0.039961 
37.742000 -0.040014 
37.743000 -0.040066 
37.744000 -0.040119 
37.745000 -0.040171 
37.746000 -0.040223 
37.747000 -0.040275 
37.748000 -0.040327 
37.749000 -0.040379 
37.750000 -0.040430 
37.751000 -0.040483 
37.752000 -0.040536 
37.753000 -0.040590 
37.754000 -0.040646 
37.755000 -0.040702 
37.756000 -0.040757 
37.757000 -0.040813 
37.758000 -0.040868 
37.759000 -0.040923 
37.760000 -0.040978 
37.761000 -0.041033 
37.762000 -0.041088 
37.763000 -0.041142 
37.764000 -0.041196 
37.765000 -0.041251 
37.766000 -0.041305 
37.767000 -0.041359 
37.768000 -0.041413 
37.769000 -0.041466 
37.770000 -0.041520 
37.771000 -0.041573 
37.772000 -0.041626 
37.773000 -0.041680 
37.774000 -0.041733 
37.775000 -0.041785 
37.776000 -0.041838 
37.777000 -0.041891 
37.778000 -0.041944 
37.779000 -0.041996 
37.780000 -0.042048 
37.781000 -0.042101 
37.782000 -0.042153 
37.783000 -0.042205 
37.784000 -0.042257 
37.785000 -0.042309 
37.786000 -0.042361 
37.787000 -0.042412 
37.788000 -0.042464 
37.789000 -0.042516 
37.790000 -0.042567 
37.791000 -0.042619 
37.792000 -0.042670 
37.793000 -0.042721 
37.794000 -0.042773 
37.795000 -0.042824 
37.796000 -0.042875 
37.797000 -0.042926 
37.798000 -0.042977 
37.799000 -0.043029 
37.800000 -0.043080 
37.801000 -0.043131 
37.802000 -0.043182 
37.803000 -0.043233 
37.804000 -0.043284 
37.805000 -0.043335 
37.806000 -0.043386 
37.807000 -0.043437 
37.808000 -0.043488 
37.809000 -0.043539 
37.810000 -0.043590 
37.811000 -0.043642 
37.812000 -0.043693 
37.813000 -0.043744 
37.814000 -0.043795 
37.815000 -0.043846 
37.816000 -0.043898 
37.817000 -0.043949 
37.818000 -0.044001 
37.819000 -0.044052 
37.820000 -0.044104 
37.821000 -0.044155 
37.822000 -0.044207 
37.823000 -0.044259 
37.824000 -0.044311 
37.825000 -0.044363 
37.826000 -0.044415 
37.827000 -0.044467 
37.828000 -0.044519 
37.829000 -0.044571 
37.830000 -0.044624 
37.831000 -0.044677 
37.832000 -0.044729 
37.833000 -0.044782 
37.834000 -0.044835 
37.835000 -0.044888 
37.836000 -0.044941 
37.837000 -0.044995 
37.838000 -0.045048 
37.839000 -0.045102 
37.840000 -0.045156 
37.841000 -0.045210 
37.842000 -0.045264 
37.843000 -0.045318 
37.844000 -0.045373 
37.845000 -0.045428 
37.846000 -0.045482 
37.847000 -0.045537 
37.848000 -0.045593 
37.849000 -0.045648 
37.850000 -0.045704 
37.851000 -0.045759 
37.852000 -0.045814 
37.853000 -0.045869 
37.854000 -0.045923 
37.855000 -0.045977 
37.856000 -0.046030 
37.857000 -0.046083 
37.858000 -0.046135 
37.859000 -0.046187 
37.860000 -0.046238 
37.861000 -0.046289 
37.862000 -0.046339 
37.863000 -0.046389 
37.864000 -0.046439 
37.865000 -0.046488 
37.866000 -0.046537 
37.867000 -0.046585 
37.868000 -0.046633 
37.869000 -0.046681 
37.870000 -0.046728 
37.871000 -0.046775 
37.872000 -0.046822 
37.873000 -0.046868 
37.874000 -0.046914 
37.875000 -0.046959 
37.876000 -0.047004 
37.877000 -0.047049 
37.878000 -0.047094 
37.879000 -0.047138 
37.880000 -0.047182 
37.881000 -0.047225 
37.882000 -0.047268 
37.883000 -0.047311 
37.884000 -0.047353 
37.885000 -0.047396 
37.886000 -0.047438 
37.887000 -0.047479 
37.888000 -0.047520 
37.889000 -0.047561 
37.890000 -0.047602 
37.891000 -0.047643 
37.892000 -0.047683 
37.893000 -0.047723 
37.894000 -0.047762 
37.895000 -0.047801 
37.896000 -0.047840 
37.897000 -0.047879 
37.898000 -0.047917 
37.899000 -0.047956 
37.900000 -0.047993 
37.901000 -0.048031 
37.902000 -0.048068 
37.903000 -0.048105 
37.904000 -0.048142 
37.905000 -0.048179 
37.906000 -0.048215 
37.907000 -0.048251 
37.908000 -0.048287 
37.909000 -0.048322 
37.910000 -0.048358 
37.911000 -0.048392 
37.912000 -0.048427 
37.913000 -0.048462 
37.914000 -0.048496 
37.915000 -0.048530 
37.916000 -0.048563 
37.917000 -0.048597 
37.918000 -0.048630 
37.919000 -0.048663 
37.920000 -0.048696 
37.921000 -0.048728 
37.922000 -0.048760 
37.923000 -0.048792 
37.924000 -0.048824 
37.925000 -0.048855 
37.926000 -0.048886 
37.927000 -0.048917 
37.928000 -0.048948 
37.929000 -0.048979 
37.930000 -0.049009 
37.931000 -0.049040 
37.932000 -0.049071 
37.933000 -0.049102 
37.934000 -0.049133 
37.935000 -0.049164 
37.936000 -0.049195 
37.937000 -0.049226 
37.938000 -0.049257 
37.939000 -0.049287 
37.940000 -0.049317 
37.941000 -0.049347 
37.942000 -0.049376 
37.943000 -0.049405 
37.944000 -0.049434 
37.945000 -0.049462 
37.946000 -0.049490 
37.947000 -0.049518 
37.948000 -0.049546 
37.949000 -0.049573 
37.950000 -0.049600 
37.951000 -0.049627 
37.952000 -0.049653 
37.953000 -0.049679 
37.954000 -0.049705 
37.955000 -0.049730 
37.956000 -0.049755 
37.957000 -0.049780 
37.958000 -0.049804 
37.959000 -0.049828 
37.960000 -0.049852 
37.961000 -0.049876 
37.962000 -0.049899 
37.963000 -0.049922 
37.964000 -0.049944 
37.965000 -0.049966 
37.966000 -0.049988 
37.967000 -0.050010 
37.968000 -0.050031 
37.969000 -0.050052 
37.970000 -0.050072 
37.971000 -0.050093 
37.972000 -0.050112 
37.973000 -0.050132 
37.974000 -0.050151 
37.975000 -0.050170 
37.976000 -0.050189 
37.977000 -0.050207 
37.978000 -0.050225 
37.979000 -0.050242 
37.980000 -0.050259 
37.981000 -0.050276 
37.982000 -0.050293 
37.983000 -0.050309 
37.984000 -0.050325 
37.985000 -0.050340 
37.986000 -0.050355 
37.987000 -0.050370 
37.988000 -0.050385 
37.989000 -0.050399 
37.990000 -0.050412 
37.991000 -0.050426 
37.992000 -0.050439 
37.993000 -0.050451 
37.994000 -0.050464 
37.995000 -0.050475 
37.996000 -0.050487 
37.997000 -0.050498 
37.998000 -0.050509 
37.999000 -0.050519 
38.000000 -0.050529 
38.001000 -0.050539 
38.002000 -0.050548 
38.003000 -0.050557 
38.004000 -0.050566 
38.005000 -0.050574 
38.006000 -0.050582 
38.007000 -0.050589 
38.008000 -0.050596 
38.009000 -0.050603 
38.010000 -0.050609 
38.011000 -0.050615 
38.012000 -0.050620 
38.013000 -0.050625 
38.014000 -0.050630 
38.015000 -0.050634 
38.016000 -0.050638 
38.017000 -0.050641 
38.018000 -0.050644 
38.019000 -0.050647 
38.020000 -0.050649 
38.021000 -0.050651 
38.022000 -0.050653 
38.023000 -0.050654 
38.024000 -0.050655 
38.025000 -0.050655 
38.026000 -0.050655 
38.027000 -0.050655 
38.028000 -0.050654 
38.029000 -0.050652 
38.030000 -0.050651 
38.031000 -0.050648 
38.032000 -0.050646 
38.033000 -0.050643 
38.034000 -0.050639 
38.035000 -0.050635 
38.036000 -0.050631 
38.037000 -0.050626 
38.038000 -0.050621 
38.039000 -0.050615 
38.040000 -0.050609 
38.041000 -0.050603 
38.042000 -0.050596 
38.043000 -0.050588 
38.044000 -0.050580 
38.045000 -0.050572 
38.046000 -0.050563 
38.047000 -0.050554 
38.048000 -0.050545 
38.049000 -0.050535 
38.050000 -0.050524 
38.051000 -0.050513 
38.052000 -0.050502 
38.053000 -0.050490 
38.054000 -0.050478 
38.055000 -0.050465 
38.056000 -0.050452 
38.057000 -0.050438 
38.058000 -0.050424 
38.059000 -0.050410 
38.060000 -0.050395 
38.061000 -0.050379 
38.062000 -0.050363 
38.063000 -0.050346 
38.064000 -0.050329 
38.065000 -0.050311 
38.066000 -0.050292 
38.067000 -0.050272 
38.068000 -0.050251 
38.069000 -0.050230 
38.070000 -0.050208 
38.071000 -0.050186 
38.072000 -0.050163 
38.073000 -0.050140 
38.074000 -0.050116 
38.075000 -0.050091 
38.076000 -0.050066 
38.077000 -0.050041 
38.078000 -0.050014 
38.079000 -0.049988 
38.080000 -0.049961 
38.081000 -0.049933 
38.082000 -0.049905 
38.083000 -0.049876 
38.084000 -0.049846 
38.085000 -0.049816 
38.086000 -0.049786 
38.087000 -0.049755 
38.088000 -0.049723 
38.089000 -0.049691 
38.090000 -0.049658 
38.091000 -0.049625 
38.092000 -0.049591 
38.093000 -0.049557 
38.094000 -0.049522 
38.095000 -0.049486 
38.096000 -0.049450 
38.097000 -0.049413 
38.098000 -0.049376 
38.099000 -0.049338 
38.100000 -0.049299 
38.101000 -0.049260 
38.102000 -0.049220 
38.103000 -0.049180 
38.104000 -0.049139 
38.105000 -0.049097 
38.106000 -0.049055 
38.107000 -0.049012 
38.108000 -0.048969 
38.109000 -0.048925 
38.110000 -0.048880 
38.111000 -0.048835 
38.112000 -0.048789 
38.113000 -0.048742 
38.114000 -0.048695 
38.115000 -0.048647 
38.116000 -0.048599 
38.117000 -0.048549 
38.118000 -0.048499 
38.119000 -0.048449 
38.120000 -0.048397 
38.121000 -0.048345 
38.122000 -0.048292 
38.123000 -0.048239 
38.124000 -0.048184 
38.125000 -0.048129 
38.126000 -0.048073 
38.127000 -0.048017 
38.128000 -0.047959 
38.129000 -0.047901 
38.130000 -0.047842 
38.131000 -0.047781 
38.132000 -0.047721 
38.133000 -0.047659 
38.134000 -0.047596 
38.135000 -0.047532 
38.136000 -0.047468 
38.137000 -0.047402 
38.138000 -0.047336 
38.139000 -0.047268 
38.140000 -0.047199 
38.141000 -0.047130 
38.142000 -0.047059 
38.143000 -0.046987 
38.144000 -0.046914 
38.145000 -0.046839 
38.146000 -0.046763 
38.147000 -0.046687 
38.148000 -0.046608 
38.149000 -0.046529 
38.150000 -0.046447 
38.151000 -0.046365 
38.152000 -0.046281 
38.153000 -0.046195 
38.154000 -0.046108 
38.155000 -0.046019 
38.156000 -0.045928 
38.157000 -0.045835 
38.158000 -0.045741 
38.159000 -0.045645 
38.160000 -0.045549 
38.161000 -0.045454 
38.162000 -0.045358 
38.163000 -0.045262 
38.164000 -0.045167 
38.165000 -0.045072 
38.166000 -0.044976 
38.167000 -0.044881 
38.168000 -0.044786 
38.169000 -0.044691 
38.170000 -0.044595 
38.171000 -0.044500 
38.172000 -0.044405 
38.173000 -0.044309 
38.174000 -0.044213 
38.175000 -0.044118 
38.176000 -0.044022 
38.177000 -0.043926 
38.178000 -0.043829 
38.179000 -0.043733 
38.180000 -0.043636 
38.181000 -0.043539 
38.182000 -0.043442 
38.183000 -0.043344 
38.184000 -0.043247 
38.185000 -0.043148 
38.186000 -0.043050 
38.187000 -0.042951 
38.188000 -0.042851 
38.189000 -0.042751 
38.190000 -0.042651 
38.191000 -0.042550 
38.192000 -0.042449 
38.193000 -0.042347 
38.194000 -0.042242 
38.195000 -0.042132 
38.196000 -0.042020 
38.197000 -0.041907 
38.198000 -0.041794 
38.199000 -0.041680 
38.200000 -0.041566 
38.201000 -0.041451 
38.202000 -0.041336 
38.203000 -0.041221 
38.204000 -0.041105 
38.205000 -0.040988 
38.206000 -0.040871 
38.207000 -0.040753 
38.208000 -0.040635 
38.209000 -0.040516 
38.210000 -0.040396 
38.211000 -0.040275 
38.212000 -0.040154 
38.213000 -0.040031 
38.214000 -0.039907 
38.215000 -0.039783 
38.216000 -0.039657 
38.217000 -0.039530 
38.218000 -0.039401 
38.219000 -0.039271 
38.220000 -0.039139 
38.221000 -0.039006 
38.222000 -0.038871 
38.223000 -0.038733 
38.224000 -0.038594 
38.225000 -0.038452 
38.226000 -0.038308 
38.227000 -0.038161 
38.228000 -0.038011 
38.229000 -0.037859 
38.230000 -0.037703 
38.231000 -0.037543 
38.232000 -0.037380 
38.233000 -0.037212 
38.234000 -0.037042 
38.235000 -0.036873 
38.236000 -0.036707 
38.237000 -0.036542 
38.238000 -0.036379 
38.239000 -0.036218 
38.240000 -0.036058 
38.241000 -0.035899 
38.242000 -0.035742 
38.243000 -0.035585 
38.244000 -0.035430 
38.245000 -0.035275 
38.246000 -0.035121 
38.247000 -0.034968 
38.248000 -0.034815 
38.249000 -0.034662 
38.250000 -0.034510 
38.251000 -0.034357 
38.252000 -0.034205 
38.253000 -0.034053 
38.254000 -0.033900 
38.255000 -0.033747 
38.256000 -0.033589 
38.257000 -0.033424 
38.258000 -0.033257 
38.259000 -0.033091 
38.260000 -0.032924 
38.261000 -0.032758 
38.262000 -0.032591 
38.263000 -0.032424 
38.264000 -0.032257 
38.265000 -0.032089 
38.266000 -0.031921 
38.267000 -0.031752 
38.268000 -0.031581 
38.269000 -0.031410 
38.270000 -0.031238 
38.271000 -0.031063 
38.272000 -0.030887 
38.273000 -0.030709 
38.274000 -0.030529 
38.275000 -0.030346 
38.276000 -0.030161 
38.277000 -0.029972 
38.278000 -0.029779 
38.279000 -0.029582 
38.280000 -0.029381 
38.281000 -0.029175 
38.282000 -0.028964 
38.283000 -0.028747 
38.284000 -0.028523 
38.285000 -0.028301 
38.286000 -0.028083 
38.287000 -0.027869 
38.288000 -0.027658 
38.289000 -0.027450 
38.290000 -0.027245 
38.291000 -0.027043 
38.292000 -0.026842 
38.293000 -0.026644 
38.294000 -0.026447 
38.295000 -0.026251 
38.296000 -0.026057 
38.297000 -0.025863 
38.298000 -0.025670 
38.299000 -0.025477 
38.300000 -0.025284 
38.301000 -0.025089 
38.302000 -0.024887 
38.303000 -0.024680 
38.304000 -0.024472 
38.305000 -0.024265 
38.306000 -0.024058 
38.307000 -0.023851 
38.308000 -0.023644 
38.309000 -0.023436 
38.310000 -0.023228 
38.311000 -0.023019 
38.312000 -0.022808 
38.313000 -0.022596 
38.314000 -0.022382 
38.315000 -0.022166 
38.316000 -0.021946 
38.317000 -0.021723 
38.318000 -0.021497 
38.319000 -0.021265 
38.320000 -0.021028 
38.321000 -0.020786 
38.322000 -0.020536 
38.323000 -0.020279 
38.324000 -0.020014 
38.325000 -0.019747 
38.326000 -0.019486 
38.327000 -0.019231 
38.328000 -0.018982 
38.329000 -0.018737 
38.330000 -0.018496 
38.331000 -0.018258 
38.332000 -0.018024 
38.333000 -0.017792 
38.334000 -0.017562 
38.335000 -0.017333 
38.336000 -0.017106 
38.337000 -0.016880 
38.338000 -0.016653 
38.339000 -0.016422 
38.340000 -0.016186 
38.341000 -0.015946 
38.342000 -0.015704 
38.343000 -0.015463 
38.344000 -0.015223 
38.345000 -0.014982 
38.346000 -0.014741 
38.347000 -0.014500 
38.348000 -0.014257 
38.349000 -0.014012 
38.350000 -0.013765 
38.351000 -0.013514 
38.352000 -0.013260 
38.353000 -0.013001 
38.354000 -0.012737 
38.355000 -0.012466 
38.356000 -0.012188 
38.357000 -0.011901 
38.358000 -0.011605 
38.359000 -0.011299 
38.360000 -0.010999 
38.361000 -0.010707 
38.362000 -0.010422 
38.363000 -0.010144 
38.364000 -0.009871 
38.365000 -0.009603 
38.366000 -0.009339 
38.367000 -0.009077 
38.368000 -0.008819 
38.369000 -0.008562 
38.370000 -0.008306 
38.371000 -0.008050 
38.372000 -0.007788 
38.373000 -0.007524 
38.374000 -0.007258 
38.375000 -0.006988 
38.376000 -0.006718 
38.377000 -0.006449 
38.378000 -0.006179 
38.379000 -0.005908 
38.380000 -0.005636 
38.381000 -0.005362 
38.382000 -0.005084 
38.383000 -0.004803 
38.384000 -0.004516 
38.385000 -0.004223 
38.386000 -0.003923 
38.387000 -0.003614 
38.388000 -0.003294 
38.389000 -0.002962 
38.390000 -0.002623 
38.391000 -0.002294 
38.392000 -0.001975 
38.393000 -0.001665 
38.394000 -0.001361 
38.395000 -0.001064 
38.396000 -0.000772 
38.397000 -0.000484 
38.398000 -0.000199 
38.399000 0.000085 
38.400000 0.000366 
38.401000 0.000650 
38.402000 0.000939 
38.403000 0.001227 
38.404000 0.001517 
38.405000 0.001812 
38.406000 0.002107 
38.407000 0.002403 
38.408000 0.002700 
38.409000 0.002998 
38.410000 0.003300 
38.411000 0.003605 
38.412000 0.003915 
38.413000 0.004233 
38.414000 0.004558 
38.415000 0.004893 
38.416000 0.005240 
38.417000 0.005600 
38.418000 0.005970 
38.419000 0.006327 
38.420000 0.006672 
38.421000 0.007007 
38.422000 0.007334 
38.423000 0.007654 
38.424000 0.007968 
38.425000 0.008279 
38.426000 0.008586 
38.427000 0.008890 
38.428000 0.009197 
38.429000 0.009508 
38.430000 0.009818 
38.431000 0.010127 
38.432000 0.010443 
38.433000 0.010761 
38.434000 0.011080 
38.435000 0.011401 
38.436000 0.011725 
38.437000 0.012052 
38.438000 0.012385 
38.439000 0.012725 
38.440000 0.013074 
38.441000 0.013434 
38.442000 0.013807 
38.443000 0.014195 
38.444000 0.014592 
38.445000 0.014973 
38.446000 0.015341 
38.447000 0.015698 
38.448000 0.016045 
38.449000 0.016385 
38.450000 0.016720 
38.451000 0.017050 
38.452000 0.017376 
38.453000 0.017701 
38.454000 0.018034 
38.455000 0.018364 
38.456000 0.018692 
38.457000 0.019022 
38.458000 0.019362 
38.459000 0.019702 
38.460000 0.020045 
38.461000 0.020392 
38.462000 0.020744 
38.463000 0.021103 
38.464000 0.021471 
38.465000 0.021849 
38.466000 0.022242 
38.467000 0.022651 
38.468000 0.023075 
38.469000 0.023484 
38.470000 0.023878 
38.471000 0.024258 
38.472000 0.024628 
38.473000 0.024990 
38.474000 0.025345 
38.475000 0.025693 
38.476000 0.026036 
38.477000 0.026385 
38.478000 0.026735 
38.479000 0.027083 
38.480000 0.027431 
38.481000 0.027779 
38.482000 0.028139 
38.483000 0.028502 
38.484000 0.028868 
38.485000 0.029240 
38.486000 0.029619 
38.487000 0.030009 
38.488000 0.030410 
38.489000 0.030827 
38.490000 0.031262 
38.491000 0.031711 
38.492000 0.032141 
38.493000 0.032554 
38.494000 0.032952 
38.495000 0.033340 
38.496000 0.033718 
38.497000 0.034088 
38.498000 0.034451 
38.499000 0.034814 
38.500000 0.035182 
38.501000 0.035548 
38.502000 0.035912 
38.503000 0.036276 
38.504000 0.036646 
38.505000 0.037027 
38.506000 0.037411 
38.507000 0.037802 
38.508000 0.038202 
38.509000 0.038612 
38.510000 0.039037 
38.511000 0.039478 
38.512000 0.039941 
38.513000 0.040409 
38.514000 0.040854 
38.515000 0.041281 
38.516000 0.041694 
38.517000 0.042094 
38.518000 0.042484 
38.519000 0.042866 
38.520000 0.043242 
38.521000 0.043625 
38.522000 0.044006 
38.523000 0.044385 
38.524000 0.044764 
38.525000 0.045144 
38.526000 0.045537 
38.527000 0.045937 
38.528000 0.046344 
38.529000 0.046761 
38.530000 0.047189 
38.531000 0.047633 
38.532000 0.048095 
38.533000 0.048580 
38.534000 0.049064 
38.535000 0.049523 
38.536000 0.049963 
38.537000 0.050387 
38.538000 0.050797 
38.539000 0.051198 
38.540000 0.051589 
38.541000 0.051982 
38.542000 0.052376 
38.543000 0.052768 
38.544000 0.053160 
38.545000 0.053552 
38.546000 0.053946 
38.547000 0.054358 
38.548000 0.054776 
38.549000 0.055204 
38.550000 0.055643 
38.551000 0.056098 
38.552000 0.056572 
38.553000 0.057069 
38.554000 0.057572 
38.555000 0.058049 
38.556000 0.058503 
38.557000 0.058940 
38.558000 0.059362 
38.559000 0.059773 
38.560000 0.060174 
38.561000 0.060578 
38.562000 0.060982 
38.563000 0.061383 
38.564000 0.061784 
38.565000 0.062187 
38.566000 0.062593 
38.567000 0.063014 
38.568000 0.063446 
38.569000 0.063888 
38.570000 0.064344 
38.571000 0.064816 
38.572000 0.065309 
38.573000 0.065827 
38.574000 0.066331 
38.575000 0.066809 
38.576000 0.067264 
38.577000 0.067702 
38.578000 0.068127 
38.579000 0.068540 
38.580000 0.068948 
38.581000 0.069360 
38.582000 0.069769 
38.583000 0.070177 
38.584000 0.070586 
38.585000 0.070998 
38.586000 0.071416 
38.587000 0.071852 
38.588000 0.072299 
38.589000 0.072757 
38.590000 0.073231 
38.591000 0.073725 
38.592000 0.074243 
38.593000 0.074763 
38.594000 0.075253 
38.595000 0.075718 
38.596000 0.076164 
38.597000 0.076595 
38.598000 0.077014 
38.599000 0.077424 
38.600000 0.077839 
38.601000 0.078250 
38.602000 0.078661 
38.603000 0.079072 
38.604000 0.079485 
38.605000 0.079903 
38.606000 0.080337 
38.607000 0.080783 
38.608000 0.081241 
38.609000 0.081712 
38.610000 0.082202 
38.611000 0.082715 
38.612000 0.083238 
38.613000 0.083731 
38.614000 0.084197 
38.615000 0.084643 
38.616000 0.085073 
38.617000 0.085489 
38.618000 0.085896 
38.619000 0.086305 
38.620000 0.086712 
38.621000 0.087117 
38.622000 0.087523 
38.623000 0.087930 
38.624000 0.088341 
38.625000 0.088762 
38.626000 0.089198 
38.627000 0.089643 
38.628000 0.090100 
38.629000 0.090572 
38.630000 0.091063 
38.631000 0.091574 
38.632000 0.092067 
38.633000 0.092531 
38.634000 0.092972 
38.635000 0.093395 
38.636000 0.093804 
38.637000 0.094201 
38.638000 0.094593 
38.639000 0.094986 
38.640000 0.095376 
38.641000 0.095765 
38.642000 0.096155 
38.643000 0.096547 
38.644000 0.096942 
38.645000 0.097348 
38.646000 0.097764 
38.647000 0.098188 
38.648000 0.098622 
38.649000 0.099068 
38.650000 0.099528 
38.651000 0.100006 
38.652000 0.100478 
38.653000 0.100921 
38.654000 0.101341 
38.655000 0.101741 
38.656000 0.102127 
38.657000 0.102500 
38.658000 0.102864 
38.659000 0.103226 
38.660000 0.103587 
38.661000 0.103946 
38.662000 0.104303 
38.663000 0.104660 
38.664000 0.105019 
38.665000 0.105379 
38.666000 0.105748 
38.667000 0.106123 
38.668000 0.106503 
38.669000 0.106889 
38.670000 0.107281 
38.671000 0.107680 
38.672000 0.108089 
38.673000 0.108509 
38.674000 0.108926 
38.675000 0.109318 
38.676000 0.109689 
38.677000 0.110041 
38.678000 0.110378 
38.679000 0.110702 
38.680000 0.111017 
38.681000 0.111323 
38.682000 0.111623 
38.683000 0.111924 
38.684000 0.112221 
38.685000 0.112516 
38.686000 0.112809 
38.687000 0.113101 
38.688000 0.113391 
38.689000 0.113682 
38.690000 0.113976 
38.691000 0.114272 
38.692000 0.114567 
38.693000 0.114862 
38.694000 0.115157 
38.695000 0.115452 
38.696000 0.115749 
38.697000 0.116045 
38.698000 0.116342 
38.699000 0.116640 
38.700000 0.116939 
38.701000 0.117238 
38.702000 0.117524 
38.703000 0.117793 
38.704000 0.118047 
38.705000 0.118288 
38.706000 0.118516 
38.707000 0.118735 
38.708000 0.118944 
38.709000 0.119145 
38.710000 0.119338 
38.711000 0.119525 
38.712000 0.119706 
38.713000 0.119882 
38.714000 0.120053 
38.715000 0.120221 
38.716000 0.120387 
38.717000 0.120550 
38.718000 0.120710 
38.719000 0.120867 
38.720000 0.121020 
38.721000 0.121171 
38.722000 0.121319 
38.723000 0.121464 
38.724000 0.121606 
38.725000 0.121746 
38.726000 0.121882 
38.727000 0.122015 
38.728000 0.122144 
38.729000 0.122269 
38.730000 0.122390 
38.731000 0.122506 
38.732000 0.122617 
38.733000 0.122724 
38.734000 0.122825 
38.735000 0.122921 
38.736000 0.123012 
38.737000 0.123096 
38.738000 0.123175 
38.739000 0.123246 
38.740000 0.123311 
38.741000 0.123369 
38.742000 0.123419 
38.743000 0.123461 
38.744000 0.123495 
38.745000 0.123521 
38.746000 0.123540 
38.747000 0.123550 
38.748000 0.123553 
38.749000 0.123548 
38.750000 0.123535 
38.751000 0.123516 
38.752000 0.123489 
38.753000 0.123455 
38.754000 0.123414 
38.755000 0.123367 
38.756000 0.123315 
38.757000 0.123258 
38.758000 0.123195 
38.759000 0.123127 
38.760000 0.123054 
38.761000 0.122977 
38.762000 0.122894 
38.763000 0.122807 
38.764000 0.122715 
38.765000 0.122617 
38.766000 0.122512 
38.767000 0.122397 
38.768000 0.122277 
38.769000 0.122152 
38.770000 0.122022 
38.771000 0.121886 
38.772000 0.121745 
38.773000 0.121598 
38.774000 0.121445 
38.775000 0.121287 
38.776000 0.121123 
38.777000 0.120953 
38.778000 0.120776 
38.779000 0.120594 
38.780000 0.120404 
38.781000 0.120209 
38.782000 0.120006 
38.783000 0.119796 
38.784000 0.119578 
38.785000 0.119352 
38.786000 0.119117 
38.787000 0.118873 
38.788000 0.118619 
38.789000 0.118353 
38.790000 0.118075 
38.791000 0.117784 
38.792000 0.117477 
38.793000 0.117152 
38.794000 0.116821 
38.795000 0.116495 
38.796000 0.116174 
38.797000 0.115856 
38.798000 0.115541 
38.799000 0.115226 
38.800000 0.114913 
38.801000 0.114598 
38.802000 0.114282 
38.803000 0.113965 
38.804000 0.113634 
38.805000 0.113300 
38.806000 0.112961 
38.807000 0.112618 
38.808000 0.112264 
38.809000 0.111900 
38.810000 0.111529 
38.811000 0.111151 
38.812000 0.110763 
38.813000 0.110364 
38.814000 0.109951 
38.815000 0.109522 
38.816000 0.109073 
38.817000 0.108600 
38.818000 0.108120 
38.819000 0.107662 
38.820000 0.107219 
38.821000 0.106788 
38.822000 0.106366 
38.823000 0.105951 
38.824000 0.105540 
38.825000 0.105124 
38.826000 0.104703 
38.827000 0.104281 
38.828000 0.103858 
38.829000 0.103431 
38.830000 0.102987 
38.831000 0.102534 
38.832000 0.102071 
38.833000 0.101594 
38.834000 0.101100 
38.835000 0.100583 
38.836000 0.100038 
38.837000 0.099488 
38.838000 0.098968 
38.839000 0.098470 
38.840000 0.097989 
38.841000 0.097520 
38.842000 0.097062 
38.843000 0.096604 
38.844000 0.096141 
38.845000 0.095679 
38.846000 0.095217 
38.847000 0.094752 
38.848000 0.094273 
38.849000 0.093779 
38.850000 0.093273 
38.851000 0.092750 
38.852000 0.092204 
38.853000 0.091629 
38.854000 0.091034 
38.855000 0.090471 
38.856000 0.089936 
38.857000 0.089422 
38.858000 0.088923 
38.859000 0.088436 
38.860000 0.087950 
38.861000 0.087460 
38.862000 0.086972 
38.863000 0.086483 
38.864000 0.085993 
38.865000 0.085482 
38.866000 0.084955 
38.867000 0.084414 
38.868000 0.083850 
38.869000 0.083257 
38.870000 0.082630 
38.871000 0.082029 
38.872000 0.081460 
38.873000 0.080917 
38.874000 0.080392 
38.875000 0.079881 
38.876000 0.079374 
38.877000 0.078862 
38.878000 0.078352 
38.879000 0.077843 
38.880000 0.077331 
38.881000 0.076799 
38.882000 0.076247 
38.883000 0.075678 
38.884000 0.075082 
38.885000 0.074451 
38.886000 0.073802 
38.887000 0.073193 
38.888000 0.072616 
38.889000 0.072063 
38.890000 0.071529 
38.891000 0.071008 
38.892000 0.070478 
38.893000 0.069953 
38.894000 0.069429 
38.895000 0.068905 
38.896000 0.068371 
38.897000 0.067808 
38.898000 0.067228 
38.899000 0.066623 
38.900000 0.065983 
38.901000 0.065317 
38.902000 0.064689 
38.903000 0.064097 
38.904000 0.063531 
38.905000 0.062985 
38.906000 0.062455 
38.907000 0.061917 
38.908000 0.061385 
38.909000 0.060855 
38.910000 0.060324 
38.911000 0.059787 
38.912000 0.059217 
38.913000 0.058631 
38.914000 0.058019 
38.915000 0.057372 
38.916000 0.056702 
38.917000 0.056074 
38.918000 0.055481 
38.919000 0.054914 
38.920000 0.054368 
38.921000 0.053837 
38.922000 0.053298 
38.923000 0.052766 
38.924000 0.052237 
38.925000 0.051707 
38.926000 0.051169 
38.927000 0.050601 
38.928000 0.050015 
38.929000 0.049405 
38.930000 0.048759 
38.931000 0.048094 
38.932000 0.047472 
38.933000 0.046885 
38.934000 0.046324 
38.935000 0.045783 
38.936000 0.045257 
38.937000 0.044724 
38.938000 0.044197 
38.939000 0.043674 
38.940000 0.043151 
38.941000 0.042620 
38.942000 0.042060 
38.943000 0.041485 
38.944000 0.040885 
38.945000 0.040253 
38.946000 0.039597 
38.947000 0.038980 
38.948000 0.038398 
38.949000 0.037843 
38.950000 0.037308 
38.951000 0.036790 
38.952000 0.036267 
38.953000 0.035748 
38.954000 0.035234 
38.955000 0.034722 
38.956000 0.034207 
38.957000 0.033663 
38.958000 0.033105 
38.959000 0.032528 
38.960000 0.031923 
38.961000 0.031283 
38.962000 0.030662 
38.963000 0.030080 
38.964000 0.029526 
38.965000 0.028994 
38.966000 0.028480 
38.967000 0.027974 
38.968000 0.027463 
38.969000 0.026960 
38.970000 0.026460 
38.971000 0.025960 
38.972000 0.025447 
38.973000 0.024914 
38.974000 0.024366 
38.975000 0.023798 
38.976000 0.023202 
38.977000 0.022576 
38.978000 0.021982 
38.979000 0.021421 
38.980000 0.020886 
38.981000 0.020371 
38.982000 0.019873 
38.983000 0.019381 
38.984000 0.018887 
38.985000 0.018399 
38.986000 0.017915 
38.987000 0.017431 
38.988000 0.016935 
38.989000 0.016421 
38.990000 0.015895 
38.991000 0.015351 
38.992000 0.014783 
38.993000 0.014182 
38.994000 0.013597 
38.995000 0.013046 
38.996000 0.012521 
38.997000 0.012018 
38.998000 0.011531 
38.999000 0.011058 
39.000000 0.010579 
39.001000 0.010107 
39.002000 0.009639 
39.003000 0.009175 
39.004000 0.008710 
39.005000 0.008222 
39.006000 0.007728 
39.007000 0.007221 
39.008000 0.006697 
39.009000 0.006150 
39.010000 0.005573 
39.011000 0.005015 
39.012000 0.004488 
39.013000 0.003986 
39.014000 0.003502 
39.015000 0.003035 
39.016000 0.002581 
39.017000 0.002125 
39.018000 0.001672 
39.019000 0.001225 
39.020000 0.000781 
39.021000 0.000339 
39.022000 -0.000119 
39.023000 -0.000585 
39.024000 -0.001059 
39.025000 -0.001545 
39.026000 -0.002049 
39.027000 -0.002576 
39.028000 -0.003124 
39.029000 -0.003647 
39.030000 -0.004142 
39.031000 -0.004617 
39.032000 -0.005074 
39.033000 -0.005517 
39.034000 -0.005948 
39.035000 -0.006378 
39.036000 -0.006807 
39.037000 -0.007231 
39.038000 -0.007650 
39.039000 -0.008068 
39.040000 -0.008495 
39.041000 -0.008931 
39.042000 -0.009372 
39.043000 -0.009821 
39.044000 -0.010283 
39.045000 -0.010762 
39.046000 -0.011262 
39.047000 -0.011774 
39.048000 -0.012260 
39.049000 -0.012723 
39.050000 -0.013168 
39.051000 -0.013598 
39.052000 -0.014014 
39.053000 -0.014420 
39.054000 -0.014820 
39.055000 -0.015224 
39.056000 -0.015621 
39.057000 -0.016014 
39.058000 -0.016404 
39.059000 -0.016796 
39.060000 -0.017199 
39.061000 -0.017604 
39.062000 -0.018014 
39.063000 -0.018430 
39.064000 -0.018858 
39.065000 -0.019300 
39.066000 -0.019759 
39.067000 -0.020235 
39.068000 -0.020691 
39.069000 -0.021125 
39.070000 -0.021542 
39.071000 -0.021946 
39.072000 -0.022338 
39.073000 -0.022719 
39.074000 -0.023091 
39.075000 -0.023460 
39.076000 -0.023831 
39.077000 -0.024196 
39.078000 -0.024556 
39.079000 -0.024913 
39.080000 -0.025274 
39.081000 -0.025641 
39.082000 -0.026008 
39.083000 -0.026378 
39.084000 -0.026753 
39.085000 -0.027135 
39.086000 -0.027527 
39.087000 -0.027931 
39.088000 -0.028351 
39.089000 -0.028784 
39.090000 -0.029201 
39.091000 -0.029599 
39.092000 -0.029981 
39.093000 -0.030351 
39.094000 -0.030711 
39.095000 -0.031062 
39.096000 -0.031404 
39.097000 -0.031738 
39.098000 -0.032070 
39.099000 -0.032403 
39.100000 -0.032730 
39.101000 -0.033053 
39.102000 -0.033373 
39.103000 -0.033695 
39.104000 -0.034022 
39.105000 -0.034348 
39.106000 -0.034675 
39.107000 -0.035006 
39.108000 -0.035341 
39.109000 -0.035681 
39.110000 -0.036028 
39.111000 -0.036385 
39.112000 -0.036752 
39.113000 -0.037132 
39.114000 -0.037512 
39.115000 -0.037876 
39.116000 -0.038224 
39.117000 -0.038561 
39.118000 -0.038886 
39.119000 -0.039204 
39.120000 -0.039515 
39.121000 -0.039818 
39.122000 -0.040114 
39.123000 -0.040403 
39.124000 -0.040692 
39.125000 -0.040980 
39.126000 -0.041264 
39.127000 -0.041545 
39.128000 -0.041823 
39.129000 -0.042104 
39.130000 -0.042386 
39.131000 -0.042668 
39.132000 -0.042950 
39.133000 -0.043233 
39.134000 -0.043518 
39.135000 -0.043805 
39.136000 -0.044095 
39.137000 -0.044390 
39.138000 -0.044689 
39.139000 -0.044996 
39.140000 -0.045310 
39.141000 -0.045633 
39.142000 -0.045959 
39.143000 -0.046273 
39.144000 -0.046575 
39.145000 -0.046867 
39.146000 -0.047150 
39.147000 -0.047424 
39.148000 -0.047691 
39.149000 -0.047953 
39.150000 -0.048211 
39.151000 -0.048464 
39.152000 -0.048711 
39.153000 -0.048953 
39.154000 -0.049191 
39.155000 -0.049432 
39.156000 -0.049670 
39.157000 -0.049905 
39.158000 -0.050137 
39.159000 -0.050368 
39.160000 -0.050604 
39.161000 -0.050838 
39.162000 -0.051071 
39.163000 -0.051304 
39.164000 -0.051537 
39.165000 -0.051770 
39.166000 -0.052004 
39.167000 -0.052238 
39.168000 -0.052473 
39.169000 -0.052711 
39.170000 -0.052951 
39.171000 -0.053194 
39.172000 -0.053440 
39.173000 -0.053691 
39.174000 -0.053947 
39.175000 -0.054208 
39.176000 -0.054472 
39.177000 -0.054727 
39.178000 -0.054974 
39.179000 -0.055213 
39.180000 -0.055446 
39.181000 -0.055673 
39.182000 -0.055894 
39.183000 -0.056110 
39.184000 -0.056322 
39.185000 -0.056530 
39.186000 -0.056734 
39.187000 -0.056934 
39.188000 -0.057131 
39.189000 -0.057327 
39.190000 -0.057521 
39.191000 -0.057711 
39.192000 -0.057897 
39.193000 -0.058084 
39.194000 -0.058273 
39.195000 -0.058460 
39.196000 -0.058651 
39.197000 -0.058841 
39.198000 -0.059030 
39.199000 -0.059217 
39.200000 -0.059403 
39.201000 -0.059588 
39.202000 -0.059771 
39.203000 -0.059954 
39.204000 -0.060136 
39.205000 -0.060318 
39.206000 -0.060500 
39.207000 -0.060682 
39.208000 -0.060864 
39.209000 -0.061047 
39.210000 -0.061231 
39.211000 -0.061417 
39.212000 -0.061604 
39.213000 -0.061792 
39.214000 -0.061983 
39.215000 -0.062176 
39.216000 -0.062371 
39.217000 -0.062570 
39.218000 -0.062772 
39.219000 -0.062975 
39.220000 -0.063174 
39.221000 -0.063368 
39.222000 -0.063556 
39.223000 -0.063740 
39.224000 -0.063919 
39.225000 -0.064095 
39.226000 -0.064267 
39.227000 -0.064435 
39.228000 -0.064600 
39.229000 -0.064762 
39.230000 -0.064921 
39.231000 -0.065077 
39.232000 -0.065231 
39.233000 -0.065383 
39.234000 -0.065532 
39.235000 -0.065679 
39.236000 -0.065824 
39.237000 -0.065967 
39.238000 -0.066109 
39.239000 -0.066248 
39.240000 -0.066390 
39.241000 -0.066534 
39.242000 -0.066680 
39.243000 -0.066824 
39.244000 -0.066966 
39.245000 -0.067107 
39.246000 -0.067246 
39.247000 -0.067384 
39.248000 -0.067520 
39.249000 -0.067654 
39.250000 -0.067787 
39.251000 -0.067919 
39.252000 -0.068049 
39.253000 -0.068178 
39.254000 -0.068306 
39.255000 -0.068433 
39.256000 -0.068559 
39.257000 -0.068684 
39.258000 -0.068808 
39.259000 -0.068931 
39.260000 -0.069053 
39.261000 -0.069175 
39.262000 -0.069295 
39.263000 -0.069415 
39.264000 -0.069534 
39.265000 -0.069653 
39.266000 -0.069770 
39.267000 -0.069887 
39.268000 -0.070004 
39.269000 -0.070119 
39.270000 -0.070234 
39.271000 -0.070348 
39.272000 -0.070461 
39.273000 -0.070574 
39.274000 -0.070686 
39.275000 -0.070797 
39.276000 -0.070907 
39.277000 -0.071016 
39.278000 -0.071124 
39.279000 -0.071231 
39.280000 -0.071337 
39.281000 -0.071442 
39.282000 -0.071545 
39.283000 -0.071643 
39.284000 -0.071739 
39.285000 -0.071831 
39.286000 -0.071920 
39.287000 -0.072005 
39.288000 -0.072088 
39.289000 -0.072168 
39.290000 -0.072245 
39.291000 -0.072319 
39.292000 -0.072391 
39.293000 -0.072460 
39.294000 -0.072527 
39.295000 -0.072591 
39.296000 -0.072652 
39.297000 -0.072712 
39.298000 -0.072768 
39.299000 -0.072823 
39.300000 -0.072876 
39.301000 -0.072926 
39.302000 -0.072974 
39.303000 -0.073020 
39.304000 -0.073063 
39.305000 -0.073105 
39.306000 -0.073145 
39.307000 -0.073182 
39.308000 -0.073218 
39.309000 -0.073251 
39.310000 -0.073283 
39.311000 -0.073312 
39.312000 -0.073340 
39.313000 -0.073366 
39.314000 -0.073390 
39.315000 -0.073412 
39.316000 -0.073432 
39.317000 -0.073450 
39.318000 -0.073466 
39.319000 -0.073481 
39.320000 -0.073493 
39.321000 -0.073504 
39.322000 -0.073513 
39.323000 -0.073520 
39.324000 -0.073525 
39.325000 -0.073529 
39.326000 -0.073531 
39.327000 -0.073531 
39.328000 -0.073529 
39.329000 -0.073526 
39.330000 -0.073521 
39.331000 -0.073514 
39.332000 -0.073506 
39.333000 -0.073495 
39.334000 -0.073483 
39.335000 -0.073469 
39.336000 -0.073453 
39.337000 -0.073435 
39.338000 -0.073415 
39.339000 -0.073394 
39.340000 -0.073371 
39.341000 -0.073346 
39.342000 -0.073320 
39.343000 -0.073292 
39.344000 -0.073262 
39.345000 -0.073231 
39.346000 -0.073198 
39.347000 -0.073163 
39.348000 -0.073126 
39.349000 -0.073088 
39.350000 -0.073048 
39.351000 -0.073006 
39.352000 -0.072962 
39.353000 -0.072917 
39.354000 -0.072870 
39.355000 -0.072822 
39.356000 -0.072771 
39.357000 -0.072719 
39.358000 -0.072665 
39.359000 -0.072609 
39.360000 -0.072551 
39.361000 -0.072491 
39.362000 -0.072430 
39.363000 -0.072367 
39.364000 -0.072301 
39.365000 -0.072234 
39.366000 -0.072165 
39.367000 -0.072094 
39.368000 -0.072021 
39.369000 -0.071945 
39.370000 -0.071868 
39.371000 -0.071789 
39.372000 -0.071707 
39.373000 -0.071623 
39.374000 -0.071537 
39.375000 -0.071449 
39.376000 -0.071359 
39.377000 -0.071268 
39.378000 -0.071177 
39.379000 -0.071086 
39.380000 -0.070994 
39.381000 -0.070902 
39.382000 -0.070809 
39.383000 -0.070717 
39.384000 -0.070624 
39.385000 -0.070531 
39.386000 -0.070437 
39.387000 -0.070343 
39.388000 -0.070250 
39.389000 -0.070155 
39.390000 -0.070061 
39.391000 -0.069967 
39.392000 -0.069872 
39.393000 -0.069777 
39.394000 -0.069682 
39.395000 -0.069587 
39.396000 -0.069491 
39.397000 -0.069395 
39.398000 -0.069300 
39.399000 -0.069204 
39.400000 -0.069107 
39.401000 -0.069011 
39.402000 -0.068914 
39.403000 -0.068818 
39.404000 -0.068721 
39.405000 -0.068623 
39.406000 -0.068526 
39.407000 -0.068428 
39.408000 -0.068330 
39.409000 -0.068232 
39.410000 -0.068134 
39.411000 -0.068035 
39.412000 -0.067937 
39.413000 -0.067838 
39.414000 -0.067739 
39.415000 -0.067640 
39.416000 -0.067540 
39.417000 -0.067437 
39.418000 -0.067332 
39.419000 -0.067224 
39.420000 -0.067115 
39.421000 -0.067006 
39.422000 -0.066897 
39.423000 -0.066788 
39.424000 -0.066679 
39.425000 -0.066570 
39.426000 -0.066461 
39.427000 -0.066351 
39.428000 -0.066241 
39.429000 -0.066131 
39.430000 -0.066021 
39.431000 -0.065911 
39.432000 -0.065800 
39.433000 -0.065689 
39.434000 -0.065578 
39.435000 -0.065466 
39.436000 -0.065353 
39.437000 -0.065239 
39.438000 -0.065125 
39.439000 -0.065011 
39.440000 -0.064895 
39.441000 -0.064778 
39.442000 -0.064661 
39.443000 -0.064542 
39.444000 -0.064422 
39.445000 -0.064301 
39.446000 -0.064179 
39.447000 -0.064055 
39.448000 -0.063931 
39.449000 -0.063804 
39.450000 -0.063676 
39.451000 -0.063546 
39.452000 -0.063415 
39.453000 -0.063281 
39.454000 -0.063145 
39.455000 -0.063008 
39.456000 -0.062868 
39.457000 -0.062727 
39.458000 -0.062589 
39.459000 -0.062453 
39.460000 -0.062318 
39.461000 -0.062186 
39.462000 -0.062055 
39.463000 -0.061925 
39.464000 -0.061797 
39.465000 -0.061671 
39.466000 -0.061546 
39.467000 -0.061422 
39.468000 -0.061299 
39.469000 -0.061178 
39.470000 -0.061057 
39.471000 -0.060938 
39.472000 -0.060819 
39.473000 -0.060702 
39.474000 -0.060585 
39.475000 -0.060469 
39.476000 -0.060353 
39.477000 -0.060239 
39.478000 -0.060125 
39.479000 -0.060011 
39.480000 -0.059898 
39.481000 -0.059785 
39.482000 -0.059673 
39.483000 -0.059560 
39.484000 -0.059445 
39.485000 -0.059328 
39.486000 -0.059213 
39.487000 -0.059097 
39.488000 -0.058980 
39.489000 -0.058862 
39.490000 -0.058745 
39.491000 -0.058629 
39.492000 -0.058513 
39.493000 -0.058398 
39.494000 -0.058283 
39.495000 -0.058169 
39.496000 -0.058055 
39.497000 -0.057941 
39.498000 -0.057828 
39.499000 -0.057715 
39.500000 -0.057602 
39.501000 -0.057489 
39.502000 -0.057377 
39.503000 -0.057265 
39.504000 -0.057154 
39.505000 -0.057042 
39.506000 -0.056930 
39.507000 -0.056819 
39.508000 -0.056707 
39.509000 -0.056596 
39.510000 -0.056484 
39.511000 -0.056372 
39.512000 -0.056260 
39.513000 -0.056148 
39.514000 -0.056036 
39.515000 -0.055923 
39.516000 -0.055810 
39.517000 -0.055696 
39.518000 -0.055582 
39.519000 -0.055467 
39.520000 -0.055352 
39.521000 -0.055236 
39.522000 -0.055119 
39.523000 -0.055002 
39.524000 -0.054883 
39.525000 -0.054764 
39.526000 -0.054644 
39.527000 -0.054523 
39.528000 -0.054400 
39.529000 -0.054277 
39.530000 -0.054154 
39.531000 -0.054034 
39.532000 -0.053916 
39.533000 -0.053800 
39.534000 -0.053685 
39.535000 -0.053573 
39.536000 -0.053462 
39.537000 -0.053353 
39.538000 -0.053246 
39.539000 -0.053140 
39.540000 -0.053036 
39.541000 -0.052933 
39.542000 -0.052831 
39.543000 -0.052731 
39.544000 -0.052632 
39.545000 -0.052534 
39.546000 -0.052437 
39.547000 -0.052341 
39.548000 -0.052246 
39.549000 -0.052151 
39.550000 -0.052057 
39.551000 -0.051964 
39.552000 -0.051872 
39.553000 -0.051780 
39.554000 -0.051690 
39.555000 -0.051600 
39.556000 -0.051510 
39.557000 -0.051420 
39.558000 -0.051330 
39.559000 -0.051240 
39.560000 -0.051150 
39.561000 -0.051061 
39.562000 -0.050972 
39.563000 -0.050884 
39.564000 -0.050797 
39.565000 -0.050710 
39.566000 -0.050624 
39.567000 -0.050539 
39.568000 -0.050454 
39.569000 -0.050368 
39.570000 -0.050283 
39.571000 -0.050197 
39.572000 -0.050112 
39.573000 -0.050027 
39.574000 -0.049942 
39.575000 -0.049858 
39.576000 -0.049774 
39.577000 -0.049690 
39.578000 -0.049606 
39.579000 -0.049523 
39.580000 -0.049441 
39.581000 -0.049358 
39.582000 -0.049276 
39.583000 -0.049194 
39.584000 -0.049112 
39.585000 -0.049031 
39.586000 -0.048950 
39.587000 -0.048869 
39.588000 -0.048788 
39.589000 -0.048707 
39.590000 -0.048627 
39.591000 -0.048547 
39.592000 -0.048466 
39.593000 -0.048386 
39.594000 -0.048306 
39.595000 -0.048226 
39.596000 -0.048146 
39.597000 -0.048066 
39.598000 -0.047987 
39.599000 -0.047907 
39.600000 -0.047827 
39.601000 -0.047747 
39.602000 -0.047667 
39.603000 -0.047587 
39.604000 -0.047507 
39.605000 -0.047427 
39.606000 -0.047346 
39.607000 -0.047266 
39.608000 -0.047185 
39.609000 -0.047104 
39.610000 -0.047023 
39.611000 -0.046942 
39.612000 -0.046861 
39.613000 -0.046779 
39.614000 -0.046697 
39.615000 -0.046615 
39.616000 -0.046533 
39.617000 -0.046450 
39.618000 -0.046367 
39.619000 -0.046284 
39.620000 -0.046200 
39.621000 -0.046116 
39.622000 -0.046031 
39.623000 -0.045945 
39.624000 -0.045860 
39.625000 -0.045773 
39.626000 -0.045687 
39.627000 -0.045601 
39.628000 -0.045516 
39.629000 -0.045432 
39.630000 -0.045350 
39.631000 -0.045268 
39.632000 -0.045188 
39.633000 -0.045108 
39.634000 -0.045029 
39.635000 -0.044951 
39.636000 -0.044874 
39.637000 -0.044798 
39.638000 -0.044721 
39.639000 -0.044646 
39.640000 -0.044571 
39.641000 -0.044497 
39.642000 -0.044423 
39.643000 -0.044350 
39.644000 -0.044278 
39.645000 -0.044206 
39.646000 -0.044135 
39.647000 -0.044065 
39.648000 -0.043995 
39.649000 -0.043925 
39.650000 -0.043856 
39.651000 -0.043788 
39.652000 -0.043720 
39.653000 -0.043653 
39.654000 -0.043585 
39.655000 -0.043519 
39.656000 -0.043453 
39.657000 -0.043387 
39.658000 -0.043321 
39.659000 -0.043255 
39.660000 -0.043188 
39.661000 -0.043120 
39.662000 -0.043053 
39.663000 -0.042986 
39.664000 -0.042919 
39.665000 -0.042853 
39.666000 -0.042787 
39.667000 -0.042721 
39.668000 -0.042655 
39.669000 -0.042590 
39.670000 -0.042525 
39.671000 -0.042460 
39.672000 -0.042395 
39.673000 -0.042331 
39.674000 -0.042267 
39.675000 -0.042204 
39.676000 -0.042140 
39.677000 -0.042077 
39.678000 -0.042014 
39.679000 -0.041952 
39.680000 -0.041889 
39.681000 -0.041827 
39.682000 -0.041765 
39.683000 -0.041703 
39.684000 -0.041642 
39.685000 -0.041580 
39.686000 -0.041518 
39.687000 -0.041455 
39.688000 -0.041391 
39.689000 -0.041328 
39.690000 -0.041264 
39.691000 -0.041201 
39.692000 -0.041138 
39.693000 -0.041075 
39.694000 -0.041012 
39.695000 -0.040949 
39.696000 -0.040886 
39.697000 -0.040824 
39.698000 -0.040761 
39.699000 -0.040699 
39.700000 -0.040637 
39.701000 -0.040575 
39.702000 -0.040513 
39.703000 -0.040451 
39.704000 -0.040390 
39.705000 -0.040328 
39.706000 -0.040267 
39.707000 -0.040206 
39.708000 -0.040145 
39.709000 -0.040084 
39.710000 -0.040023 
39.711000 -0.039963 
39.712000 -0.039902 
39.713000 -0.039842 
39.714000 -0.039782 
39.715000 -0.039722 
39.716000 -0.039662 
39.717000 -0.039602 
39.718000 -0.039542 
39.719000 -0.039482 
39.720000 -0.039423 
39.721000 -0.039363 
39.722000 -0.039304 
39.723000 -0.039245 
39.724000 -0.039185 
39.725000 -0.039126 
39.726000 -0.039068 
39.727000 -0.039009 
39.728000 -0.038950 
39.729000 -0.038891 
39.730000 -0.038833 
39.731000 -0.038775 
39.732000 -0.038716 
39.733000 -0.038658 
39.734000 -0.038600 
39.735000 -0.038542 
39.736000 -0.038485 
39.737000 -0.038427 
39.738000 -0.038370 
39.739000 -0.038312 
39.740000 -0.038255 
39.741000 -0.038198 
39.742000 -0.038141 
39.743000 -0.038084 
39.744000 -0.038028 
39.745000 -0.037971 
39.746000 -0.037915 
39.747000 -0.037859 
39.748000 -0.037803 
39.749000 -0.037747 
39.750000 -0.037691 
39.751000 -0.037636 
39.752000 -0.037580 
39.753000 -0.037525 
39.754000 -0.037470 
39.755000 -0.037416 
39.756000 -0.037361 
39.757000 -0.037307 
39.758000 -0.037253 
39.759000 -0.037199 
39.760000 -0.037145 
39.761000 -0.037092 
39.762000 -0.037040 
39.763000 -0.036988 
39.764000 -0.036938 
39.765000 -0.036888 
39.766000 -0.036839 
39.767000 -0.036791 
39.768000 -0.036743 
39.769000 -0.036697 
39.770000 -0.036651 
39.771000 -0.036606 
39.772000 -0.036562 
39.773000 -0.036518 
39.774000 -0.036475 
39.775000 -0.036433 
39.776000 -0.036392 
39.777000 -0.036351 
39.778000 -0.036311 
39.779000 -0.036271 
39.780000 -0.036232 
39.781000 -0.036194 
39.782000 -0.036157 
39.783000 -0.036120 
39.784000 -0.036083 
39.785000 -0.036048 
39.786000 -0.036012 
39.787000 -0.035978 
39.788000 -0.035944 
39.789000 -0.035910 
39.790000 -0.035877 
39.791000 -0.035844 
39.792000 -0.035812 
39.793000 -0.035781 
39.794000 -0.035750 
39.795000 -0.035719 
39.796000 -0.035689 
39.797000 -0.035659 
39.798000 -0.035630 
39.799000 -0.035601 
39.800000 -0.035573 
39.801000 -0.035545 
39.802000 -0.035517 
39.803000 -0.035490 
39.804000 -0.035463 
39.805000 -0.035437 
39.806000 -0.035410 
39.807000 -0.035385 
39.808000 -0.035359 
39.809000 -0.035334 
39.810000 -0.035309 
39.811000 -0.035284 
39.812000 -0.035260 
39.813000 -0.035236 
39.814000 -0.035212 
39.815000 -0.035188 
39.816000 -0.035165 
39.817000 -0.035142 
39.818000 -0.035119 
39.819000 -0.035096 
39.820000 -0.035074 
39.821000 -0.035052 
39.822000 -0.035029 
39.823000 -0.035007 
39.824000 -0.034986 
39.825000 -0.034964 
39.826000 -0.034942 
39.827000 -0.034921 
39.828000 -0.034900 
39.829000 -0.034878 
39.830000 -0.034857 
39.831000 -0.034836 
39.832000 -0.034815 
39.833000 -0.034794 
39.834000 -0.034773 
39.835000 -0.034753 
39.836000 -0.034732 
39.837000 -0.034711 
39.838000 -0.034690 
39.839000 -0.034669 
39.840000 -0.034648 
39.841000 -0.034627 
39.842000 -0.034605 
39.843000 -0.034584 
39.844000 -0.034563 
39.845000 -0.034542 
39.846000 -0.034520 
39.847000 -0.034498 
39.848000 -0.034476 
39.849000 -0.034454 
39.850000 -0.034431 
39.851000 -0.034409 
39.852000 -0.034386 
39.853000 -0.034364 
39.854000 -0.034341 
39.855000 -0.034317 
39.856000 -0.034294 
39.857000 -0.034270 
39.858000 -0.034246 
39.859000 -0.034222 
39.860000 -0.034197 
39.861000 -0.034172 
39.862000 -0.034147 
39.863000 -0.034122 
39.864000 -0.034096 
39.865000 -0.034070 
39.866000 -0.034044 
39.867000 -0.034017 
39.868000 -0.033990 
39.869000 -0.033963 
39.870000 -0.033936 
39.871000 -0.033908 
39.872000 -0.033880 
39.873000 -0.033852 
39.874000 -0.033823 
39.875000 -0.033794 
39.876000 -0.033765 
39.877000 -0.033736 
39.878000 -0.033706 
39.879000 -0.033676 
39.880000 -0.033646 
39.881000 -0.033615 
39.882000 -0.033584 
39.883000 -0.033553 
39.884000 -0.033522 
39.885000 -0.033490 
39.886000 -0.033458 
39.887000 -0.033425 
39.888000 -0.033393 
39.889000 -0.033360 
39.890000 -0.033326 
39.891000 -0.033293 
39.892000 -0.033259 
39.893000 -0.033225 
39.894000 -0.033191 
39.895000 -0.033156 
39.896000 -0.033121 
39.897000 -0.033086 
39.898000 -0.033050 
39.899000 -0.033014 
39.900000 -0.032978 
39.901000 -0.032942 
39.902000 -0.032906 
39.903000 -0.032869 
39.904000 -0.032832 
39.905000 -0.032794 
39.906000 -0.032757 
39.907000 -0.032719 
39.908000 -0.032681 
39.909000 -0.032643 
39.910000 -0.032604 
39.911000 -0.032565 
39.912000 -0.032526 
39.913000 -0.032487 
39.914000 -0.032447 
39.915000 -0.032407 
39.916000 -0.032367 
39.917000 -0.032327 
39.918000 -0.032287 
39.919000 -0.032246 
39.920000 -0.032205 
39.921000 -0.032163 
39.922000 -0.032122 
39.923000 -0.032080 
39.924000 -0.032038 
39.925000 -0.031996 
39.926000 -0.031953 
39.927000 -0.031910 
39.928000 -0.031867 
39.929000 -0.031824 
39.930000 -0.031780 
39.931000 -0.031736 
39.932000 -0.031692 
39.933000 -0.031648 
39.934000 -0.031603 
39.935000 -0.031558 
39.936000 -0.031512 
39.937000 -0.031467 
39.938000 -0.031421 
39.939000 -0.031374 
39.940000 -0.031327 
39.941000 -0.031280 
39.942000 -0.031233 
39.943000 -0.031185 
39.944000 -0.031137 
39.945000 -0.031088 
39.946000 -0.031039 
39.947000 -0.030989 
39.948000 -0.030939 
39.949000 -0.030889 
39.950000 -0.030838 
39.951000 -0.030787 
39.952000 -0.030735 
39.953000 -0.030682 
39.954000 -0.030629 
39.955000 -0.030576 
39.956000 -0.030522 
39.957000 -0.030467 
39.958000 -0.030412 
39.959000 -0.030356 
39.960000 -0.030299 
39.961000 -0.030242 
39.962000 -0.030184 
39.963000 -0.030125 
39.964000 -0.030066 
39.965000 -0.030006 
39.966000 -0.029945 
39.967000 -0.029883 
39.968000 -0.029821 
39.969000 -0.029758 
39.970000 -0.029693 
39.971000 -0.029628 
39.972000 -0.029562 
39.973000 -0.029495 
39.974000 -0.029427 
39.975000 -0.029358 
39.976000 -0.029288 
39.977000 -0.029217 
39.978000 -0.029144 
39.979000 -0.029071 
39.980000 -0.028996 
39.981000 -0.028920 
39.982000 -0.028843 
39.983000 -0.028764 
39.984000 -0.028684 
39.985000 -0.028603 
39.986000 -0.028520 
39.987000 -0.028437 
39.988000 -0.028355 
39.989000 -0.028272 
39.990000 -0.028189 
39.991000 -0.028107 
39.992000 -0.028025 
39.993000 -0.027942 
39.994000 -0.027860 
39.995000 -0.027777 
39.996000 -0.027695 
39.997000 -0.027612 
39.998000 -0.027530 
39.999000 -0.027447 
40.000000 -0.027364 
40.001000 -0.027281 
40.002000 -0.027198 
40.003000 -0.027115 
40.004000 -0.027032 
40.005000 -0.026949 
40.006000 -0.026866 
40.007000 -0.026782 
40.008000 -0.026698 
40.009000 -0.026614 
40.010000 -0.026530 
40.011000 -0.026446 
40.012000 -0.026361 
40.013000 -0.026277 
40.014000 -0.026192 
40.015000 -0.026106 
40.016000 -0.026021 
40.017000 -0.025935 
40.018000 -0.025849 
40.019000 -0.025762 
40.020000 -0.025675 
40.021000 -0.025588 
40.022000 -0.025500 
40.023000 -0.025412 
40.024000 -0.025324 
40.025000 -0.025236 
40.026000 -0.025148 
40.027000 -0.025059 
40.028000 -0.024970 
40.029000 -0.024879 
40.030000 -0.024788 
40.031000 -0.024696 
40.032000 -0.024604 
40.033000 -0.024512 
40.034000 -0.024420 
40.035000 -0.024327 
40.036000 -0.024232 
40.037000 -0.024136 
40.038000 -0.024038 
40.039000 -0.023939 
40.040000 -0.023840 
40.041000 -0.023739 
40.042000 -0.023638 
40.043000 -0.023537 
40.044000 -0.023435 
40.045000 -0.023333 
40.046000 -0.023229 
40.047000 -0.023126 
40.048000 -0.023022 
40.049000 -0.022916 
40.050000 -0.022811 
40.051000 -0.022704 
40.052000 -0.022597 
40.053000 -0.022488 
40.054000 -0.022379 
40.055000 -0.022269 
40.056000 -0.022157 
40.057000 -0.022045 
40.058000 -0.021931 
40.059000 -0.021816 
40.060000 -0.021700 
40.061000 -0.021582 
40.062000 -0.021462 
40.063000 -0.021341 
40.064000 -0.021218 
40.065000 -0.021094 
40.066000 -0.020967 
40.067000 -0.020838 
40.068000 -0.020707 
40.069000 -0.020574 
40.070000 -0.020439 
40.071000 -0.020300 
40.072000 -0.020159 
40.073000 -0.020015 
40.074000 -0.019870 
40.075000 -0.019727 
40.076000 -0.019585 
40.077000 -0.019445 
40.078000 -0.019306 
40.079000 -0.019169 
40.080000 -0.019032 
40.081000 -0.018897 
40.082000 -0.018763 
40.083000 -0.018630 
40.084000 -0.018498 
40.085000 -0.018367 
40.086000 -0.018236 
40.087000 -0.018106 
40.088000 -0.017977 
40.089000 -0.017848 
40.090000 -0.017720 
40.091000 -0.017592 
40.092000 -0.017465 
40.093000 -0.017337 
40.094000 -0.017210 
40.095000 -0.017083 
40.096000 -0.016957 
40.097000 -0.016830 
40.098000 -0.016704 
40.099000 -0.016577 
40.100000 -0.016448 
40.101000 -0.016319 
40.102000 -0.016191 
40.103000 -0.016062 
40.104000 -0.015929 
40.105000 -0.015795 
40.106000 -0.015661 
40.107000 -0.015527 
40.108000 -0.015392 
40.109000 -0.015256 
40.110000 -0.015120 
40.111000 -0.014984 
40.112000 -0.014847 
40.113000 -0.014710 
40.114000 -0.014573 
40.115000 -0.014435 
40.116000 -0.014296 
40.117000 -0.014157 
40.118000 -0.014016 
40.119000 -0.013875 
40.120000 -0.013733 
40.121000 -0.013589 
40.122000 -0.013444 
40.123000 -0.013298 
40.124000 -0.013149 
40.125000 -0.012999 
40.126000 -0.012847 
40.127000 -0.012693 
40.128000 -0.012537 
40.129000 -0.012377 
40.130000 -0.012215 
40.131000 -0.012050 
40.132000 -0.011882 
40.133000 -0.011710 
40.134000 -0.011534 
40.135000 -0.011355 
40.136000 -0.011178 
40.137000 -0.011003 
40.138000 -0.010831 
40.139000 -0.010662 
40.140000 -0.010495 
40.141000 -0.010330 
40.142000 -0.010166 
40.143000 -0.010005 
40.144000 -0.009845 
40.145000 -0.009686 
40.146000 -0.009529 
40.147000 -0.009372 
40.148000 -0.009217 
40.149000 -0.009062 
40.150000 -0.008908 
40.151000 -0.008755 
40.152000 -0.008603 
40.153000 -0.008451 
40.154000 -0.008297 
40.155000 -0.008143 
40.156000 -0.007989 
40.157000 -0.007836 
40.158000 -0.007683 
40.159000 -0.007530 
40.160000 -0.007374 
40.161000 -0.007215 
40.162000 -0.007056 
40.163000 -0.006896 
40.164000 -0.006737 
40.165000 -0.006577 
40.166000 -0.006417 
40.167000 -0.006254 
40.168000 -0.006091 
40.169000 -0.005927 
40.170000 -0.005762 
40.171000 -0.005596 
40.172000 -0.005428 
40.173000 -0.005259 
40.174000 -0.005089 
40.175000 -0.004916 
40.176000 -0.004742 
40.177000 -0.004565 
40.178000 -0.004386 
40.179000 -0.004203 
40.180000 -0.004018 
40.181000 -0.003829 
40.182000 -0.003636 
40.183000 -0.003439 
40.184000 -0.003237 
40.185000 -0.003030 
40.186000 -0.002817 
40.187000 -0.002606 
40.188000 -0.002398 
40.189000 -0.002195 
40.190000 -0.001995 
40.191000 -0.001798 
40.192000 -0.001604 
40.193000 -0.001412 
40.194000 -0.001223 
40.195000 -0.001035 
40.196000 -0.000849 
40.197000 -0.000665 
40.198000 -0.000482 
40.199000 -0.000301 
40.200000 -0.000120 
40.201000 0.000060 
40.202000 0.000241 
40.203000 0.000422 
40.204000 0.000603 
40.205000 0.000783 
40.206000 0.000962 
40.207000 0.001143 
40.208000 0.001327 
40.209000 0.001514 
40.210000 0.001700 
40.211000 0.001887 
40.212000 0.002073 
40.213000 0.002261 
40.214000 0.002451 
40.215000 0.002642 
40.216000 0.002834 
40.217000 0.003028 
40.218000 0.003223 
40.219000 0.003420 
40.220000 0.003620 
40.221000 0.003821 
40.222000 0.004026 
40.223000 0.004234 
40.224000 0.004446 
40.225000 0.004662 
40.226000 0.004883 
40.227000 0.005109 
40.228000 0.005342 
40.229000 0.005581 
40.230000 0.005825 
40.231000 0.006066 
40.232000 0.006301 
40.233000 0.006532 
40.234000 0.006758 
40.235000 0.006980 
40.236000 0.007198 
40.237000 0.007413 
40.238000 0.007626 
40.239000 0.007836 
40.240000 0.008043 
40.241000 0.008249 
40.242000 0.008452 
40.243000 0.008655 
40.244000 0.008859 
40.245000 0.009063 
40.246000 0.009266 
40.247000 0.009467 
40.248000 0.009668 
40.249000 0.009874 
40.250000 0.010083 
40.251000 0.010292 
40.252000 0.010500 
40.253000 0.010709 
40.254000 0.010919 
40.255000 0.011131 
40.256000 0.011345 
40.257000 0.011561 
40.258000 0.011778 
40.259000 0.011998 
40.260000 0.012220 
40.261000 0.012446 
40.262000 0.012675 
40.263000 0.012909 
40.264000 0.013149 
40.265000 0.013394 
40.266000 0.013646 
40.267000 0.013905 
40.268000 0.014174 
40.269000 0.014449 
40.270000 0.014718 
40.271000 0.014981 
40.272000 0.015239 
40.273000 0.015492 
40.274000 0.015741 
40.275000 0.015987 
40.276000 0.016229 
40.277000 0.016468 
40.278000 0.016704 
40.279000 0.016938 
40.280000 0.017170 
40.281000 0.017402 
40.282000 0.017636 
40.283000 0.017871 
40.284000 0.018105 
40.285000 0.018338 
40.286000 0.018573 
40.287000 0.018815 
40.288000 0.019062 
40.289000 0.019311 
40.290000 0.019563 
40.291000 0.019817 
40.292000 0.020076 
40.293000 0.020341 
40.294000 0.020612 
40.295000 0.020890 
40.296000 0.021175 
40.297000 0.021469 
40.298000 0.021773 
40.299000 0.022087 
40.300000 0.022414 
40.301000 0.022754 
40.302000 0.023103 
40.303000 0.023440 
40.304000 0.023766 
40.305000 0.024081 
40.306000 0.024388 
40.307000 0.024687 
40.308000 0.024980 
40.309000 0.025267 
40.310000 0.025548 
40.311000 0.025826 
40.312000 0.026100 
40.313000 0.026370 
40.314000 0.026636 
40.315000 0.026902 
40.316000 0.027167 
40.317000 0.027431 
40.318000 0.027693 
40.319000 0.027955 
40.320000 0.028217 
40.321000 0.028479 
40.322000 0.028745 
40.323000 0.029021 
40.324000 0.029302 
40.325000 0.029586 
40.326000 0.029873 
40.327000 0.030165 
40.328000 0.030461 
40.329000 0.030765 
40.330000 0.031077 
40.331000 0.031397 
40.332000 0.031716 
40.333000 0.032020 
40.334000 0.032310 
40.335000 0.032589 
40.336000 0.032856 
40.337000 0.033114 
40.338000 0.033362 
40.339000 0.033602 
40.340000 0.033834 
40.341000 0.034059 
40.342000 0.034277 
40.343000 0.034489 
40.344000 0.034695 
40.345000 0.034894 
40.346000 0.035087 
40.347000 0.035274 
40.348000 0.035457 
40.349000 0.035634 
40.350000 0.035807 
40.351000 0.035981 
40.352000 0.036155 
40.353000 0.036325 
40.354000 0.036491 
40.355000 0.036652 
40.356000 0.036810 
40.357000 0.036964 
40.358000 0.037114 
40.359000 0.037260 
40.360000 0.037403 
40.361000 0.037542 
40.362000 0.037678 
40.363000 0.037810 
40.364000 0.037940 
40.365000 0.038067 
40.366000 0.038192 
40.367000 0.038314 
40.368000 0.038433 
40.369000 0.038549 
40.370000 0.038662 
40.371000 0.038772 
40.372000 0.038880 
40.373000 0.038984 
40.374000 0.039085 
40.375000 0.039183 
40.376000 0.039279 
40.377000 0.039372 
40.378000 0.039462 
40.379000 0.039549 
40.380000 0.039633 
40.381000 0.039714 
40.382000 0.039792 
40.383000 0.039868 
40.384000 0.039940 
40.385000 0.040009 
40.386000 0.040075 
40.387000 0.040137 
40.388000 0.040195 
40.389000 0.040250 
40.390000 0.040302 
40.391000 0.040350 
40.392000 0.040396 
40.393000 0.040439 
40.394000 0.040479 
40.395000 0.040516 
40.396000 0.040551 
40.397000 0.040584 
40.398000 0.040614 
40.399000 0.040642 
40.400000 0.040668 
40.401000 0.040693 
40.402000 0.040716 
40.403000 0.040737 
40.404000 0.040757 
40.405000 0.040774 
40.406000 0.040791 
40.407000 0.040806 
40.408000 0.040820 
40.409000 0.040832 
40.410000 0.040843 
40.411000 0.040854 
40.412000 0.040863 
40.413000 0.040871 
40.414000 0.040878 
40.415000 0.040884 
40.416000 0.040890 
40.417000 0.040895 
40.418000 0.040899 
40.419000 0.040902 
40.420000 0.040905 
40.421000 0.040907 
40.422000 0.040909 
40.423000 0.040911 
40.424000 0.040912 
40.425000 0.040913 
40.426000 0.040913 
40.427000 0.040913 
40.428000 0.040913 
40.429000 0.040912 
40.430000 0.040911 
40.431000 0.040910 
40.432000 0.040908 
40.433000 0.040907 
40.434000 0.040904 
40.435000 0.040902 
40.436000 0.040899 
40.437000 0.040897 
40.438000 0.040894 
40.439000 0.040890 
40.440000 0.040887 
40.441000 0.040884 
40.442000 0.040880 
40.443000 0.040876 
40.444000 0.040872 
40.445000 0.040867 
40.446000 0.040862 
40.447000 0.040857 
40.448000 0.040851 
40.449000 0.040845 
40.450000 0.040838 
40.451000 0.040831 
40.452000 0.040824 
40.453000 0.040816 
40.454000 0.040808 
40.455000 0.040799 
40.456000 0.040790 
40.457000 0.040780 
40.458000 0.040770 
40.459000 0.040759 
40.460000 0.040748 
40.461000 0.040736 
40.462000 0.040723 
40.463000 0.040710 
40.464000 0.040697 
40.465000 0.040683 
40.466000 0.040669 
40.467000 0.040653 
40.468000 0.040638 
40.469000 0.040621 
40.470000 0.040604 
40.471000 0.040586 
40.472000 0.040567 
40.473000 0.040547 
40.474000 0.040527 
40.475000 0.040507 
40.476000 0.040485 
40.477000 0.040463 
40.478000 0.040441 
40.479000 0.040417 
40.480000 0.040394 
40.481000 0.040369 
40.482000 0.040344 
40.483000 0.040319 
40.484000 0.040292 
40.485000 0.040265 
40.486000 0.040238 
40.487000 0.040210 
40.488000 0.040181 
40.489000 0.040152 
40.490000 0.040122 
40.491000 0.040092 
40.492000 0.040061 
40.493000 0.040030 
40.494000 0.039998 
40.495000 0.039966 
40.496000 0.039933 
40.497000 0.039900 
40.498000 0.039867 
40.499000 0.039834 
40.500000 0.039800 
40.501000 0.039767 
40.502000 0.039733 
40.503000 0.039698 
40.504000 0.039664 
40.505000 0.039629 
40.506000 0.039594 
40.507000 0.039559 
40.508000 0.039524 
40.509000 0.039488 
40.510000 0.039453 
40.511000 0.039417 
40.512000 0.039381 
40.513000 0.039345 
40.514000 0.039309 
40.515000 0.039272 
40.516000 0.039236 
40.517000 0.039199 
40.518000 0.039162 
40.519000 0.039125 
40.520000 0.039087 
40.521000 0.039050 
40.522000 0.039012 
40.523000 0.038974 
40.524000 0.038936 
40.525000 0.038898 
40.526000 0.038860 
40.527000 0.038821 
40.528000 0.038783 
40.529000 0.038744 
40.530000 0.038705 
40.531000 0.038665 
40.532000 0.038626 
40.533000 0.038586 
40.534000 0.038546 
40.535000 0.038505 
40.536000 0.038465 
40.537000 0.038424 
40.538000 0.038383 
40.539000 0.038341 
40.540000 0.038300 
40.541000 0.038258 
40.542000 0.038215 
40.543000 0.038173 
40.544000 0.038130 
40.545000 0.038086 
40.546000 0.038042 
40.547000 0.037998 
40.548000 0.037954 
40.549000 0.037909 
40.550000 0.037864 
40.551000 0.037818 
40.552000 0.037772 
40.553000 0.037726 
40.554000 0.037679 
40.555000 0.037632 
40.556000 0.037585 
40.557000 0.037537 
40.558000 0.037488 
40.559000 0.037440 
40.560000 0.037391 
40.561000 0.037343 
40.562000 0.037295 
40.563000 0.037246 
40.564000 0.037197 
40.565000 0.037148 
40.566000 0.037098 
40.567000 0.037048 
40.568000 0.036997 
40.569000 0.036945 
40.570000 0.036892 
40.571000 0.036839 
40.572000 0.036785 
40.573000 0.036730 
40.574000 0.036674 
40.575000 0.036617 
40.576000 0.036560 
40.577000 0.036501 
40.578000 0.036442 
40.579000 0.036382 
40.580000 0.036321 
40.581000 0.036258 
40.582000 0.036196 
40.583000 0.036132 
40.584000 0.036067 
40.585000 0.036002 
40.586000 0.035935 
40.587000 0.035868 
40.588000 0.035800 
40.589000 0.035732 
40.590000 0.035662 
40.591000 0.035592 
40.592000 0.035521 
40.593000 0.035449 
40.594000 0.035377 
40.595000 0.035303 
40.596000 0.035229 
40.597000 0.035154 
40.598000 0.035079 
40.599000 0.035002 
40.600000 0.034925 
40.601000 0.034847 
40.602000 0.034768 
40.603000 0.034688 
40.604000 0.034608 
40.605000 0.034526 
40.606000 0.034444 
40.607000 0.034361 
40.608000 0.034277 
40.609000 0.034192 
40.610000 0.034104 
40.611000 0.034015 
40.612000 0.033925 
40.613000 0.033834 
40.614000 0.033742 
40.615000 0.033650 
40.616000 0.033556 
40.617000 0.033462 
40.618000 0.033367 
40.619000 0.033270 
40.620000 0.033170 
40.621000 0.033070 
40.622000 0.032969 
40.623000 0.032867 
40.624000 0.032764 
40.625000 0.032660 
40.626000 0.032555 
40.627000 0.032449 
40.628000 0.032341 
40.629000 0.032233 
40.630000 0.032123 
40.631000 0.032012 
40.632000 0.031899 
40.633000 0.031785 
40.634000 0.031670 
40.635000 0.031551 
40.636000 0.031429 
40.637000 0.031307 
40.638000 0.031186 
40.639000 0.031066 
40.640000 0.030948 
40.641000 0.030830 
40.642000 0.030712 
40.643000 0.030596 
40.644000 0.030480 
40.645000 0.030365 
40.646000 0.030250 
40.647000 0.030136 
40.648000 0.030023 
40.649000 0.029910 
40.650000 0.029799 
40.651000 0.029687 
40.652000 0.029577 
40.653000 0.029467 
40.654000 0.029358 
40.655000 0.029249 
40.656000 0.029142 
40.657000 0.029034 
40.658000 0.028928 
40.659000 0.028822 
40.660000 0.028719 
40.661000 0.028616 
40.662000 0.028514 
40.663000 0.028412 
40.664000 0.028310 
40.665000 0.028208 
40.666000 0.028106 
40.667000 0.028003 
40.668000 0.027899 
40.669000 0.027796 
40.670000 0.027691 
40.671000 0.027586 
40.672000 0.027480 
40.673000 0.027374 
40.674000 0.027267 
40.675000 0.027159 
40.676000 0.027051 
40.677000 0.026942 
40.678000 0.026832 
40.679000 0.026722 
40.680000 0.026610 
40.681000 0.026498 
40.682000 0.026385 
40.683000 0.026271 
40.684000 0.026156 
40.685000 0.026040 
40.686000 0.025923 
40.687000 0.025806 
40.688000 0.025687 
40.689000 0.025568 
40.690000 0.025448 
40.691000 0.025327 
40.692000 0.025205 
40.693000 0.025082 
40.694000 0.024958 
40.695000 0.024833 
40.696000 0.024707 
40.697000 0.024580 
40.698000 0.024452 
40.699000 0.024322 
40.700000 0.024191 
40.701000 0.024058 
40.702000 0.023924 
40.703000 0.023788 
40.704000 0.023650 
40.705000 0.023511 
40.706000 0.023369 
40.707000 0.023224 
40.708000 0.023078 
40.709000 0.022928 
40.710000 0.022777 
40.711000 0.022627 
40.712000 0.022480 
40.713000 0.022336 
40.714000 0.022193 
40.715000 0.022052 
40.716000 0.021914 
40.717000 0.021777 
40.718000 0.021642 
40.719000 0.021507 
40.720000 0.021374 
40.721000 0.021243 
40.722000 0.021112 
40.723000 0.020982 
40.724000 0.020853 
40.725000 0.020725 
40.726000 0.020599 
40.727000 0.020473 
40.728000 0.020349 
40.729000 0.020225 
40.730000 0.020103 
40.731000 0.019981 
40.732000 0.019860 
40.733000 0.019739 
40.734000 0.019618 
40.735000 0.019497 
40.736000 0.019375 
40.737000 0.019253 
40.738000 0.019131 
40.739000 0.019008 
40.740000 0.018886 
40.741000 0.018763 
40.742000 0.018639 
40.743000 0.018516 
40.744000 0.018392 
40.745000 0.018267 
40.746000 0.018142 
40.747000 0.018017 
40.748000 0.017890 
40.749000 0.017764 
40.750000 0.017636 
40.751000 0.017509 
40.752000 0.017381 
40.753000 0.017252 
40.754000 0.017123 
40.755000 0.016994 
40.756000 0.016863 
40.757000 0.016732 
40.758000 0.016601 
40.759000 0.016468 
40.760000 0.016335 
40.761000 0.016201 
40.762000 0.016066 
40.763000 0.015929 
40.764000 0.015792 
40.765000 0.015654 
40.766000 0.015514 
40.767000 0.015373 
40.768000 0.015231 
40.769000 0.015087 
40.770000 0.014941 
40.771000 0.014794 
40.772000 0.014645 
40.773000 0.014494 
40.774000 0.014340 
40.775000 0.014186 
40.776000 0.014034 
40.777000 0.013885 
40.778000 0.013739 
40.779000 0.013596 
40.780000 0.013454 
40.781000 0.013316 
40.782000 0.013179 
40.783000 0.013044 
40.784000 0.012911 
40.785000 0.012779 
40.786000 0.012649 
40.787000 0.012521 
40.788000 0.012393 
40.789000 0.012267 
40.790000 0.012141 
40.791000 0.012016 
40.792000 0.011891 
40.793000 0.011767 
40.794000 0.011643 
40.795000 0.011520 
40.796000 0.011398 
40.797000 0.011275 
40.798000 0.011153 
40.799000 0.011030 
40.800000 0.010907 
40.801000 0.010785 
40.802000 0.010662 
40.803000 0.010539 
40.804000 0.010417 
40.805000 0.010295 
40.806000 0.010174 
40.807000 0.010052 
40.808000 0.009930 
40.809000 0.009807 
40.810000 0.009686 
40.811000 0.009564 
40.812000 0.009442 
40.813000 0.009321 
40.814000 0.009199 
40.815000 0.009078 
40.816000 0.008957 
40.817000 0.008836 
40.818000 0.008715 
40.819000 0.008594 
40.820000 0.008473 
40.821000 0.008352 
40.822000 0.008232 
40.823000 0.008111 
40.824000 0.007990 
40.825000 0.007868 
40.826000 0.007747 
40.827000 0.007625 
40.828000 0.007503 
40.829000 0.007381 
40.830000 0.007258 
40.831000 0.007135 
40.832000 0.007012 
40.833000 0.006888 
40.834000 0.006764 
40.835000 0.006639 
40.836000 0.006513 
40.837000 0.006387 
40.838000 0.006259 
40.839000 0.006131 
40.840000 0.006002 
40.841000 0.005871 
40.842000 0.005740 
40.843000 0.005608 
40.844000 0.005479 
40.845000 0.005353 
40.846000 0.005229 
40.847000 0.005107 
40.848000 0.004987 
40.849000 0.004869 
40.850000 0.004754 
40.851000 0.004640 
40.852000 0.004527 
40.853000 0.004416 
40.854000 0.004307 
40.855000 0.004199 
40.856000 0.004093 
40.857000 0.003988 
40.858000 0.003884 
40.859000 0.003781 
40.860000 0.003679 
