Time(s) Surface_Elevation(m)
36.861000 0.020523 
36.862000 0.020501 
36.863000 0.020480 
36.864000 0.020459 
36.865000 0.020437 
36.866000 0.020416 
36.867000 0.020394 
36.868000 0.020373 
36.869000 0.020352 
36.870000 0.020330 
36.871000 0.020309 
36.872000 0.020287 
36.873000 0.020266 
36.874000 0.020245 
36.875000 0.020223 
36.876000 0.020202 
36.877000 0.020181 
36.878000 0.020159 
36.879000 0.020138 
36.880000 0.020117 
36.881000 0.020095 
36.882000 0.020074 
36.883000 0.020053 
36.884000 0.020032 
36.885000 0.020011 
36.886000 0.019989 
36.887000 0.019968 
36.888000 0.019947 
36.889000 0.019926 
36.890000 0.019905 
36.891000 0.019883 
36.892000 0.019862 
36.893000 0.019841 
36.894000 0.019820 
36.895000 0.019799 
36.896000 0.019778 
36.897000 0.019757 
36.898000 0.019735 
36.899000 0.019714 
36.900000 0.019693 
36.901000 0.019672 
36.902000 0.019651 
36.903000 0.019630 
36.904000 0.019609 
36.905000 0.019588 
36.906000 0.019567 
36.907000 0.019546 
36.908000 0.019525 
36.909000 0.019503 
36.910000 0.019482 
36.911000 0.019461 
36.912000 0.019440 
36.913000 0.019419 
36.914000 0.019398 
36.915000 0.019377 
36.916000 0.019356 
36.917000 0.019335 
36.918000 0.019314 
36.919000 0.019293 
36.920000 0.019272 
36.921000 0.019251 
36.922000 0.019230 
36.923000 0.019209 
36.924000 0.019188 
36.925000 0.019168 
36.926000 0.019147 
36.927000 0.019126 
36.928000 0.019105 
36.929000 0.019084 
36.930000 0.019064 
36.931000 0.019043 
36.932000 0.019022 
36.933000 0.019001 
36.934000 0.018981 
36.935000 0.018960 
36.936000 0.018939 
36.937000 0.018919 
36.938000 0.018898 
36.939000 0.018877 
36.940000 0.018857 
36.941000 0.018836 
36.942000 0.018816 
36.943000 0.018795 
36.944000 0.018775 
36.945000 0.018754 
36.946000 0.018734 
36.947000 0.018713 
36.948000 0.018693 
36.949000 0.018672 
36.950000 0.018652 
36.951000 0.018632 
36.952000 0.018611 
36.953000 0.018591 
36.954000 0.018571 
36.955000 0.018551 
36.956000 0.018530 
36.957000 0.018510 
36.958000 0.018490 
36.959000 0.018470 
36.960000 0.018450 
36.961000 0.018430 
36.962000 0.018410 
36.963000 0.018390 
36.964000 0.018370 
36.965000 0.018350 
36.966000 0.018330 
36.967000 0.018310 
36.968000 0.018290 
36.969000 0.018270 
36.970000 0.018250 
36.971000 0.018231 
36.972000 0.018211 
36.973000 0.018191 
36.974000 0.018172 
36.975000 0.018152 
36.976000 0.018132 
36.977000 0.018113 
36.978000 0.018093 
36.979000 0.018074 
36.980000 0.018054 
36.981000 0.018035 
36.982000 0.018015 
36.983000 0.017996 
36.984000 0.017976 
36.985000 0.017957 
36.986000 0.017938 
36.987000 0.017918 
36.988000 0.017899 
36.989000 0.017880 
36.990000 0.017861 
36.991000 0.017841 
36.992000 0.017822 
36.993000 0.017803 
36.994000 0.017784 
36.995000 0.017765 
36.996000 0.017746 
36.997000 0.017727 
36.998000 0.017708 
36.999000 0.017689 
37.000000 0.017670 
37.001000 0.017651 
37.002000 0.017632 
37.003000 0.017613 
37.004000 0.017594 
37.005000 0.017575 
37.006000 0.017557 
37.007000 0.017538 
37.008000 0.017519 
37.009000 0.017500 
37.010000 0.017481 
37.011000 0.017463 
37.012000 0.017444 
37.013000 0.017425 
37.014000 0.017406 
37.015000 0.017388 
37.016000 0.017369 
37.017000 0.017350 
37.018000 0.017332 
37.019000 0.017313 
37.020000 0.017294 
37.021000 0.017276 
37.022000 0.017257 
37.023000 0.017239 
37.024000 0.017220 
37.025000 0.017201 
37.026000 0.017183 
37.027000 0.017164 
37.028000 0.017145 
37.029000 0.017127 
37.030000 0.017108 
37.031000 0.017090 
37.032000 0.017071 
37.033000 0.017052 
37.034000 0.017034 
37.035000 0.017015 
37.036000 0.016996 
37.037000 0.016977 
37.038000 0.016959 
37.039000 0.016940 
37.040000 0.016921 
37.041000 0.016902 
37.042000 0.016884 
37.043000 0.016865 
37.044000 0.016846 
37.045000 0.016827 
37.046000 0.016808 
37.047000 0.016789 
37.048000 0.016770 
37.049000 0.016751 
37.050000 0.016732 
37.051000 0.016713 
37.052000 0.016694 
37.053000 0.016675 
37.054000 0.016655 
37.055000 0.016636 
37.056000 0.016617 
37.057000 0.016597 
37.058000 0.016578 
37.059000 0.016559 
37.060000 0.016539 
37.061000 0.016520 
37.062000 0.016500 
37.063000 0.016480 
37.064000 0.016460 
37.065000 0.016441 
37.066000 0.016421 
37.067000 0.016401 
37.068000 0.016381 
37.069000 0.016361 
37.070000 0.016340 
37.071000 0.016320 
37.072000 0.016300 
37.073000 0.016279 
37.074000 0.016259 
37.075000 0.016238 
37.076000 0.016218 
37.077000 0.016197 
37.078000 0.016176 
37.079000 0.016155 
37.080000 0.016134 
37.081000 0.016113 
37.082000 0.016092 
37.083000 0.016070 
37.084000 0.016049 
37.085000 0.016027 
37.086000 0.016006 
37.087000 0.015984 
37.088000 0.015962 
37.089000 0.015940 
37.090000 0.015918 
37.091000 0.015896 
37.092000 0.015873 
37.093000 0.015851 
37.094000 0.015828 
37.095000 0.015806 
37.096000 0.015783 
37.097000 0.015760 
37.098000 0.015737 
37.099000 0.015713 
37.100000 0.015690 
37.101000 0.015666 
37.102000 0.015643 
37.103000 0.015619 
37.104000 0.015595 
37.105000 0.015570 
37.106000 0.015546 
37.107000 0.015521 
37.108000 0.015497 
37.109000 0.015472 
37.110000 0.015447 
37.111000 0.015422 
37.112000 0.015396 
37.113000 0.015371 
37.114000 0.015345 
37.115000 0.015319 
37.116000 0.015293 
37.117000 0.015266 
37.118000 0.015240 
37.119000 0.015213 
37.120000 0.015186 
37.121000 0.015159 
37.122000 0.015131 
37.123000 0.015103 
37.124000 0.015076 
37.125000 0.015048 
37.126000 0.015019 
37.127000 0.014991 
37.128000 0.014962 
37.129000 0.014933 
37.130000 0.014904 
37.131000 0.014874 
37.132000 0.014845 
37.133000 0.014815 
37.134000 0.014785 
37.135000 0.014755 
37.136000 0.014724 
37.137000 0.014693 
37.138000 0.014662 
37.139000 0.014631 
37.140000 0.014600 
37.141000 0.014568 
37.142000 0.014536 
37.143000 0.014504 
37.144000 0.014472 
37.145000 0.014440 
37.146000 0.014407 
37.147000 0.014375 
37.148000 0.014342 
37.149000 0.014309 
37.150000 0.014276 
37.151000 0.014242 
37.152000 0.014209 
37.153000 0.014176 
37.154000 0.014144 
37.155000 0.014111 
37.156000 0.014079 
37.157000 0.014046 
37.158000 0.014014 
37.159000 0.013982 
37.160000 0.013950 
37.161000 0.013918 
37.162000 0.013886 
37.163000 0.013854 
37.164000 0.013823 
37.165000 0.013791 
37.166000 0.013759 
37.167000 0.013728 
37.168000 0.013696 
37.169000 0.013665 
37.170000 0.013633 
37.171000 0.013601 
37.172000 0.013569 
37.173000 0.013537 
37.174000 0.013505 
37.175000 0.013472 
37.176000 0.013439 
37.177000 0.013405 
37.178000 0.013371 
37.179000 0.013336 
37.180000 0.013301 
37.181000 0.013265 
37.182000 0.013229 
37.183000 0.013191 
37.184000 0.013153 
37.185000 0.013114 
37.186000 0.013075 
37.187000 0.013034 
37.188000 0.012993 
37.189000 0.012950 
37.190000 0.012907 
37.191000 0.012862 
37.192000 0.012817 
37.193000 0.012770 
37.194000 0.012723 
37.195000 0.012674 
37.196000 0.012624 
37.197000 0.012573 
37.198000 0.012520 
37.199000 0.012466 
37.200000 0.012411 
37.201000 0.012355 
37.202000 0.012297 
37.203000 0.012238 
37.204000 0.012177 
37.205000 0.012116 
37.206000 0.012052 
37.207000 0.011988 
37.208000 0.011922 
37.209000 0.011855 
37.210000 0.011787 
37.211000 0.011717 
37.212000 0.011645 
37.213000 0.011573 
37.214000 0.011499 
37.215000 0.011424 
37.216000 0.011348 
37.217000 0.011270 
37.218000 0.011190 
37.219000 0.011108 
37.220000 0.011024 
37.221000 0.010940 
37.222000 0.010854 
37.223000 0.010765 
37.224000 0.010675 
37.225000 0.010582 
37.226000 0.010486 
37.227000 0.010388 
37.228000 0.010289 
37.229000 0.010188 
37.230000 0.010086 
37.231000 0.009979 
37.232000 0.009871 
37.233000 0.009760 
37.234000 0.009647 
37.235000 0.009532 
37.236000 0.009415 
37.237000 0.009296 
37.238000 0.009175 
37.239000 0.009052 
37.240000 0.008927 
37.241000 0.008801 
37.242000 0.008672 
37.243000 0.008541 
37.244000 0.008408 
37.245000 0.008274 
37.246000 0.008137 
37.247000 0.007998 
37.248000 0.007857 
37.249000 0.007713 
37.250000 0.007567 
37.251000 0.007419 
37.252000 0.007269 
37.253000 0.007115 
37.254000 0.006959 
37.255000 0.006800 
37.256000 0.006637 
37.257000 0.006472 
37.258000 0.006302 
37.259000 0.006129 
37.260000 0.005953 
37.261000 0.005771 
37.262000 0.005588 
37.263000 0.005407 
37.264000 0.005228 
37.265000 0.005052 
37.266000 0.004878 
37.267000 0.004706 
37.268000 0.004536 
37.269000 0.004368 
37.270000 0.004201 
37.271000 0.004034 
37.272000 0.003869 
37.273000 0.003704 
37.274000 0.003540 
37.275000 0.003377 
37.276000 0.003213 
37.277000 0.003048 
37.278000 0.002884 
37.279000 0.002720 
37.280000 0.002557 
37.281000 0.002390 
37.282000 0.002223 
37.283000 0.002056 
37.284000 0.001889 
37.285000 0.001720 
37.286000 0.001549 
37.287000 0.001378 
37.288000 0.001207 
37.289000 0.001035 
37.290000 0.000863 
37.291000 0.000691 
37.292000 0.000518 
37.293000 0.000345 
37.294000 0.000171 
37.295000 -0.000003 
37.296000 -0.000178 
37.297000 -0.000354 
37.298000 -0.000530 
37.299000 -0.000707 
37.300000 -0.000886 
37.301000 -0.001065 
37.302000 -0.001246 
37.303000 -0.001428 
37.304000 -0.001613 
37.305000 -0.001799 
37.306000 -0.001988 
37.307000 -0.002180 
37.308000 -0.002375 
37.309000 -0.002573 
37.310000 -0.002776 
37.311000 -0.002981 
37.312000 -0.003182 
37.313000 -0.003378 
37.314000 -0.003570 
37.315000 -0.003758 
37.316000 -0.003943 
37.317000 -0.004124 
37.318000 -0.004303 
37.319000 -0.004478 
37.320000 -0.004652 
37.321000 -0.004824 
37.322000 -0.004994 
37.323000 -0.005161 
37.324000 -0.005329 
37.325000 -0.005495 
37.326000 -0.005659 
37.327000 -0.005823 
37.328000 -0.005986 
37.329000 -0.006147 
37.330000 -0.006308 
37.331000 -0.006470 
37.332000 -0.006632 
37.333000 -0.006792 
37.334000 -0.006951 
37.335000 -0.007113 
37.336000 -0.007274 
37.337000 -0.007434 
37.338000 -0.007593 
37.339000 -0.007751 
37.340000 -0.007909 
37.341000 -0.008066 
37.342000 -0.008224 
37.343000 -0.008380 
37.344000 -0.008537 
37.345000 -0.008693 
37.346000 -0.008850 
37.347000 -0.009006 
37.348000 -0.009162 
37.349000 -0.009319 
37.350000 -0.009475 
37.351000 -0.009632 
37.352000 -0.009790 
37.353000 -0.009948 
37.354000 -0.010107 
37.355000 -0.010267 
37.356000 -0.010429 
37.357000 -0.010591 
37.358000 -0.010755 
37.359000 -0.010921 
37.360000 -0.011089 
37.361000 -0.011258 
37.362000 -0.011431 
37.363000 -0.011602 
37.364000 -0.011769 
37.365000 -0.011932 
37.366000 -0.012091 
37.367000 -0.012248 
37.368000 -0.012402 
37.369000 -0.012553 
37.370000 -0.012702 
37.371000 -0.012847 
37.372000 -0.012990 
37.373000 -0.013131 
37.374000 -0.013269 
37.375000 -0.013406 
37.376000 -0.013540 
37.377000 -0.013673 
37.378000 -0.013805 
37.379000 -0.013935 
37.380000 -0.014066 
37.381000 -0.014194 
37.382000 -0.014322 
37.383000 -0.014448 
37.384000 -0.014573 
37.385000 -0.014696 
37.386000 -0.014819 
37.387000 -0.014940 
37.388000 -0.015062 
37.389000 -0.015183 
37.390000 -0.015305 
37.391000 -0.015427 
37.392000 -0.015548 
37.393000 -0.015667 
37.394000 -0.015786 
37.395000 -0.015904 
37.396000 -0.016022 
37.397000 -0.016138 
37.398000 -0.016254 
37.399000 -0.016369 
37.400000 -0.016483 
37.401000 -0.016597 
37.402000 -0.016711 
37.403000 -0.016823 
37.404000 -0.016935 
37.405000 -0.017046 
37.406000 -0.017157 
37.407000 -0.017267 
37.408000 -0.017376 
37.409000 -0.017485 
37.410000 -0.017593 
37.411000 -0.017701 
37.412000 -0.017808 
37.413000 -0.017915 
37.414000 -0.018022 
37.415000 -0.018128 
37.416000 -0.018234 
37.417000 -0.018340 
37.418000 -0.018445 
37.419000 -0.018550 
37.420000 -0.018655 
37.421000 -0.018760 
37.422000 -0.018865 
37.423000 -0.018969 
37.424000 -0.019074 
37.425000 -0.019178 
37.426000 -0.019283 
37.427000 -0.019388 
37.428000 -0.019492 
37.429000 -0.019597 
37.430000 -0.019703 
37.431000 -0.019808 
37.432000 -0.019914 
37.433000 -0.020019 
37.434000 -0.020124 
37.435000 -0.020226 
37.436000 -0.020327 
37.437000 -0.020425 
37.438000 -0.020521 
37.439000 -0.020616 
37.440000 -0.020709 
37.441000 -0.020800 
37.442000 -0.020890 
37.443000 -0.020977 
37.444000 -0.021064 
37.445000 -0.021148 
37.446000 -0.021232 
37.447000 -0.021314 
37.448000 -0.021394 
37.449000 -0.021474 
37.450000 -0.021552 
37.451000 -0.021628 
37.452000 -0.021704 
37.453000 -0.021778 
37.454000 -0.021851 
37.455000 -0.021923 
37.456000 -0.021994 
37.457000 -0.022064 
37.458000 -0.022133 
37.459000 -0.022200 
37.460000 -0.022267 
37.461000 -0.022333 
37.462000 -0.022398 
37.463000 -0.022461 
37.464000 -0.022524 
37.465000 -0.022586 
37.466000 -0.022647 
37.467000 -0.022707 
37.468000 -0.022766 
37.469000 -0.022824 
37.470000 -0.022881 
37.471000 -0.022938 
37.472000 -0.022993 
37.473000 -0.023048 
37.474000 -0.023102 
37.475000 -0.023155 
37.476000 -0.023208 
37.477000 -0.023261 
37.478000 -0.023312 
37.479000 -0.023363 
37.480000 -0.023414 
37.481000 -0.023464 
37.482000 -0.023513 
37.483000 -0.023562 
37.484000 -0.023610 
37.485000 -0.023657 
37.486000 -0.023703 
37.487000 -0.023749 
37.488000 -0.023793 
37.489000 -0.023837 
37.490000 -0.023881 
37.491000 -0.023923 
37.492000 -0.023965 
37.493000 -0.024006 
37.494000 -0.024046 
37.495000 -0.024086 
37.496000 -0.024125 
37.497000 -0.024163 
37.498000 -0.024200 
37.499000 -0.024237 
37.500000 -0.024273 
37.501000 -0.024308 
37.502000 -0.024343 
37.503000 -0.024376 
37.504000 -0.024409 
37.505000 -0.024442 
37.506000 -0.024473 
37.507000 -0.024504 
37.508000 -0.024534 
37.509000 -0.024563 
37.510000 -0.024592 
37.511000 -0.024620 
37.512000 -0.024647 
37.513000 -0.024673 
37.514000 -0.024699 
37.515000 -0.024723 
37.516000 -0.024747 
37.517000 -0.024770 
37.518000 -0.024793 
37.519000 -0.024814 
37.520000 -0.024835 
37.521000 -0.024855 
37.522000 -0.024874 
37.523000 -0.024892 
37.524000 -0.024909 
37.525000 -0.024926 
37.526000 -0.024942 
37.527000 -0.024957 
37.528000 -0.024972 
37.529000 -0.024985 
37.530000 -0.024998 
37.531000 -0.025009 
37.532000 -0.025020 
37.533000 -0.025030 
37.534000 -0.025040 
37.535000 -0.025048 
37.536000 -0.025055 
37.537000 -0.025062 
37.538000 -0.025068 
37.539000 -0.025072 
37.540000 -0.025076 
37.541000 -0.025079 
37.542000 -0.025081 
37.543000 -0.025083 
37.544000 -0.025083 
37.545000 -0.025082 
37.546000 -0.025080 
37.547000 -0.025078 
37.548000 -0.025074 
37.549000 -0.025070 
37.550000 -0.025064 
37.551000 -0.025058 
37.552000 -0.025050 
37.553000 -0.025041 
37.554000 -0.025032 
37.555000 -0.025021 
37.556000 -0.025009 
37.557000 -0.024997 
37.558000 -0.024983 
37.559000 -0.024968 
37.560000 -0.024952 
37.561000 -0.024934 
37.562000 -0.024916 
37.563000 -0.024896 
37.564000 -0.024876 
37.565000 -0.024854 
37.566000 -0.024831 
37.567000 -0.024806 
37.568000 -0.024781 
37.569000 -0.024754 
37.570000 -0.024726 
37.571000 -0.024696 
37.572000 -0.024666 
37.573000 -0.024634 
37.574000 -0.024601 
37.575000 -0.024566 
37.576000 -0.024531 
37.577000 -0.024494 
37.578000 -0.024456 
37.579000 -0.024416 
37.580000 -0.024376 
37.581000 -0.024334 
37.582000 -0.024291 
37.583000 -0.024247 
37.584000 -0.024202 
37.585000 -0.024156 
37.586000 -0.024109 
37.587000 -0.024061 
37.588000 -0.024012 
37.589000 -0.023963 
37.590000 -0.023912 
37.591000 -0.023861 
37.592000 -0.023809 
37.593000 -0.023756 
37.594000 -0.023703 
37.595000 -0.023650 
37.596000 -0.023596 
37.597000 -0.023541 
37.598000 -0.023487 
37.599000 -0.023433 
37.600000 -0.023379 
37.601000 -0.023325 
37.602000 -0.023271 
37.603000 -0.023218 
37.604000 -0.023165 
37.605000 -0.023113 
37.606000 -0.023062 
37.607000 -0.023011 
37.608000 -0.022962 
37.609000 -0.022913 
37.610000 -0.022866 
37.611000 -0.022820 
37.612000 -0.022775 
37.613000 -0.022732 
37.614000 -0.022690 
37.615000 -0.022650 
37.616000 -0.022611 
37.617000 -0.022574 
37.618000 -0.022539 
37.619000 -0.022506 
37.620000 -0.022475 
37.621000 -0.022445 
37.622000 -0.022418 
37.623000 -0.022393 
37.624000 -0.022369 
37.625000 -0.022348 
37.626000 -0.022329 
37.627000 -0.022312 
37.628000 -0.022297 
37.629000 -0.022284 
37.630000 -0.022274 
37.631000 -0.022265 
37.632000 -0.022259 
37.633000 -0.022255 
37.634000 -0.022252 
37.635000 -0.022252 
37.636000 -0.022254 
37.637000 -0.022258 
37.638000 -0.022263 
37.639000 -0.022270 
37.640000 -0.022280 
37.641000 -0.022291 
37.642000 -0.022303 
37.643000 -0.022318 
37.644000 -0.022334 
37.645000 -0.022351 
37.646000 -0.022370 
37.647000 -0.022390 
37.648000 -0.022412 
37.649000 -0.022434 
37.650000 -0.022458 
37.651000 -0.022483 
37.652000 -0.022509 
37.653000 -0.022535 
37.654000 -0.022563 
37.655000 -0.022591 
37.656000 -0.022619 
37.657000 -0.022649 
37.658000 -0.022678 
37.659000 -0.022709 
37.660000 -0.022739 
37.661000 -0.022770 
37.662000 -0.022801 
37.663000 -0.022833 
37.664000 -0.022864 
37.665000 -0.022896 
37.666000 -0.022928 
37.667000 -0.022960 
37.668000 -0.022992 
37.669000 -0.023025 
37.670000 -0.023057 
37.671000 -0.023089 
37.672000 -0.023121 
37.673000 -0.023153 
37.674000 -0.023185 
37.675000 -0.023217 
37.676000 -0.023249 
37.677000 -0.023280 
37.678000 -0.023311 
37.679000 -0.023343 
37.680000 -0.023374 
37.681000 -0.023404 
37.682000 -0.023435 
37.683000 -0.023465 
37.684000 -0.023495 
37.685000 -0.023525 
37.686000 -0.023555 
37.687000 -0.023584 
37.688000 -0.023614 
37.689000 -0.023643 
37.690000 -0.023672 
37.691000 -0.023701 
37.692000 -0.023729 
37.693000 -0.023757 
37.694000 -0.023786 
37.695000 -0.023814 
37.696000 -0.023842 
37.697000 -0.023869 
37.698000 -0.023897 
37.699000 -0.023925 
37.700000 -0.023952 
37.701000 -0.023979 
37.702000 -0.024007 
37.703000 -0.024034 
37.704000 -0.024061 
37.705000 -0.024088 
37.706000 -0.024115 
37.707000 -0.024142 
37.708000 -0.024169 
37.709000 -0.024196 
37.710000 -0.024223 
37.711000 -0.024250 
37.712000 -0.024277 
37.713000 -0.024304 
37.714000 -0.024331 
37.715000 -0.024359 
37.716000 -0.024386 
37.717000 -0.024414 
37.718000 -0.024441 
37.719000 -0.024469 
37.720000 -0.024497 
37.721000 -0.024525 
37.722000 -0.024553 
37.723000 -0.024582 
37.724000 -0.024610 
37.725000 -0.024639 
37.726000 -0.024668 
37.727000 -0.024697 
37.728000 -0.024727 
37.729000 -0.024756 
37.730000 -0.024786 
37.731000 -0.024817 
37.732000 -0.024848 
37.733000 -0.024880 
37.734000 -0.024913 
37.735000 -0.024946 
37.736000 -0.024980 
37.737000 -0.025014 
37.738000 -0.025048 
37.739000 -0.025082 
37.740000 -0.025118 
37.741000 -0.025154 
37.742000 -0.025191 
37.743000 -0.025229 
37.744000 -0.025268 
37.745000 -0.025307 
37.746000 -0.025346 
37.747000 -0.025386 
37.748000 -0.025426 
37.749000 -0.025466 
37.750000 -0.025507 
37.751000 -0.025548 
37.752000 -0.025590 
37.753000 -0.025632 
37.754000 -0.025674 
37.755000 -0.025717 
37.756000 -0.025760 
37.757000 -0.025804 
37.758000 -0.025848 
37.759000 -0.025893 
37.760000 -0.025938 
37.761000 -0.025983 
37.762000 -0.026030 
37.763000 -0.026076 
37.764000 -0.026123 
37.765000 -0.026171 
37.766000 -0.026219 
37.767000 -0.026267 
37.768000 -0.026317 
37.769000 -0.026366 
37.770000 -0.026416 
37.771000 -0.026467 
37.772000 -0.026519 
37.773000 -0.026571 
37.774000 -0.026623 
37.775000 -0.026676 
37.776000 -0.026730 
37.777000 -0.026784 
37.778000 -0.026839 
37.779000 -0.026894 
37.780000 -0.026950 
37.781000 -0.027007 
37.782000 -0.027064 
37.783000 -0.027122 
37.784000 -0.027181 
37.785000 -0.027240 
37.786000 -0.027300 
37.787000 -0.027360 
37.788000 -0.027421 
37.789000 -0.027483 
37.790000 -0.027546 
37.791000 -0.027609 
37.792000 -0.027673 
37.793000 -0.027738 
37.794000 -0.027803 
37.795000 -0.027869 
37.796000 -0.027936 
37.797000 -0.028004 
37.798000 -0.028072 
37.799000 -0.028141 
37.800000 -0.028211 
37.801000 -0.028282 
37.802000 -0.028354 
37.803000 -0.028426 
37.804000 -0.028500 
37.805000 -0.028574 
37.806000 -0.028648 
37.807000 -0.028722 
37.808000 -0.028796 
37.809000 -0.028869 
37.810000 -0.028942 
37.811000 -0.029014 
37.812000 -0.029086 
37.813000 -0.029158 
37.814000 -0.029229 
37.815000 -0.029300 
37.816000 -0.029370 
37.817000 -0.029440 
37.818000 -0.029510 
37.819000 -0.029580 
37.820000 -0.029649 
37.821000 -0.029718 
37.822000 -0.029786 
37.823000 -0.029854 
37.824000 -0.029922 
37.825000 -0.029990 
37.826000 -0.030057 
37.827000 -0.030124 
37.828000 -0.030191 
37.829000 -0.030257 
37.830000 -0.030323 
37.831000 -0.030389 
37.832000 -0.030455 
37.833000 -0.030521 
37.834000 -0.030586 
37.835000 -0.030651 
37.836000 -0.030716 
37.837000 -0.030781 
37.838000 -0.030845 
37.839000 -0.030909 
37.840000 -0.030974 
37.841000 -0.031038 
37.842000 -0.031101 
37.843000 -0.031165 
37.844000 -0.031229 
37.845000 -0.031292 
37.846000 -0.031355 
37.847000 -0.031419 
37.848000 -0.031482 
37.849000 -0.031545 
37.850000 -0.031609 
37.851000 -0.031673 
37.852000 -0.031738 
37.853000 -0.031803 
37.854000 -0.031868 
37.855000 -0.031933 
37.856000 -0.032000 
37.857000 -0.032067 
37.858000 -0.032135 
37.859000 -0.032202 
37.860000 -0.032270 
37.861000 -0.032338 
37.862000 -0.032405 
37.863000 -0.032473 
37.864000 -0.032540 
37.865000 -0.032607 
37.866000 -0.032674 
37.867000 -0.032741 
37.868000 -0.032808 
37.869000 -0.032875 
37.870000 -0.032941 
37.871000 -0.033007 
37.872000 -0.033073 
37.873000 -0.033139 
37.874000 -0.033205 
37.875000 -0.033271 
37.876000 -0.033336 
37.877000 -0.033401 
37.878000 -0.033467 
37.879000 -0.033532 
37.880000 -0.033597 
37.881000 -0.033662 
37.882000 -0.033727 
37.883000 -0.033791 
37.884000 -0.033856 
37.885000 -0.033921 
37.886000 -0.033985 
37.887000 -0.034050 
37.888000 -0.034114 
37.889000 -0.034178 
37.890000 -0.034243 
37.891000 -0.034307 
37.892000 -0.034371 
37.893000 -0.034435 
37.894000 -0.034500 
37.895000 -0.034564 
37.896000 -0.034628 
37.897000 -0.034693 
37.898000 -0.034757 
37.899000 -0.034821 
37.900000 -0.034886 
37.901000 -0.034950 
37.902000 -0.035015 
37.903000 -0.035080 
37.904000 -0.035145 
37.905000 -0.035209 
37.906000 -0.035275 
37.907000 -0.035340 
37.908000 -0.035405 
37.909000 -0.035471 
37.910000 -0.035536 
37.911000 -0.035602 
37.912000 -0.035668 
37.913000 -0.035735 
37.914000 -0.035801 
37.915000 -0.035868 
37.916000 -0.035935 
37.917000 -0.036002 
37.918000 -0.036070 
37.919000 -0.036138 
37.920000 -0.036206 
37.921000 -0.036274 
37.922000 -0.036343 
37.923000 -0.036413 
37.924000 -0.036482 
37.925000 -0.036552 
37.926000 -0.036622 
37.927000 -0.036693 
37.928000 -0.036765 
37.929000 -0.036836 
37.930000 -0.036908 
37.931000 -0.036981 
37.932000 -0.037054 
37.933000 -0.037128 
37.934000 -0.037202 
37.935000 -0.037275 
37.936000 -0.037347 
37.937000 -0.037419 
37.938000 -0.037490 
37.939000 -0.037561 
37.940000 -0.037631 
37.941000 -0.037700 
37.942000 -0.037769 
37.943000 -0.037837 
37.944000 -0.037904 
37.945000 -0.037971 
37.946000 -0.038038 
37.947000 -0.038104 
37.948000 -0.038169 
37.949000 -0.038234 
37.950000 -0.038299 
37.951000 -0.038363 
37.952000 -0.038427 
37.953000 -0.038490 
37.954000 -0.038553 
37.955000 -0.038615 
37.956000 -0.038677 
37.957000 -0.038739 
37.958000 -0.038800 
37.959000 -0.038861 
37.960000 -0.038922 
37.961000 -0.038982 
37.962000 -0.039042 
37.963000 -0.039101 
37.964000 -0.039160 
37.965000 -0.039219 
37.966000 -0.039277 
37.967000 -0.039336 
37.968000 -0.039394 
37.969000 -0.039451 
37.970000 -0.039508 
37.971000 -0.039565 
37.972000 -0.039622 
37.973000 -0.039678 
37.974000 -0.039734 
37.975000 -0.039790 
37.976000 -0.039846 
37.977000 -0.039901 
37.978000 -0.039957 
37.979000 -0.040013 
37.980000 -0.040069 
37.981000 -0.040125 
37.982000 -0.040182 
37.983000 -0.040239 
37.984000 -0.040296 
37.985000 -0.040353 
37.986000 -0.040411 
37.987000 -0.040468 
37.988000 -0.040525 
37.989000 -0.040581 
37.990000 -0.040638 
37.991000 -0.040694 
37.992000 -0.040750 
37.993000 -0.040805 
37.994000 -0.040860 
37.995000 -0.040915 
37.996000 -0.040969 
37.997000 -0.041023 
37.998000 -0.041077 
37.999000 -0.041130 
38.000000 -0.041183 
38.001000 -0.041236 
38.002000 -0.041288 
38.003000 -0.041340 
38.004000 -0.041391 
38.005000 -0.041442 
38.006000 -0.041493 
38.007000 -0.041544 
38.008000 -0.041594 
38.009000 -0.041643 
38.010000 -0.041692 
38.011000 -0.041741 
38.012000 -0.041790 
38.013000 -0.041838 
38.014000 -0.041886 
38.015000 -0.041933 
38.016000 -0.041980 
38.017000 -0.042027 
38.018000 -0.042073 
38.019000 -0.042119 
38.020000 -0.042165 
38.021000 -0.042210 
38.022000 -0.042255 
38.023000 -0.042300 
38.024000 -0.042344 
38.025000 -0.042388 
38.026000 -0.042431 
38.027000 -0.042474 
38.028000 -0.042517 
38.029000 -0.042560 
38.030000 -0.042602 
38.031000 -0.042643 
38.032000 -0.042685 
38.033000 -0.042726 
38.034000 -0.042766 
38.035000 -0.042807 
38.036000 -0.042847 
38.037000 -0.042886 
38.038000 -0.042926 
38.039000 -0.042965 
38.040000 -0.043003 
38.041000 -0.043041 
38.042000 -0.043079 
38.043000 -0.043117 
38.044000 -0.043154 
38.045000 -0.043191 
38.046000 -0.043228 
38.047000 -0.043264 
38.048000 -0.043300 
38.049000 -0.043336 
38.050000 -0.043371 
38.051000 -0.043406 
38.052000 -0.043441 
38.053000 -0.043475 
38.054000 -0.043509 
38.055000 -0.043543 
38.056000 -0.043576 
38.057000 -0.043609 
38.058000 -0.043642 
38.059000 -0.043674 
38.060000 -0.043706 
38.061000 -0.043738 
38.062000 -0.043770 
38.063000 -0.043801 
38.064000 -0.043832 
38.065000 -0.043862 
38.066000 -0.043892 
38.067000 -0.043922 
38.068000 -0.043952 
38.069000 -0.043981 
38.070000 -0.044010 
38.071000 -0.044039 
38.072000 -0.044067 
38.073000 -0.044095 
38.074000 -0.044123 
38.075000 -0.044150 
38.076000 -0.044177 
38.077000 -0.044204 
38.078000 -0.044231 
38.079000 -0.044257 
38.080000 -0.044283 
38.081000 -0.044308 
38.082000 -0.044334 
38.083000 -0.044359 
38.084000 -0.044383 
38.085000 -0.044408 
38.086000 -0.044432 
38.087000 -0.044456 
38.088000 -0.044479 
38.089000 -0.044502 
38.090000 -0.044525 
38.091000 -0.044548 
38.092000 -0.044570 
38.093000 -0.044592 
38.094000 -0.044614 
38.095000 -0.044635 
38.096000 -0.044656 
38.097000 -0.044677 
38.098000 -0.044698 
38.099000 -0.044718 
38.100000 -0.044738 
38.101000 -0.044758 
38.102000 -0.044777 
38.103000 -0.044796 
38.104000 -0.044815 
38.105000 -0.044834 
38.106000 -0.044852 
38.107000 -0.044870 
38.108000 -0.044888 
38.109000 -0.044905 
38.110000 -0.044922 
38.111000 -0.044939 
38.112000 -0.044956 
38.113000 -0.044972 
38.114000 -0.044988 
38.115000 -0.045004 
38.116000 -0.045019 
38.117000 -0.045034 
38.118000 -0.045049 
38.119000 -0.045064 
38.120000 -0.045078 
38.121000 -0.045092 
38.122000 -0.045106 
38.123000 -0.045119 
38.124000 -0.045132 
38.125000 -0.045145 
38.126000 -0.045158 
38.127000 -0.045170 
38.128000 -0.045182 
38.129000 -0.045194 
38.130000 -0.045206 
38.131000 -0.045217 
38.132000 -0.045228 
38.133000 -0.045239 
38.134000 -0.045249 
38.135000 -0.045259 
38.136000 -0.045269 
38.137000 -0.045279 
38.138000 -0.045288 
38.139000 -0.045297 
38.140000 -0.045305 
38.141000 -0.045314 
38.142000 -0.045322 
38.143000 -0.045330 
38.144000 -0.045337 
38.145000 -0.045345 
38.146000 -0.045352 
38.147000 -0.045358 
38.148000 -0.045365 
38.149000 -0.045371 
38.150000 -0.045377 
38.151000 -0.045382 
38.152000 -0.045388 
38.153000 -0.045393 
38.154000 -0.045397 
38.155000 -0.045402 
38.156000 -0.045406 
38.157000 -0.045410 
38.158000 -0.045413 
38.159000 -0.045417 
38.160000 -0.045420 
38.161000 -0.045422 
38.162000 -0.045425 
38.163000 -0.045427 
38.164000 -0.045429 
38.165000 -0.045430 
38.166000 -0.045432 
38.167000 -0.045433 
38.168000 -0.045433 
38.169000 -0.045434 
38.170000 -0.045434 
38.171000 -0.045433 
38.172000 -0.045433 
38.173000 -0.045432 
38.174000 -0.045431 
38.175000 -0.045429 
38.176000 -0.045427 
38.177000 -0.045425 
38.178000 -0.045423 
38.179000 -0.045420 
38.180000 -0.045417 
38.181000 -0.045414 
38.182000 -0.045410 
38.183000 -0.045406 
38.184000 -0.045402 
38.185000 -0.045397 
38.186000 -0.045392 
38.187000 -0.045386 
38.188000 -0.045381 
38.189000 -0.045375 
38.190000 -0.045368 
38.191000 -0.045362 
38.192000 -0.045355 
38.193000 -0.045347 
38.194000 -0.045340 
38.195000 -0.045332 
38.196000 -0.045324 
38.197000 -0.045315 
38.198000 -0.045306 
38.199000 -0.045297 
38.200000 -0.045287 
38.201000 -0.045277 
38.202000 -0.045267 
38.203000 -0.045256 
38.204000 -0.045245 
38.205000 -0.045234 
38.206000 -0.045222 
38.207000 -0.045210 
38.208000 -0.045198 
38.209000 -0.045185 
38.210000 -0.045173 
38.211000 -0.045159 
38.212000 -0.045146 
38.213000 -0.045132 
38.214000 -0.045117 
38.215000 -0.045103 
38.216000 -0.045088 
38.217000 -0.045072 
38.218000 -0.045057 
38.219000 -0.045041 
38.220000 -0.045024 
38.221000 -0.045008 
38.222000 -0.044991 
38.223000 -0.044973 
38.224000 -0.044956 
38.225000 -0.044938 
38.226000 -0.044919 
38.227000 -0.044900 
38.228000 -0.044881 
38.229000 -0.044862 
38.230000 -0.044842 
38.231000 -0.044822 
38.232000 -0.044802 
38.233000 -0.044781 
38.234000 -0.044760 
38.235000 -0.044738 
38.236000 -0.044717 
38.237000 -0.044694 
38.238000 -0.044672 
38.239000 -0.044649 
38.240000 -0.044626 
38.241000 -0.044602 
38.242000 -0.044578 
38.243000 -0.044554 
38.244000 -0.044529 
38.245000 -0.044505 
38.246000 -0.044479 
38.247000 -0.044454 
38.248000 -0.044428 
38.249000 -0.044401 
38.250000 -0.044374 
38.251000 -0.044347 
38.252000 -0.044320 
38.253000 -0.044292 
38.254000 -0.044264 
38.255000 -0.044236 
38.256000 -0.044207 
38.257000 -0.044178 
38.258000 -0.044148 
38.259000 -0.044118 
38.260000 -0.044088 
38.261000 -0.044057 
38.262000 -0.044026 
38.263000 -0.043995 
38.264000 -0.043963 
38.265000 -0.043931 
38.266000 -0.043898 
38.267000 -0.043865 
38.268000 -0.043832 
38.269000 -0.043799 
38.270000 -0.043765 
38.271000 -0.043730 
38.272000 -0.043695 
38.273000 -0.043660 
38.274000 -0.043625 
38.275000 -0.043589 
38.276000 -0.043553 
38.277000 -0.043516 
38.278000 -0.043479 
38.279000 -0.043442 
38.280000 -0.043404 
38.281000 -0.043366 
38.282000 -0.043327 
38.283000 -0.043288 
38.284000 -0.043249 
38.285000 -0.043209 
38.286000 -0.043169 
38.287000 -0.043128 
38.288000 -0.043088 
38.289000 -0.043046 
38.290000 -0.043004 
38.291000 -0.042962 
38.292000 -0.042920 
38.293000 -0.042877 
38.294000 -0.042834 
38.295000 -0.042789 
38.296000 -0.042742 
38.297000 -0.042694 
38.298000 -0.042645 
38.299000 -0.042596 
38.300000 -0.042546 
38.301000 -0.042496 
38.302000 -0.042445 
38.303000 -0.042393 
38.304000 -0.042341 
38.305000 -0.042289 
38.306000 -0.042236 
38.307000 -0.042183 
38.308000 -0.042129 
38.309000 -0.042075 
38.310000 -0.042021 
38.311000 -0.041966 
38.312000 -0.041911 
38.313000 -0.041855 
38.314000 -0.041799 
38.315000 -0.041742 
38.316000 -0.041686 
38.317000 -0.041628 
38.318000 -0.041571 
38.319000 -0.041513 
38.320000 -0.041454 
38.321000 -0.041396 
38.322000 -0.041336 
38.323000 -0.041277 
38.324000 -0.041217 
38.325000 -0.041157 
38.326000 -0.041096 
38.327000 -0.041035 
38.328000 -0.040973 
38.329000 -0.040911 
38.330000 -0.040849 
38.331000 -0.040786 
38.332000 -0.040723 
38.333000 -0.040659 
38.334000 -0.040595 
38.335000 -0.040531 
38.336000 -0.040466 
38.337000 -0.040400 
38.338000 -0.040335 
38.339000 -0.040268 
38.340000 -0.040202 
38.341000 -0.040135 
38.342000 -0.040067 
38.343000 -0.039999 
38.344000 -0.039930 
38.345000 -0.039861 
38.346000 -0.039791 
38.347000 -0.039721 
38.348000 -0.039650 
38.349000 -0.039579 
38.350000 -0.039507 
38.351000 -0.039434 
38.352000 -0.039361 
38.353000 -0.039287 
38.354000 -0.039213 
38.355000 -0.039138 
38.356000 -0.039062 
38.357000 -0.038986 
38.358000 -0.038909 
38.359000 -0.038831 
38.360000 -0.038752 
38.361000 -0.038673 
38.362000 -0.038593 
38.363000 -0.038511 
38.364000 -0.038429 
38.365000 -0.038347 
38.366000 -0.038263 
38.367000 -0.038178 
38.368000 -0.038092 
38.369000 -0.038005 
38.370000 -0.037917 
38.371000 -0.037828 
38.372000 -0.037738 
38.373000 -0.037647 
38.374000 -0.037554 
38.375000 -0.037460 
38.376000 -0.037365 
38.377000 -0.037268 
38.378000 -0.037170 
38.379000 -0.037071 
38.380000 -0.036973 
38.381000 -0.036875 
38.382000 -0.036778 
38.383000 -0.036682 
38.384000 -0.036587 
38.385000 -0.036492 
38.386000 -0.036397 
38.387000 -0.036303 
38.388000 -0.036210 
38.389000 -0.036117 
38.390000 -0.036024 
38.391000 -0.035932 
38.392000 -0.035841 
38.393000 -0.035749 
38.394000 -0.035658 
38.395000 -0.035568 
38.396000 -0.035478 
38.397000 -0.035388 
38.398000 -0.035298 
38.399000 -0.035208 
38.400000 -0.035119 
38.401000 -0.035030 
38.402000 -0.034941 
38.403000 -0.034852 
38.404000 -0.034763 
38.405000 -0.034675 
38.406000 -0.034586 
38.407000 -0.034498 
38.408000 -0.034409 
38.409000 -0.034321 
38.410000 -0.034232 
38.411000 -0.034144 
38.412000 -0.034055 
38.413000 -0.033967 
38.414000 -0.033878 
38.415000 -0.033789 
38.416000 -0.033697 
38.417000 -0.033602 
38.418000 -0.033505 
38.419000 -0.033408 
38.420000 -0.033311 
38.421000 -0.033213 
38.422000 -0.033116 
38.423000 -0.033019 
38.424000 -0.032921 
38.425000 -0.032824 
38.426000 -0.032726 
38.427000 -0.032628 
38.428000 -0.032530 
38.429000 -0.032432 
38.430000 -0.032334 
38.431000 -0.032235 
38.432000 -0.032136 
38.433000 -0.032037 
38.434000 -0.031938 
38.435000 -0.031838 
38.436000 -0.031738 
38.437000 -0.031638 
38.438000 -0.031536 
38.439000 -0.031435 
38.440000 -0.031333 
38.441000 -0.031230 
38.442000 -0.031127 
38.443000 -0.031022 
38.444000 -0.030917 
38.445000 -0.030812 
38.446000 -0.030705 
38.447000 -0.030597 
38.448000 -0.030488 
38.449000 -0.030378 
38.450000 -0.030267 
38.451000 -0.030155 
38.452000 -0.030041 
38.453000 -0.029926 
38.454000 -0.029809 
38.455000 -0.029691 
38.456000 -0.029570 
38.457000 -0.029448 
38.458000 -0.029324 
38.459000 -0.029198 
38.460000 -0.029069 
38.461000 -0.028938 
38.462000 -0.028805 
38.463000 -0.028669 
38.464000 -0.028530 
38.465000 -0.028391 
38.466000 -0.028254 
38.467000 -0.028119 
38.468000 -0.027984 
38.469000 -0.027850 
38.470000 -0.027718 
38.471000 -0.027586 
38.472000 -0.027456 
38.473000 -0.027326 
38.474000 -0.027197 
38.475000 -0.027068 
38.476000 -0.026940 
38.477000 -0.026812 
38.478000 -0.026685 
38.479000 -0.026558 
38.480000 -0.026431 
38.481000 -0.026305 
38.482000 -0.026178 
38.483000 -0.026052 
38.484000 -0.025926 
38.485000 -0.025799 
38.486000 -0.025673 
38.487000 -0.025546 
38.488000 -0.025419 
38.489000 -0.025289 
38.490000 -0.025157 
38.491000 -0.025023 
38.492000 -0.024886 
38.493000 -0.024746 
38.494000 -0.024607 
38.495000 -0.024467 
38.496000 -0.024326 
38.497000 -0.024186 
38.498000 -0.024045 
38.499000 -0.023903 
38.500000 -0.023762 
38.501000 -0.023619 
38.502000 -0.023477 
38.503000 -0.023333 
38.504000 -0.023189 
38.505000 -0.023044 
38.506000 -0.022898 
38.507000 -0.022751 
38.508000 -0.022602 
38.509000 -0.022453 
38.510000 -0.022301 
38.511000 -0.022149 
38.512000 -0.021994 
38.513000 -0.021837 
38.514000 -0.021678 
38.515000 -0.021517 
38.516000 -0.021353 
38.517000 -0.021186 
38.518000 -0.021016 
38.519000 -0.020842 
38.520000 -0.020665 
38.521000 -0.020484 
38.522000 -0.020298 
38.523000 -0.020107 
38.524000 -0.019912 
38.525000 -0.019720 
38.526000 -0.019530 
38.527000 -0.019343 
38.528000 -0.019159 
38.529000 -0.018977 
38.530000 -0.018797 
38.531000 -0.018619 
38.532000 -0.018443 
38.533000 -0.018268 
38.534000 -0.018094 
38.535000 -0.017922 
38.536000 -0.017751 
38.537000 -0.017580 
38.538000 -0.017410 
38.539000 -0.017240 
38.540000 -0.017071 
38.541000 -0.016902 
38.542000 -0.016730 
38.543000 -0.016555 
38.544000 -0.016380 
38.545000 -0.016205 
38.546000 -0.016023 
38.547000 -0.015840 
38.548000 -0.015657 
38.549000 -0.015475 
38.550000 -0.015291 
38.551000 -0.015108 
38.552000 -0.014924 
38.553000 -0.014740 
38.554000 -0.014555 
38.555000 -0.014369 
38.556000 -0.014181 
38.557000 -0.013993 
38.558000 -0.013802 
38.559000 -0.013610 
38.560000 -0.013415 
38.561000 -0.013218 
38.562000 -0.013018 
38.563000 -0.012814 
38.564000 -0.012606 
38.565000 -0.012395 
38.566000 -0.012178 
38.567000 -0.011956 
38.568000 -0.011728 
38.569000 -0.011494 
38.570000 -0.011256 
38.571000 -0.011023 
38.572000 -0.010795 
38.573000 -0.010571 
38.574000 -0.010352 
38.575000 -0.010136 
38.576000 -0.009923 
38.577000 -0.009713 
38.578000 -0.009505 
38.579000 -0.009299 
38.580000 -0.009095 
38.581000 -0.008892 
38.582000 -0.008690 
38.583000 -0.008490 
38.584000 -0.008288 
38.585000 -0.008082 
38.586000 -0.007877 
38.587000 -0.007672 
38.588000 -0.007465 
38.589000 -0.007251 
38.590000 -0.007038 
38.591000 -0.006825 
38.592000 -0.006611 
38.593000 -0.006397 
38.594000 -0.006182 
38.595000 -0.005966 
38.596000 -0.005750 
38.597000 -0.005532 
38.598000 -0.005312 
38.599000 -0.005090 
38.600000 -0.004866 
38.601000 -0.004638 
38.602000 -0.004407 
38.603000 -0.004171 
38.604000 -0.003931 
38.605000 -0.003685 
38.606000 -0.003432 
38.607000 -0.003173 
38.608000 -0.002905 
38.609000 -0.002634 
38.610000 -0.002370 
38.611000 -0.002113 
38.612000 -0.001861 
38.613000 -0.001615 
38.614000 -0.001372 
38.615000 -0.001134 
38.616000 -0.000898 
38.617000 -0.000666 
38.618000 -0.000435 
38.619000 -0.000207 
38.620000 0.000019 
38.621000 0.000249 
38.622000 0.000481 
38.623000 0.000712 
38.624000 0.000942 
38.625000 0.001174 
38.626000 0.001413 
38.627000 0.001653 
38.628000 0.001894 
38.629000 0.002134 
38.630000 0.002376 
38.631000 0.002619 
38.632000 0.002863 
38.633000 0.003109 
38.634000 0.003358 
38.635000 0.003610 
38.636000 0.003865 
38.637000 0.004125 
38.638000 0.004390 
38.639000 0.004660 
38.640000 0.004938 
38.641000 0.005224 
38.642000 0.005519 
38.643000 0.005824 
38.644000 0.006123 
38.645000 0.006414 
38.646000 0.006697 
38.647000 0.006973 
38.648000 0.007245 
38.649000 0.007511 
38.650000 0.007774 
38.651000 0.008032 
38.652000 0.008289 
38.653000 0.008542 
38.654000 0.008801 
38.655000 0.009059 
38.656000 0.009317 
38.657000 0.009573 
38.658000 0.009831 
38.659000 0.010097 
38.660000 0.010365 
38.661000 0.010634 
38.662000 0.010904 
38.663000 0.011175 
38.664000 0.011449 
38.665000 0.011725 
38.666000 0.012004 
38.667000 0.012287 
38.668000 0.012576 
38.669000 0.012870 
38.670000 0.013171 
38.671000 0.013480 
38.672000 0.013799 
38.673000 0.014130 
38.674000 0.014470 
38.675000 0.014800 
38.676000 0.015120 
38.677000 0.015432 
38.678000 0.015735 
38.679000 0.016032 
38.680000 0.016324 
38.681000 0.016610 
38.682000 0.016893 
38.683000 0.017176 
38.684000 0.017462 
38.685000 0.017746 
38.686000 0.018028 
38.687000 0.018311 
38.688000 0.018595 
38.689000 0.018890 
38.690000 0.019185 
38.691000 0.019481 
38.692000 0.019780 
38.693000 0.020081 
38.694000 0.020386 
38.695000 0.020695 
38.696000 0.021009 
38.697000 0.021329 
38.698000 0.021657 
38.699000 0.021994 
38.700000 0.022343 
38.701000 0.022704 
38.702000 0.023075 
38.703000 0.023434 
38.704000 0.023781 
38.705000 0.024117 
38.706000 0.024443 
38.707000 0.024761 
38.708000 0.025074 
38.709000 0.025380 
38.710000 0.025687 
38.711000 0.025994 
38.712000 0.026300 
38.713000 0.026604 
38.714000 0.026907 
38.715000 0.027211 
38.716000 0.027526 
38.717000 0.027843 
38.718000 0.028162 
38.719000 0.028484 
38.720000 0.028809 
38.721000 0.029138 
38.722000 0.029473 
38.723000 0.029814 
38.724000 0.030164 
38.725000 0.030523 
38.726000 0.030895 
38.727000 0.031282 
38.728000 0.031677 
38.729000 0.032059 
38.730000 0.032425 
38.731000 0.032779 
38.732000 0.033122 
38.733000 0.033456 
38.734000 0.033784 
38.735000 0.034107 
38.736000 0.034433 
38.737000 0.034755 
38.738000 0.035076 
38.739000 0.035396 
38.740000 0.035715 
38.741000 0.036043 
38.742000 0.036377 
38.743000 0.036712 
38.744000 0.037051 
38.745000 0.037394 
38.746000 0.037742 
38.747000 0.038096 
38.748000 0.038457 
38.749000 0.038829 
38.750000 0.039211 
38.751000 0.039608 
38.752000 0.040021 
38.753000 0.040431 
38.754000 0.040823 
38.755000 0.041198 
38.756000 0.041561 
38.757000 0.041913 
38.758000 0.042258 
38.759000 0.042596 
38.760000 0.042935 
38.761000 0.043272 
38.762000 0.043606 
38.763000 0.043939 
38.764000 0.044271 
38.765000 0.044610 
38.766000 0.044958 
38.767000 0.045308 
38.768000 0.045662 
38.769000 0.046020 
38.770000 0.046385 
38.771000 0.046757 
38.772000 0.047137 
38.773000 0.047528 
38.774000 0.047933 
38.775000 0.048352 
38.776000 0.048786 
38.777000 0.049202 
38.778000 0.049599 
38.779000 0.049981 
38.780000 0.050349 
38.781000 0.050708 
38.782000 0.051058 
38.783000 0.051410 
38.784000 0.051757 
38.785000 0.052102 
38.786000 0.052446 
38.787000 0.052789 
38.788000 0.053135 
38.789000 0.053493 
38.790000 0.053855 
38.791000 0.054221 
38.792000 0.054591 
38.793000 0.054969 
38.794000 0.055354 
38.795000 0.055749 
38.796000 0.056155 
38.797000 0.056574 
38.798000 0.057010 
38.799000 0.057454 
38.800000 0.057876 
38.801000 0.058278 
38.802000 0.058664 
38.803000 0.059037 
38.804000 0.059399 
38.805000 0.059758 
38.806000 0.060114 
38.807000 0.060467 
38.808000 0.060818 
38.809000 0.061168 
38.810000 0.061519 
38.811000 0.061876 
38.812000 0.062243 
38.813000 0.062615 
38.814000 0.062990 
38.815000 0.063372 
38.816000 0.063762 
38.817000 0.064161 
38.818000 0.064570 
38.819000 0.064991 
38.820000 0.065427 
38.821000 0.065878 
38.822000 0.066311 
38.823000 0.066722 
38.824000 0.067115 
38.825000 0.067494 
38.826000 0.067860 
38.827000 0.068220 
38.828000 0.068578 
38.829000 0.068932 
38.830000 0.069284 
38.831000 0.069636 
38.832000 0.069987 
38.833000 0.070341 
38.834000 0.070708 
38.835000 0.071080 
38.836000 0.071456 
38.837000 0.071838 
38.838000 0.072226 
38.839000 0.072623 
38.840000 0.073029 
38.841000 0.073446 
38.842000 0.073875 
38.843000 0.074321 
38.844000 0.074757 
38.845000 0.075169 
38.846000 0.075561 
38.847000 0.075937 
38.848000 0.076301 
38.849000 0.076656 
38.850000 0.077008 
38.851000 0.077357 
38.852000 0.077703 
38.853000 0.078048 
38.854000 0.078394 
38.855000 0.078741 
38.856000 0.079096 
38.857000 0.079460 
38.858000 0.079828 
38.859000 0.080201 
38.860000 0.080579 
38.861000 0.080964 
38.862000 0.081357 
38.863000 0.081758 
38.864000 0.082168 
38.865000 0.082590 
38.866000 0.083023 
38.867000 0.083436 
38.868000 0.083827 
38.869000 0.084199 
38.870000 0.084557 
38.871000 0.084903 
38.872000 0.085242 
38.873000 0.085579 
38.874000 0.085912 
38.875000 0.086243 
38.876000 0.086574 
38.877000 0.086906 
38.878000 0.087239 
38.879000 0.087578 
38.880000 0.087927 
38.881000 0.088279 
38.882000 0.088636 
38.883000 0.088997 
38.884000 0.089363 
38.885000 0.089734 
38.886000 0.090111 
38.887000 0.090494 
38.888000 0.090884 
38.889000 0.091283 
38.890000 0.091684 
38.891000 0.092063 
38.892000 0.092421 
38.893000 0.092762 
38.894000 0.093090 
38.895000 0.093407 
38.896000 0.093717 
38.897000 0.094025 
38.898000 0.094330 
38.899000 0.094633 
38.900000 0.094935 
38.901000 0.095239 
38.902000 0.095544 
38.903000 0.095851 
38.904000 0.096166 
38.905000 0.096486 
38.906000 0.096809 
38.907000 0.097136 
38.908000 0.097464 
38.909000 0.097796 
38.910000 0.098130 
38.911000 0.098466 
38.912000 0.098805 
38.913000 0.099145 
38.914000 0.099488 
38.915000 0.099835 
38.916000 0.100182 
38.917000 0.100509 
38.918000 0.100817 
38.919000 0.101110 
38.920000 0.101389 
38.921000 0.101658 
38.922000 0.101919 
38.923000 0.102174 
38.924000 0.102426 
38.925000 0.102677 
38.926000 0.102926 
38.927000 0.103175 
38.928000 0.103425 
38.929000 0.103677 
38.930000 0.103930 
38.931000 0.104185 
38.932000 0.104443 
38.933000 0.104707 
38.934000 0.104973 
38.935000 0.105240 
38.936000 0.105509 
38.937000 0.105778 
38.938000 0.106047 
38.939000 0.106315 
38.940000 0.106582 
38.941000 0.106847 
38.942000 0.107109 
38.943000 0.107368 
38.944000 0.107624 
38.945000 0.107875 
38.946000 0.108123 
38.947000 0.108366 
38.948000 0.108605 
38.949000 0.108833 
38.950000 0.109046 
38.951000 0.109246 
38.952000 0.109436 
38.953000 0.109616 
38.954000 0.109788 
38.955000 0.109954 
38.956000 0.110115 
38.957000 0.110272 
38.958000 0.110426 
38.959000 0.110578 
38.960000 0.110730 
38.961000 0.110882 
38.962000 0.111034 
38.963000 0.111188 
38.964000 0.111343 
38.965000 0.111501 
38.966000 0.111659 
38.967000 0.111820 
38.968000 0.111981 
38.969000 0.112143 
38.970000 0.112306 
38.971000 0.112469 
38.972000 0.112631 
38.973000 0.112793 
38.974000 0.112952 
38.975000 0.113109 
38.976000 0.113262 
38.977000 0.113412 
38.978000 0.113557 
38.979000 0.113697 
38.980000 0.113831 
38.981000 0.113960 
38.982000 0.114081 
38.983000 0.114195 
38.984000 0.114302 
38.985000 0.114401 
38.986000 0.114492 
38.987000 0.114575 
38.988000 0.114651 
38.989000 0.114718 
38.990000 0.114778 
38.991000 0.114831 
38.992000 0.114876 
38.993000 0.114915 
38.994000 0.114946 
38.995000 0.114972 
38.996000 0.114991 
38.997000 0.115005 
38.998000 0.115013 
38.999000 0.115015 
39.000000 0.115012 
39.001000 0.115005 
39.002000 0.114993 
39.003000 0.114976 
39.004000 0.114956 
39.005000 0.114931 
39.006000 0.114903 
39.007000 0.114871 
39.008000 0.114835 
39.009000 0.114796 
39.010000 0.114753 
39.011000 0.114707 
39.012000 0.114657 
39.013000 0.114604 
39.014000 0.114548 
39.015000 0.114489 
39.016000 0.114425 
39.017000 0.114358 
39.018000 0.114287 
39.019000 0.114213 
39.020000 0.114134 
39.021000 0.114051 
39.022000 0.113964 
39.023000 0.113873 
39.024000 0.113777 
39.025000 0.113677 
39.026000 0.113572 
39.027000 0.113463 
39.028000 0.113349 
39.029000 0.113229 
39.030000 0.113104 
39.031000 0.112974 
39.032000 0.112838 
39.033000 0.112698 
39.034000 0.112552 
39.035000 0.112401 
39.036000 0.112244 
39.037000 0.112082 
39.038000 0.111914 
39.039000 0.111740 
39.040000 0.111560 
39.041000 0.111374 
39.042000 0.111181 
39.043000 0.110981 
39.044000 0.110774 
39.045000 0.110558 
39.046000 0.110333 
39.047000 0.110099 
39.048000 0.109855 
39.049000 0.109600 
39.050000 0.109333 
39.051000 0.109053 
39.052000 0.108760 
39.053000 0.108453 
39.054000 0.108147 
39.055000 0.107846 
39.056000 0.107550 
39.057000 0.107256 
39.058000 0.106965 
39.059000 0.106676 
39.060000 0.106388 
39.061000 0.106100 
39.062000 0.105810 
39.063000 0.105521 
39.064000 0.105226 
39.065000 0.104926 
39.066000 0.104625 
39.067000 0.104315 
39.068000 0.104000 
39.069000 0.103681 
39.070000 0.103359 
39.071000 0.103031 
39.072000 0.102699 
39.073000 0.102359 
39.074000 0.102011 
39.075000 0.101653 
39.076000 0.101282 
39.077000 0.100896 
39.078000 0.100493 
39.079000 0.100067 
39.080000 0.099632 
39.081000 0.099212 
39.082000 0.098805 
39.083000 0.098408 
39.084000 0.098019 
39.085000 0.097636 
39.086000 0.097256 
39.087000 0.096877 
39.088000 0.096496 
39.089000 0.096108 
39.090000 0.095715 
39.091000 0.095317 
39.092000 0.094913 
39.093000 0.094504 
39.094000 0.094089 
39.095000 0.093666 
39.096000 0.093231 
39.097000 0.092781 
39.098000 0.092313 
39.099000 0.091820 
39.100000 0.091299 
39.101000 0.090787 
39.102000 0.090298 
39.103000 0.089827 
39.104000 0.089368 
39.105000 0.088919 
39.106000 0.088475 
39.107000 0.088031 
39.108000 0.087585 
39.109000 0.087132 
39.110000 0.086680 
39.111000 0.086216 
39.112000 0.085747 
39.113000 0.085271 
39.114000 0.084784 
39.115000 0.084281 
39.116000 0.083756 
39.117000 0.083204 
39.118000 0.082622 
39.119000 0.082061 
39.120000 0.081527 
39.121000 0.081015 
39.122000 0.080516 
39.123000 0.080027 
39.124000 0.079543 
39.125000 0.079062 
39.126000 0.078573 
39.127000 0.078085 
39.128000 0.077592 
39.129000 0.077087 
39.130000 0.076574 
39.131000 0.076048 
39.132000 0.075503 
39.133000 0.074933 
39.134000 0.074328 
39.135000 0.073719 
39.136000 0.073144 
39.137000 0.072596 
39.138000 0.072068 
39.139000 0.071553 
39.140000 0.071046 
39.141000 0.070546 
39.142000 0.070039 
39.143000 0.069532 
39.144000 0.069024 
39.145000 0.068499 
39.146000 0.067965 
39.147000 0.067418 
39.148000 0.066852 
39.149000 0.066258 
39.150000 0.065627 
39.151000 0.065007 
39.152000 0.064422 
39.153000 0.063865 
39.154000 0.063327 
39.155000 0.062800 
39.156000 0.062284 
39.157000 0.061771 
39.158000 0.061248 
39.159000 0.060726 
39.160000 0.060189 
39.161000 0.059643 
39.162000 0.059086 
39.163000 0.058512 
39.164000 0.057912 
39.165000 0.057276 
39.166000 0.056623 
39.167000 0.056010 
39.168000 0.055427 
39.169000 0.054869 
39.170000 0.054322 
39.171000 0.053786 
39.172000 0.053252 
39.173000 0.052708 
39.174000 0.052154 
39.175000 0.051592 
39.176000 0.051024 
39.177000 0.050444 
39.178000 0.049843 
39.179000 0.049212 
39.180000 0.048538 
39.181000 0.047869 
39.182000 0.047240 
39.183000 0.046642 
39.184000 0.046065 
39.185000 0.045498 
39.186000 0.044934 
39.187000 0.044363 
39.188000 0.043773 
39.189000 0.043185 
39.190000 0.042591 
39.191000 0.041987 
39.192000 0.041361 
39.193000 0.040704 
39.194000 0.040000 
39.195000 0.039297 
39.196000 0.038638 
39.197000 0.038012 
39.198000 0.037408 
39.199000 0.036816 
39.200000 0.036210 
39.201000 0.035594 
39.202000 0.034973 
39.203000 0.034352 
39.204000 0.033723 
39.205000 0.033076 
39.206000 0.032400 
39.207000 0.031680 
39.208000 0.030928 
39.209000 0.030224 
39.210000 0.029557 
39.211000 0.028916 
39.212000 0.028290 
39.213000 0.027656 
39.214000 0.027015 
39.215000 0.026365 
39.216000 0.025713 
39.217000 0.025052 
39.218000 0.024368 
39.219000 0.023650 
39.220000 0.022877 
39.221000 0.022097 
39.222000 0.021370 
39.223000 0.020679 
39.224000 0.020012 
39.225000 0.019350 
39.226000 0.018700 
39.227000 0.018032 
39.228000 0.017354 
39.229000 0.016666 
39.230000 0.015959 
39.231000 0.015218 
39.232000 0.014420 
39.233000 0.013598 
39.234000 0.012836 
39.235000 0.012119 
39.236000 0.011426 
39.237000 0.010746 
39.238000 0.010080 
39.239000 0.009412 
39.240000 0.008718 
39.241000 0.008016 
39.242000 0.007286 
39.243000 0.006514 
39.244000 0.005678 
39.245000 0.004849 
39.246000 0.004082 
39.247000 0.003358 
39.248000 0.002658 
39.249000 0.001977 
39.250000 0.001309 
39.251000 0.000637 
39.252000 -0.000062 
39.253000 -0.000774 
39.254000 -0.001516 
39.255000 -0.002314 
39.256000 -0.003172 
39.257000 -0.003983 
39.258000 -0.004735 
39.259000 -0.005449 
39.260000 -0.006141 
39.261000 -0.006813 
39.262000 -0.007472 
39.263000 -0.008141 
39.264000 -0.008836 
39.265000 -0.009548 
39.266000 -0.010295 
39.267000 -0.011099 
39.268000 -0.011949 
39.269000 -0.012735 
39.270000 -0.013466 
39.271000 -0.014164 
39.272000 -0.014839 
39.273000 -0.015494 
39.274000 -0.016137 
39.275000 -0.016793 
39.276000 -0.017472 
39.277000 -0.018168 
39.278000 -0.018899 
39.279000 -0.019684 
39.280000 -0.020512 
39.281000 -0.021279 
39.282000 -0.021992 
39.283000 -0.022673 
39.284000 -0.023328 
39.285000 -0.023964 
39.286000 -0.024587 
39.287000 -0.025216 
39.288000 -0.025866 
39.289000 -0.026530 
39.290000 -0.027221 
39.291000 -0.027955 
39.292000 -0.028747 
39.293000 -0.029513 
39.294000 -0.030220 
39.295000 -0.030886 
39.296000 -0.031528 
39.297000 -0.032147 
39.298000 -0.032749 
39.299000 -0.033342 
39.300000 -0.033950 
39.301000 -0.034572 
39.302000 -0.035206 
39.303000 -0.035866 
39.304000 -0.036568 
39.305000 -0.037324 
39.306000 -0.038052 
39.307000 -0.038726 
39.308000 -0.039360 
39.309000 -0.039972 
39.310000 -0.040561 
39.311000 -0.041134 
39.312000 -0.041696 
39.313000 -0.042264 
39.314000 -0.042846 
39.315000 -0.043435 
39.316000 -0.044039 
39.317000 -0.044669 
39.318000 -0.045345 
39.319000 -0.046059 
39.320000 -0.046730 
39.321000 -0.047354 
39.322000 -0.047944 
39.323000 -0.048516 
39.324000 -0.049067 
39.325000 -0.049603 
39.326000 -0.050127 
39.327000 -0.050654 
39.328000 -0.051194 
39.329000 -0.051736 
39.330000 -0.052289 
39.331000 -0.052857 
39.332000 -0.053453 
39.333000 -0.054088 
39.334000 -0.054742 
39.335000 -0.055352 
39.336000 -0.055925 
39.337000 -0.056466 
39.338000 -0.056992 
39.339000 -0.057500 
39.340000 -0.057993 
39.341000 -0.058475 
39.342000 -0.058954 
39.343000 -0.059446 
39.344000 -0.059938 
39.345000 -0.060433 
39.346000 -0.060936 
39.347000 -0.061454 
39.348000 -0.061992 
39.349000 -0.062555 
39.350000 -0.063143 
39.351000 -0.063702 
39.352000 -0.064226 
39.353000 -0.064722 
39.354000 -0.065196 
39.355000 -0.065656 
39.356000 -0.066105 
39.357000 -0.066542 
39.358000 -0.066970 
39.359000 -0.067396 
39.360000 -0.067829 
39.361000 -0.068259 
39.362000 -0.068689 
39.363000 -0.069121 
39.364000 -0.069560 
39.365000 -0.070007 
39.366000 -0.070466 
39.367000 -0.070940 
39.368000 -0.071432 
39.369000 -0.071919 
39.370000 -0.072377 
39.371000 -0.072811 
39.372000 -0.073223 
39.373000 -0.073618 
39.374000 -0.074000 
39.375000 -0.074371 
39.376000 -0.074730 
39.377000 -0.075078 
39.378000 -0.075422 
39.379000 -0.075763 
39.380000 -0.076096 
39.381000 -0.076430 
39.382000 -0.076760 
39.383000 -0.077086 
39.384000 -0.077411 
39.385000 -0.077736 
39.386000 -0.078060 
39.387000 -0.078384 
39.388000 -0.078709 
39.389000 -0.079037 
39.390000 -0.079368 
39.391000 -0.079704 
39.392000 -0.080045 
39.393000 -0.080376 
39.394000 -0.080690 
39.395000 -0.080988 
39.396000 -0.081272 
39.397000 -0.081546 
39.398000 -0.081808 
39.399000 -0.082059 
39.400000 -0.082300 
39.401000 -0.082531 
39.402000 -0.082753 
39.403000 -0.082965 
39.404000 -0.083168 
39.405000 -0.083361 
39.406000 -0.083546 
39.407000 -0.083722 
39.408000 -0.083889 
39.409000 -0.084048 
39.410000 -0.084197 
39.411000 -0.084336 
39.412000 -0.084465 
39.413000 -0.084584 
39.414000 -0.084694 
39.415000 -0.084794 
39.416000 -0.084884 
39.417000 -0.084964 
39.418000 -0.085033 
39.419000 -0.085091 
39.420000 -0.085138 
39.421000 -0.085173 
39.422000 -0.085195 
39.423000 -0.085205 
39.424000 -0.085201 
39.425000 -0.085182 
39.426000 -0.085148 
39.427000 -0.085097 
39.428000 -0.085030 
39.429000 -0.084944 
39.430000 -0.084838 
39.431000 -0.084711 
39.432000 -0.084563 
39.433000 -0.084392 
39.434000 -0.084198 
39.435000 -0.083979 
39.436000 -0.083737 
39.437000 -0.083470 
39.438000 -0.083180 
39.439000 -0.082868 
39.440000 -0.082534 
39.441000 -0.082180 
39.442000 -0.081809 
39.443000 -0.081424 
39.444000 -0.081029 
39.445000 -0.080627 
39.446000 -0.080223 
39.447000 -0.079856 
39.448000 -0.079553 
39.449000 -0.079280 
39.450000 -0.079033 
39.451000 -0.078812 
39.452000 -0.078616 
39.453000 -0.078441 
39.454000 -0.078286 
39.455000 -0.078149 
39.456000 -0.078029 
39.457000 -0.077924 
39.458000 -0.077831 
39.459000 -0.077750 
39.460000 -0.077680 
39.461000 -0.077617 
39.462000 -0.077562 
39.463000 -0.077514 
39.464000 -0.077470 
39.465000 -0.077429 
39.466000 -0.077392 
39.467000 -0.077356 
39.468000 -0.077324 
39.469000 -0.077294 
39.470000 -0.077264 
39.471000 -0.077234 
39.472000 -0.077203 
39.473000 -0.077170 
39.474000 -0.077136 
39.475000 -0.077100 
39.476000 -0.077063 
39.477000 -0.077024 
39.478000 -0.076982 
39.479000 -0.076939 
39.480000 -0.076894 
39.481000 -0.076848 
39.482000 -0.076799 
39.483000 -0.076749 
39.484000 -0.076698 
39.485000 -0.076645 
39.486000 -0.076592 
39.487000 -0.076537 
39.488000 -0.076482 
39.489000 -0.076427 
39.490000 -0.076372 
39.491000 -0.076317 
39.492000 -0.076263 
39.493000 -0.076209 
39.494000 -0.076155 
39.495000 -0.076103 
39.496000 -0.076052 
39.497000 -0.076002 
39.498000 -0.075953 
39.499000 -0.075905 
39.500000 -0.075858 
39.501000 -0.075813 
39.502000 -0.075770 
39.503000 -0.075729 
39.504000 -0.075690 
39.505000 -0.075653 
39.506000 -0.075618 
39.507000 -0.075586 
39.508000 -0.075556 
39.509000 -0.075529 
39.510000 -0.075504 
39.511000 -0.075482 
39.512000 -0.075462 
39.513000 -0.075445 
39.514000 -0.075431 
39.515000 -0.075418 
39.516000 -0.075408 
39.517000 -0.075400 
39.518000 -0.075394 
39.519000 -0.075391 
39.520000 -0.075389 
39.521000 -0.075390 
39.522000 -0.075392 
39.523000 -0.075397 
39.524000 -0.075404 
39.525000 -0.075413 
39.526000 -0.075424 
39.527000 -0.075437 
39.528000 -0.075452 
39.529000 -0.075469 
39.530000 -0.075487 
39.531000 -0.075508 
39.532000 -0.075530 
39.533000 -0.075554 
39.534000 -0.075581 
39.535000 -0.075609 
39.536000 -0.075639 
39.537000 -0.075671 
39.538000 -0.075705 
39.539000 -0.075741 
39.540000 -0.075778 
39.541000 -0.075817 
39.542000 -0.075858 
39.543000 -0.075901 
39.544000 -0.075946 
39.545000 -0.075992 
39.546000 -0.076040 
39.547000 -0.076091 
39.548000 -0.076142 
39.549000 -0.076195 
39.550000 -0.076250 
39.551000 -0.076306 
39.552000 -0.076364 
39.553000 -0.076423 
39.554000 -0.076483 
39.555000 -0.076544 
39.556000 -0.076606 
39.557000 -0.076669 
39.558000 -0.076733 
39.559000 -0.076797 
39.560000 -0.076863 
39.561000 -0.076929 
39.562000 -0.076995 
39.563000 -0.077062 
39.564000 -0.077129 
39.565000 -0.077196 
39.566000 -0.077263 
39.567000 -0.077331 
39.568000 -0.077398 
39.569000 -0.077464 
39.570000 -0.077530 
39.571000 -0.077596 
39.572000 -0.077660 
39.573000 -0.077724 
39.574000 -0.077787 
39.575000 -0.077849 
39.576000 -0.077909 
39.577000 -0.077968 
39.578000 -0.078025 
39.579000 -0.078081 
39.580000 -0.078135 
39.581000 -0.078187 
39.582000 -0.078237 
39.583000 -0.078284 
39.584000 -0.078330 
39.585000 -0.078372 
39.586000 -0.078411 
39.587000 -0.078448 
39.588000 -0.078480 
39.589000 -0.078509 
39.590000 -0.078534 
39.591000 -0.078555 
39.592000 -0.078572 
39.593000 -0.078583 
39.594000 -0.078590 
39.595000 -0.078592 
39.596000 -0.078588 
39.597000 -0.078579 
39.598000 -0.078564 
39.599000 -0.078544 
39.600000 -0.078517 
39.601000 -0.078484 
39.602000 -0.078443 
39.603000 -0.078395 
39.604000 -0.078341 
39.605000 -0.078280 
39.606000 -0.078212 
39.607000 -0.078137 
39.608000 -0.078056 
39.609000 -0.077967 
39.610000 -0.077871 
39.611000 -0.077768 
39.612000 -0.077658 
39.613000 -0.077542 
39.614000 -0.077419 
39.615000 -0.077291 
39.616000 -0.077157 
39.617000 -0.077018 
39.618000 -0.076871 
39.619000 -0.076719 
39.620000 -0.076561 
39.621000 -0.076399 
39.622000 -0.076233 
39.623000 -0.076062 
39.624000 -0.075888 
39.625000 -0.075710 
39.626000 -0.075528 
39.627000 -0.075342 
39.628000 -0.075154 
39.629000 -0.074962 
39.630000 -0.074768 
39.631000 -0.074571 
39.632000 -0.074371 
39.633000 -0.074168 
39.634000 -0.073963 
39.635000 -0.073755 
39.636000 -0.073544 
39.637000 -0.073330 
39.638000 -0.073113 
39.639000 -0.072893 
39.640000 -0.072670 
39.641000 -0.072444 
39.642000 -0.072215 
39.643000 -0.071983 
39.644000 -0.071747 
39.645000 -0.071508 
39.646000 -0.071268 
39.647000 -0.071036 
39.648000 -0.070814 
39.649000 -0.070600 
39.650000 -0.070394 
39.651000 -0.070194 
39.652000 -0.070001 
39.653000 -0.069814 
39.654000 -0.069633 
39.655000 -0.069458 
39.656000 -0.069289 
39.657000 -0.069125 
39.658000 -0.068964 
39.659000 -0.068807 
39.660000 -0.068655 
39.661000 -0.068507 
39.662000 -0.068361 
39.663000 -0.068218 
39.664000 -0.068079 
39.665000 -0.067944 
39.666000 -0.067811 
39.667000 -0.067682 
39.668000 -0.067556 
39.669000 -0.067429 
39.670000 -0.067305 
39.671000 -0.067183 
39.672000 -0.067063 
39.673000 -0.066946 
39.674000 -0.066830 
39.675000 -0.066716 
39.676000 -0.066604 
39.677000 -0.066494 
39.678000 -0.066385 
39.679000 -0.066276 
39.680000 -0.066169 
39.681000 -0.066062 
39.682000 -0.065956 
39.683000 -0.065850 
39.684000 -0.065744 
39.685000 -0.065639 
39.686000 -0.065533 
39.687000 -0.065427 
39.688000 -0.065320 
39.689000 -0.065212 
39.690000 -0.065104 
39.691000 -0.064994 
39.692000 -0.064883 
39.693000 -0.064770 
39.694000 -0.064655 
39.695000 -0.064539 
39.696000 -0.064421 
39.697000 -0.064300 
39.698000 -0.064177 
39.699000 -0.064052 
39.700000 -0.063924 
39.701000 -0.063794 
39.702000 -0.063661 
39.703000 -0.063524 
39.704000 -0.063385 
39.705000 -0.063242 
39.706000 -0.063097 
39.707000 -0.062947 
39.708000 -0.062795 
39.709000 -0.062644 
39.710000 -0.062494 
39.711000 -0.062347 
39.712000 -0.062201 
39.713000 -0.062056 
39.714000 -0.061914 
39.715000 -0.061773 
39.716000 -0.061633 
39.717000 -0.061496 
39.718000 -0.061359 
39.719000 -0.061224 
39.720000 -0.061091 
39.721000 -0.060958 
39.722000 -0.060827 
39.723000 -0.060696 
39.724000 -0.060566 
39.725000 -0.060435 
39.726000 -0.060302 
39.727000 -0.060170 
39.728000 -0.060038 
39.729000 -0.059906 
39.730000 -0.059775 
39.731000 -0.059645 
39.732000 -0.059516 
39.733000 -0.059388 
39.734000 -0.059262 
39.735000 -0.059138 
39.736000 -0.059016 
39.737000 -0.058895 
39.738000 -0.058777 
39.739000 -0.058661 
39.740000 -0.058548 
39.741000 -0.058436 
39.742000 -0.058327 
39.743000 -0.058221 
39.744000 -0.058117 
39.745000 -0.058015 
39.746000 -0.057917 
39.747000 -0.057820 
39.748000 -0.057727 
39.749000 -0.057637 
39.750000 -0.057549 
39.751000 -0.057464 
39.752000 -0.057382 
39.753000 -0.057303 
39.754000 -0.057227 
39.755000 -0.057154 
39.756000 -0.057083 
39.757000 -0.057014 
39.758000 -0.056949 
39.759000 -0.056886 
39.760000 -0.056825 
39.761000 -0.056766 
39.762000 -0.056710 
39.763000 -0.056656 
39.764000 -0.056604 
39.765000 -0.056554 
39.766000 -0.056506 
39.767000 -0.056461 
39.768000 -0.056417 
39.769000 -0.056376 
39.770000 -0.056336 
39.771000 -0.056299 
39.772000 -0.056263 
39.773000 -0.056229 
39.774000 -0.056197 
39.775000 -0.056167 
39.776000 -0.056137 
39.777000 -0.056109 
39.778000 -0.056082 
39.779000 -0.056057 
39.780000 -0.056032 
39.781000 -0.056008 
39.782000 -0.055984 
39.783000 -0.055962 
39.784000 -0.055942 
39.785000 -0.055923 
39.786000 -0.055905 
39.787000 -0.055888 
39.788000 -0.055873 
39.789000 -0.055860 
39.790000 -0.055847 
39.791000 -0.055835 
39.792000 -0.055825 
39.793000 -0.055818 
39.794000 -0.055811 
39.795000 -0.055806 
39.796000 -0.055801 
39.797000 -0.055797 
39.798000 -0.055795 
39.799000 -0.055793 
39.800000 -0.055791 
39.801000 -0.055788 
39.802000 -0.055786 
39.803000 -0.055786 
39.804000 -0.055786 
39.805000 -0.055787 
39.806000 -0.055789 
39.807000 -0.055791 
39.808000 -0.055795 
39.809000 -0.055800 
39.810000 -0.055805 
39.811000 -0.055811 
39.812000 -0.055818 
39.813000 -0.055826 
39.814000 -0.055835 
39.815000 -0.055844 
39.816000 -0.055854 
39.817000 -0.055864 
39.818000 -0.055875 
39.819000 -0.055887 
39.820000 -0.055899 
39.821000 -0.055911 
39.822000 -0.055924 
39.823000 -0.055938 
39.824000 -0.055951 
39.825000 -0.055965 
39.826000 -0.055979 
39.827000 -0.055993 
39.828000 -0.056007 
39.829000 -0.056022 
39.830000 -0.056036 
39.831000 -0.056050 
39.832000 -0.056064 
39.833000 -0.056078 
39.834000 -0.056091 
39.835000 -0.056105 
39.836000 -0.056118 
39.837000 -0.056130 
39.838000 -0.056143 
39.839000 -0.056155 
39.840000 -0.056166 
39.841000 -0.056177 
39.842000 -0.056187 
39.843000 -0.056197 
39.844000 -0.056206 
39.845000 -0.056214 
39.846000 -0.056221 
39.847000 -0.056227 
39.848000 -0.056233 
39.849000 -0.056238 
39.850000 -0.056242 
39.851000 -0.056244 
39.852000 -0.056246 
39.853000 -0.056247 
39.854000 -0.056247 
39.855000 -0.056245 
39.856000 -0.056243 
39.857000 -0.056239 
39.858000 -0.056234 
39.859000 -0.056227 
39.860000 -0.056220 
39.861000 -0.056211 
39.862000 -0.056201 
39.863000 -0.056189 
39.864000 -0.056177 
39.865000 -0.056163 
39.866000 -0.056147 
39.867000 -0.056131 
39.868000 -0.056113 
39.869000 -0.056094 
39.870000 -0.056074 
39.871000 -0.056052 
39.872000 -0.056029 
39.873000 -0.056004 
39.874000 -0.055978 
39.875000 -0.055951 
39.876000 -0.055922 
39.877000 -0.055891 
39.878000 -0.055859 
39.879000 -0.055825 
39.880000 -0.055790 
39.881000 -0.055753 
39.882000 -0.055715 
39.883000 -0.055676 
39.884000 -0.055635 
39.885000 -0.055594 
39.886000 -0.055551 
39.887000 -0.055507 
39.888000 -0.055462 
39.889000 -0.055416 
39.890000 -0.055368 
39.891000 -0.055318 
39.892000 -0.055267 
39.893000 -0.055215 
39.894000 -0.055161 
39.895000 -0.055106 
39.896000 -0.055049 
39.897000 -0.054991 
39.898000 -0.054932 
39.899000 -0.054871 
39.900000 -0.054809 
39.901000 -0.054746 
39.902000 -0.054681 
39.903000 -0.054615 
39.904000 -0.054547 
39.905000 -0.054476 
39.906000 -0.054402 
39.907000 -0.054326 
39.908000 -0.054249 
39.909000 -0.054172 
39.910000 -0.054094 
39.911000 -0.054016 
39.912000 -0.053936 
39.913000 -0.053856 
39.914000 -0.053774 
39.915000 -0.053691 
39.916000 -0.053606 
39.917000 -0.053518 
39.918000 -0.053427 
39.919000 -0.053334 
39.920000 -0.053237 
39.921000 -0.053138 
39.922000 -0.053035 
39.923000 -0.052930 
39.924000 -0.052821 
39.925000 -0.052709 
39.926000 -0.052594 
39.927000 -0.052476 
39.928000 -0.052355 
39.929000 -0.052230 
39.930000 -0.052103 
39.931000 -0.051972 
39.932000 -0.051838 
39.933000 -0.051700 
39.934000 -0.051559 
39.935000 -0.051414 
39.936000 -0.051265 
39.937000 -0.051112 
39.938000 -0.050955 
39.939000 -0.050795 
39.940000 -0.050632 
39.941000 -0.050465 
39.942000 -0.050294 
39.943000 -0.050119 
39.944000 -0.049940 
39.945000 -0.049758 
39.946000 -0.049571 
39.947000 -0.049380 
39.948000 -0.049185 
39.949000 -0.048984 
39.950000 -0.048779 
39.951000 -0.048568 
39.952000 -0.048350 
39.953000 -0.048126 
39.954000 -0.047894 
39.955000 -0.047656 
39.956000 -0.047410 
39.957000 -0.047156 
39.958000 -0.046892 
39.959000 -0.046617 
39.960000 -0.046330 
39.961000 -0.046032 
39.962000 -0.045720 
39.963000 -0.045415 
39.964000 -0.045116 
39.965000 -0.044823 
39.966000 -0.044534 
39.967000 -0.044249 
39.968000 -0.043969 
39.969000 -0.043692 
39.970000 -0.043419 
39.971000 -0.043148 
39.972000 -0.042881 
39.973000 -0.042616 
39.974000 -0.042352 
39.975000 -0.042090 
39.976000 -0.041830 
39.977000 -0.041570 
39.978000 -0.041312 
39.979000 -0.041054 
39.980000 -0.040796 
39.981000 -0.040537 
39.982000 -0.040276 
39.983000 -0.040013 
39.984000 -0.039747 
39.985000 -0.039477 
39.986000 -0.039200 
39.987000 -0.038918 
39.988000 -0.038630 
39.989000 -0.038337 
39.990000 -0.038037 
39.991000 -0.037730 
39.992000 -0.037412 
39.993000 -0.037083 
39.994000 -0.036752 
39.995000 -0.036430 
39.996000 -0.036117 
39.997000 -0.035812 
39.998000 -0.035515 
39.999000 -0.035226 
40.000000 -0.034944 
40.001000 -0.034668 
40.002000 -0.034400 
40.003000 -0.034139 
40.004000 -0.033883 
40.005000 -0.033634 
40.006000 -0.033389 
40.007000 -0.033150 
40.008000 -0.032914 
40.009000 -0.032683 
40.010000 -0.032455 
40.011000 -0.032228 
40.012000 -0.032004 
40.013000 -0.031783 
40.014000 -0.031563 
40.015000 -0.031346 
40.016000 -0.031129 
40.017000 -0.030913 
40.018000 -0.030698 
40.019000 -0.030483 
40.020000 -0.030269 
40.021000 -0.030053 
40.022000 -0.029836 
40.023000 -0.029617 
40.024000 -0.029394 
40.025000 -0.029169 
40.026000 -0.028940 
40.027000 -0.028706 
40.028000 -0.028469 
40.029000 -0.028238 
40.030000 -0.028012 
40.031000 -0.027791 
40.032000 -0.027576 
40.033000 -0.027364 
40.034000 -0.027157 
40.035000 -0.026955 
40.036000 -0.026757 
40.037000 -0.026563 
40.038000 -0.026373 
40.039000 -0.026187 
40.040000 -0.026004 
40.041000 -0.025825 
40.042000 -0.025650 
40.043000 -0.025478 
40.044000 -0.025310 
40.045000 -0.025144 
40.046000 -0.024982 
40.047000 -0.024823 
40.048000 -0.024666 
40.049000 -0.024513 
40.050000 -0.024362 
40.051000 -0.024213 
40.052000 -0.024067 
40.053000 -0.023924 
40.054000 -0.023782 
40.055000 -0.023643 
40.056000 -0.023506 
40.057000 -0.023370 
40.058000 -0.023235 
40.059000 -0.023102 
40.060000 -0.022970 
40.061000 -0.022841 
40.062000 -0.022713 
40.063000 -0.022586 
40.064000 -0.022461 
40.065000 -0.022337 
40.066000 -0.022215 
40.067000 -0.022094 
40.068000 -0.021973 
40.069000 -0.021854 
40.070000 -0.021736 
40.071000 -0.021618 
40.072000 -0.021501 
40.073000 -0.021385 
40.074000 -0.021269 
40.075000 -0.021153 
40.076000 -0.021036 
40.077000 -0.020919 
40.078000 -0.020803 
40.079000 -0.020687 
40.080000 -0.020573 
40.081000 -0.020458 
40.082000 -0.020344 
40.083000 -0.020231 
40.084000 -0.020117 
40.085000 -0.020003 
40.086000 -0.019891 
40.087000 -0.019782 
40.088000 -0.019675 
40.089000 -0.019570 
40.090000 -0.019468 
40.091000 -0.019368 
40.092000 -0.019270 
40.093000 -0.019173 
40.094000 -0.019079 
40.095000 -0.018986 
40.096000 -0.018894 
40.097000 -0.018804 
40.098000 -0.018715 
40.099000 -0.018628 
40.100000 -0.018541 
40.101000 -0.018455 
40.102000 -0.018370 
40.103000 -0.018285 
40.104000 -0.018201 
40.105000 -0.018118 
40.106000 -0.018035 
40.107000 -0.017953 
40.108000 -0.017870 
40.109000 -0.017789 
40.110000 -0.017707 
40.111000 -0.017625 
40.112000 -0.017544 
40.113000 -0.017463 
40.114000 -0.017382 
40.115000 -0.017300 
40.116000 -0.017220 
40.117000 -0.017139 
40.118000 -0.017058 
40.119000 -0.016978 
40.120000 -0.016897 
40.121000 -0.016817 
40.122000 -0.016737 
40.123000 -0.016657 
40.124000 -0.016576 
40.125000 -0.016496 
40.126000 -0.016415 
40.127000 -0.016335 
40.128000 -0.016255 
40.129000 -0.016174 
40.130000 -0.016093 
40.131000 -0.016013 
40.132000 -0.015933 
40.133000 -0.015853 
40.134000 -0.015773 
40.135000 -0.015693 
40.136000 -0.015614 
40.137000 -0.015535 
40.138000 -0.015457 
40.139000 -0.015379 
40.140000 -0.015301 
40.141000 -0.015224 
40.142000 -0.015147 
40.143000 -0.015070 
40.144000 -0.014993 
40.145000 -0.014917 
40.146000 -0.014840 
40.147000 -0.014763 
40.148000 -0.014687 
40.149000 -0.014610 
40.150000 -0.014533 
40.151000 -0.014456 
40.152000 -0.014379 
40.153000 -0.014302 
40.154000 -0.014225 
40.155000 -0.014148 
40.156000 -0.014070 
40.157000 -0.013992 
40.158000 -0.013913 
40.159000 -0.013835 
40.160000 -0.013756 
40.161000 -0.013677 
40.162000 -0.013598 
40.163000 -0.013520 
40.164000 -0.013441 
40.165000 -0.013363 
40.166000 -0.013286 
40.167000 -0.013209 
40.168000 -0.013133 
40.169000 -0.013058 
40.170000 -0.012985 
40.171000 -0.012912 
40.172000 -0.012841 
40.173000 -0.012771 
40.174000 -0.012703 
40.175000 -0.012636 
40.176000 -0.012571 
40.177000 -0.012507 
40.178000 -0.012446 
40.179000 -0.012386 
40.180000 -0.012328 
40.181000 -0.012272 
40.182000 -0.012218 
40.183000 -0.012165 
40.184000 -0.012114 
40.185000 -0.012065 
40.186000 -0.012017 
40.187000 -0.011971 
40.188000 -0.011926 
40.189000 -0.011883 
40.190000 -0.011841 
40.191000 -0.011800 
40.192000 -0.011761 
40.193000 -0.011723 
40.194000 -0.011686 
40.195000 -0.011651 
40.196000 -0.011616 
40.197000 -0.011583 
40.198000 -0.011552 
40.199000 -0.011521 
40.200000 -0.011492 
40.201000 -0.011464 
40.202000 -0.011437 
40.203000 -0.011411 
40.204000 -0.011387 
40.205000 -0.011364 
40.206000 -0.011343 
40.207000 -0.011323 
40.208000 -0.011304 
40.209000 -0.011287 
40.210000 -0.011271 
40.211000 -0.011256 
40.212000 -0.011243 
40.213000 -0.011231 
40.214000 -0.011220 
40.215000 -0.011211 
40.216000 -0.011203 
40.217000 -0.011197 
40.218000 -0.011192 
40.219000 -0.011188 
40.220000 -0.011186 
40.221000 -0.011184 
40.222000 -0.011184 
40.223000 -0.011184 
40.224000 -0.011186 
40.225000 -0.011189 
40.226000 -0.011193 
40.227000 -0.011199 
40.228000 -0.011206 
40.229000 -0.011214 
40.230000 -0.011224 
40.231000 -0.011234 
40.232000 -0.011246 
40.233000 -0.011259 
40.234000 -0.011272 
40.235000 -0.011287 
40.236000 -0.011303 
40.237000 -0.011319 
40.238000 -0.011337 
40.239000 -0.011355 
40.240000 -0.011375 
40.241000 -0.011395 
40.242000 -0.011417 
40.243000 -0.011439 
40.244000 -0.011463 
40.245000 -0.011487 
40.246000 -0.011512 
40.247000 -0.011537 
40.248000 -0.011564 
40.249000 -0.011591 
40.250000 -0.011619 
40.251000 -0.011648 
40.252000 -0.011677 
40.253000 -0.011707 
40.254000 -0.011738 
40.255000 -0.011769 
40.256000 -0.011801 
40.257000 -0.011834 
40.258000 -0.011868 
40.259000 -0.011902 
40.260000 -0.011936 
40.261000 -0.011971 
40.262000 -0.012006 
40.263000 -0.012041 
40.264000 -0.012077 
40.265000 -0.012113 
40.266000 -0.012148 
40.267000 -0.012184 
40.268000 -0.012219 
40.269000 -0.012254 
40.270000 -0.012290 
40.271000 -0.012324 
40.272000 -0.012359 
40.273000 -0.012393 
40.274000 -0.012426 
40.275000 -0.012459 
40.276000 -0.012492 
40.277000 -0.012524 
40.278000 -0.012555 
40.279000 -0.012585 
40.280000 -0.012615 
40.281000 -0.012643 
40.282000 -0.012671 
40.283000 -0.012698 
40.284000 -0.012724 
40.285000 -0.012750 
40.286000 -0.012774 
40.287000 -0.012797 
40.288000 -0.012819 
40.289000 -0.012841 
40.290000 -0.012861 
40.291000 -0.012880 
40.292000 -0.012899 
40.293000 -0.012916 
40.294000 -0.012932 
40.295000 -0.012947 
40.296000 -0.012961 
40.297000 -0.012974 
40.298000 -0.012985 
40.299000 -0.012996 
40.300000 -0.013005 
40.301000 -0.013014 
40.302000 -0.013021 
40.303000 -0.013027 
40.304000 -0.013032 
40.305000 -0.013036 
40.306000 -0.013039 
40.307000 -0.013040 
40.308000 -0.013041 
40.309000 -0.013040 
40.310000 -0.013039 
40.311000 -0.013036 
40.312000 -0.013032 
40.313000 -0.013027 
40.314000 -0.013021 
40.315000 -0.013014 
40.316000 -0.013006 
40.317000 -0.012997 
40.318000 -0.012986 
40.319000 -0.012975 
40.320000 -0.012962 
40.321000 -0.012949 
40.322000 -0.012934 
40.323000 -0.012918 
40.324000 -0.012902 
40.325000 -0.012884 
40.326000 -0.012865 
40.327000 -0.012846 
40.328000 -0.012825 
40.329000 -0.012803 
40.330000 -0.012780 
40.331000 -0.012757 
40.332000 -0.012732 
40.333000 -0.012707 
40.334000 -0.012680 
40.335000 -0.012653 
40.336000 -0.012625 
40.337000 -0.012596 
40.338000 -0.012566 
40.339000 -0.012535 
40.340000 -0.012503 
40.341000 -0.012470 
40.342000 -0.012436 
40.343000 -0.012402 
40.344000 -0.012366 
40.345000 -0.012330 
40.346000 -0.012292 
40.347000 -0.012254 
40.348000 -0.012215 
40.349000 -0.012174 
40.350000 -0.012133 
40.351000 -0.012091 
40.352000 -0.012049 
40.353000 -0.012005 
40.354000 -0.011960 
40.355000 -0.011914 
40.356000 -0.011867 
40.357000 -0.011820 
40.358000 -0.011771 
40.359000 -0.011721 
40.360000 -0.011670 
40.361000 -0.011619 
40.362000 -0.011566 
40.363000 -0.011512 
40.364000 -0.011457 
40.365000 -0.011401 
40.366000 -0.011344 
40.367000 -0.011287 
40.368000 -0.011230 
40.369000 -0.011172 
40.370000 -0.011114 
40.371000 -0.011056 
40.372000 -0.010997 
40.373000 -0.010938 
40.374000 -0.010879 
40.375000 -0.010819 
40.376000 -0.010760 
40.377000 -0.010700 
40.378000 -0.010639 
40.379000 -0.010579 
40.380000 -0.010518 
40.381000 -0.010457 
40.382000 -0.010396 
40.383000 -0.010335 
40.384000 -0.010273 
40.385000 -0.010212 
40.386000 -0.010150 
40.387000 -0.010088 
40.388000 -0.010026 
40.389000 -0.009964 
40.390000 -0.009902 
40.391000 -0.009840 
40.392000 -0.009778 
40.393000 -0.009716 
40.394000 -0.009654 
40.395000 -0.009592 
40.396000 -0.009530 
40.397000 -0.009468 
40.398000 -0.009406 
40.399000 -0.009345 
40.400000 -0.009283 
40.401000 -0.009221 
40.402000 -0.009160 
40.403000 -0.009098 
40.404000 -0.009037 
40.405000 -0.008976 
40.406000 -0.008916 
40.407000 -0.008855 
40.408000 -0.008795 
40.409000 -0.008734 
40.410000 -0.008675 
40.411000 -0.008615 
40.412000 -0.008555 
40.413000 -0.008496 
40.414000 -0.008437 
40.415000 -0.008379 
40.416000 -0.008320 
40.417000 -0.008262 
40.418000 -0.008204 
40.419000 -0.008147 
40.420000 -0.008090 
40.421000 -0.008033 
40.422000 -0.007977 
40.423000 -0.007921 
40.424000 -0.007865 
40.425000 -0.007810 
40.426000 -0.007755 
40.427000 -0.007701 
40.428000 -0.007647 
40.429000 -0.007594 
40.430000 -0.007541 
40.431000 -0.007489 
40.432000 -0.007437 
40.433000 -0.007385 
40.434000 -0.007334 
40.435000 -0.007284 
40.436000 -0.007234 
40.437000 -0.007184 
40.438000 -0.007135 
40.439000 -0.007086 
40.440000 -0.007038 
40.441000 -0.006990 
40.442000 -0.006941 
40.443000 -0.006891 
40.444000 -0.006841 
40.445000 -0.006791 
40.446000 -0.006741 
40.447000 -0.006692 
40.448000 -0.006643 
40.449000 -0.006594 
40.450000 -0.006545 
40.451000 -0.006497 
40.452000 -0.006449 
40.453000 -0.006401 
40.454000 -0.006353 
40.455000 -0.006305 
40.456000 -0.006258 
40.457000 -0.006211 
40.458000 -0.006164 
40.459000 -0.006118 
40.460000 -0.006072 
40.461000 -0.006025 
40.462000 -0.005979 
40.463000 -0.005934 
40.464000 -0.005888 
40.465000 -0.005842 
40.466000 -0.005797 
40.467000 -0.005752 
40.468000 -0.005706 
40.469000 -0.005661 
40.470000 -0.005616 
40.471000 -0.005570 
40.472000 -0.005525 
40.473000 -0.005480 
40.474000 -0.005434 
40.475000 -0.005388 
40.476000 -0.005342 
40.477000 -0.005296 
40.478000 -0.005250 
40.479000 -0.005204 
40.480000 -0.005157 
40.481000 -0.005110 
40.482000 -0.005063 
40.483000 -0.005015 
40.484000 -0.004968 
40.485000 -0.004919 
40.486000 -0.004871 
40.487000 -0.004822 
40.488000 -0.004772 
40.489000 -0.004722 
40.490000 -0.004672 
40.491000 -0.004620 
40.492000 -0.004569 
40.493000 -0.004517 
40.494000 -0.004464 
40.495000 -0.004411 
40.496000 -0.004357 
40.497000 -0.004302 
40.498000 -0.004246 
40.499000 -0.004190 
40.500000 -0.004133 
40.501000 -0.004075 
40.502000 -0.004016 
40.503000 -0.003957 
40.504000 -0.003896 
40.505000 -0.003835 
40.506000 -0.003772 
40.507000 -0.003708 
40.508000 -0.003644 
40.509000 -0.003578 
40.510000 -0.003511 
40.511000 -0.003442 
40.512000 -0.003373 
40.513000 -0.003302 
40.514000 -0.003230 
40.515000 -0.003156 
40.516000 -0.003081 
40.517000 -0.003004 
40.518000 -0.002926 
40.519000 -0.002845 
40.520000 -0.002765 
40.521000 -0.002683 
40.522000 -0.002602 
40.523000 -0.002520 
40.524000 -0.002438 
40.525000 -0.002356 
40.526000 -0.002273 
40.527000 -0.002190 
40.528000 -0.002107 
40.529000 -0.002023 
40.530000 -0.001938 
40.531000 -0.001854 
40.532000 -0.001769 
40.533000 -0.001683 
40.534000 -0.001597 
40.535000 -0.001511 
40.536000 -0.001424 
40.537000 -0.001336 
40.538000 -0.001248 
40.539000 -0.001159 
40.540000 -0.001070 
40.541000 -0.000980 
40.542000 -0.000890 
40.543000 -0.000799 
40.544000 -0.000707 
40.545000 -0.000615 
40.546000 -0.000522 
40.547000 -0.000428 
40.548000 -0.000333 
40.549000 -0.000237 
40.550000 -0.000141 
40.551000 -0.000044 
40.552000 0.000055 
40.553000 0.000155 
40.554000 0.000256 
40.555000 0.000359 
40.556000 0.000462 
40.557000 0.000567 
40.558000 0.000676 
40.559000 0.000786 
40.560000 0.000896 
40.561000 0.001010 
40.562000 0.001124 
40.563000 0.001240 
40.564000 0.001357 
40.565000 0.001475 
40.566000 0.001594 
40.567000 0.001713 
40.568000 0.001834 
40.569000 0.001955 
40.570000 0.002077 
40.571000 0.002201 
40.572000 0.002325 
40.573000 0.002451 
40.574000 0.002578 
40.575000 0.002706 
40.576000 0.002835 
40.577000 0.002966 
40.578000 0.003098 
40.579000 0.003232 
40.580000 0.003368 
40.581000 0.003505 
40.582000 0.003644 
40.583000 0.003785 
40.584000 0.003928 
40.585000 0.004073 
40.586000 0.004221 
40.587000 0.004371 
40.588000 0.004524 
40.589000 0.004679 
40.590000 0.004838 
40.591000 0.005000 
40.592000 0.005165 
40.593000 0.005334 
40.594000 0.005507 
40.595000 0.005684 
40.596000 0.005863 
40.597000 0.006039 
40.598000 0.006212 
40.599000 0.006383 
40.600000 0.006552 
40.601000 0.006718 
40.602000 0.006882 
40.603000 0.007044 
40.604000 0.007204 
40.605000 0.007363 
40.606000 0.007520 
40.607000 0.007675 
40.608000 0.007829 
40.609000 0.007982 
40.610000 0.008134 
40.611000 0.008285 
40.612000 0.008435 
40.613000 0.008584 
40.614000 0.008732 
40.615000 0.008879 
40.616000 0.009025 
40.617000 0.009172 
40.618000 0.009319 
40.619000 0.009467 
40.620000 0.009615 
40.621000 0.009765 
40.622000 0.009915 
40.623000 0.010066 
40.624000 0.010218 
40.625000 0.010370 
40.626000 0.010521 
40.627000 0.010673 
40.628000 0.010824 
40.629000 0.010974 
40.630000 0.011124 
40.631000 0.011275 
40.632000 0.011425 
40.633000 0.011575 
40.634000 0.011726 
40.635000 0.011877 
40.636000 0.012028 
40.637000 0.012180 
40.638000 0.012333 
40.639000 0.012486 
40.640000 0.012641 
40.641000 0.012796 
40.642000 0.012953 
40.643000 0.013112 
40.644000 0.013272 
40.645000 0.013434 
40.646000 0.013598 
40.647000 0.013765 
40.648000 0.013934 
40.649000 0.014105 
40.650000 0.014279 
40.651000 0.014454 
40.652000 0.014624 
40.653000 0.014791 
40.654000 0.014954 
40.655000 0.015115 
40.656000 0.015272 
40.657000 0.015427 
40.658000 0.015579 
40.659000 0.015729 
40.660000 0.015877 
40.661000 0.016023 
40.662000 0.016168 
40.663000 0.016310 
40.664000 0.016451 
40.665000 0.016591 
40.666000 0.016729 
40.667000 0.016866 
40.668000 0.017001 
40.669000 0.017136 
40.670000 0.017270 
40.671000 0.017403 
40.672000 0.017536 
40.673000 0.017669 
40.674000 0.017803 
40.675000 0.017937 
40.676000 0.018072 
40.677000 0.018208 
40.678000 0.018346 
40.679000 0.018483 
40.680000 0.018620 
40.681000 0.018757 
40.682000 0.018893 
40.683000 0.019028 
40.684000 0.019163 
40.685000 0.019297 
40.686000 0.019431 
40.687000 0.019565 
40.688000 0.019698 
40.689000 0.019831 
40.690000 0.019964 
40.691000 0.020097 
40.692000 0.020230 
40.693000 0.020363 
40.694000 0.020497 
40.695000 0.020631 
40.696000 0.020765 
40.697000 0.020899 
40.698000 0.021035 
40.699000 0.021171 
40.700000 0.021308 
40.701000 0.021445 
40.702000 0.021584 
40.703000 0.021724 
40.704000 0.021865 
40.705000 0.022008 
40.706000 0.022152 
40.707000 0.022298 
40.708000 0.022446 
40.709000 0.022595 
40.710000 0.022747 
40.711000 0.022901 
40.712000 0.023053 
40.713000 0.023202 
40.714000 0.023348 
40.715000 0.023492 
40.716000 0.023633 
40.717000 0.023772 
40.718000 0.023909 
40.719000 0.024043 
40.720000 0.024176 
40.721000 0.024307 
40.722000 0.024437 
40.723000 0.024565 
40.724000 0.024691 
40.725000 0.024816 
40.726000 0.024940 
40.727000 0.025062 
40.728000 0.025183 
40.729000 0.025304 
40.730000 0.025423 
40.731000 0.025541 
40.732000 0.025659 
40.733000 0.025775 
40.734000 0.025892 
40.735000 0.026008 
40.736000 0.026125 
40.737000 0.026242 
40.738000 0.026359 
40.739000 0.026477 
40.740000 0.026596 
40.741000 0.026716 
40.742000 0.026836 
40.743000 0.026956 
40.744000 0.027075 
40.745000 0.027193 
40.746000 0.027311 
40.747000 0.027429 
40.748000 0.027545 
40.749000 0.027662 
40.750000 0.027777 
40.751000 0.027893 
40.752000 0.028007 
40.753000 0.028122 
40.754000 0.028236 
40.755000 0.028349 
40.756000 0.028463 
40.757000 0.028576 
40.758000 0.028689 
40.759000 0.028801 
40.760000 0.028914 
40.761000 0.029026 
40.762000 0.029139 
40.763000 0.029251 
40.764000 0.029364 
40.765000 0.029476 
40.766000 0.029589 
40.767000 0.029702 
40.768000 0.029815 
40.769000 0.029929 
40.770000 0.030042 
40.771000 0.030156 
40.772000 0.030271 
40.773000 0.030386 
40.774000 0.030501 
40.775000 0.030617 
40.776000 0.030733 
40.777000 0.030850 
40.778000 0.030968 
40.779000 0.031086 
40.780000 0.031205 
40.781000 0.031325 
40.782000 0.031445 
40.783000 0.031564 
40.784000 0.031681 
40.785000 0.031795 
40.786000 0.031907 
40.787000 0.032017 
40.788000 0.032124 
40.789000 0.032230 
40.790000 0.032333 
40.791000 0.032435 
40.792000 0.032535 
40.793000 0.032633 
40.794000 0.032729 
40.795000 0.032824 
40.796000 0.032917 
40.797000 0.033008 
40.798000 0.033098 
40.799000 0.033187 
40.800000 0.033274 
40.801000 0.033359 
40.802000 0.033444 
40.803000 0.033527 
40.804000 0.033608 
40.805000 0.033689 
40.806000 0.033768 
40.807000 0.033846 
40.808000 0.033923 
40.809000 0.033999 
40.810000 0.034074 
40.811000 0.034147 
40.812000 0.034219 
40.813000 0.034291 
40.814000 0.034362 
40.815000 0.034432 
40.816000 0.034502 
40.817000 0.034570 
40.818000 0.034639 
40.819000 0.034706 
40.820000 0.034773 
40.821000 0.034840 
40.822000 0.034906 
40.823000 0.034972 
40.824000 0.035037 
40.825000 0.035101 
40.826000 0.035164 
40.827000 0.035227 
40.828000 0.035290 
40.829000 0.035352 
40.830000 0.035413 
40.831000 0.035473 
40.832000 0.035533 
40.833000 0.035592 
40.834000 0.035650 
40.835000 0.035707 
40.836000 0.035763 
40.837000 0.035819 
40.838000 0.035874 
40.839000 0.035928 
40.840000 0.035981 
40.841000 0.036034 
40.842000 0.036085 
40.843000 0.036136 
40.844000 0.036187 
40.845000 0.036236 
40.846000 0.036285 
40.847000 0.036333 
40.848000 0.036380 
40.849000 0.036426 
40.850000 0.036472 
40.851000 0.036517 
40.852000 0.036561 
40.853000 0.036604 
40.854000 0.036647 
40.855000 0.036689 
40.856000 0.036730 
40.857000 0.036770 
40.858000 0.036809 
40.859000 0.036848 
40.860000 0.036886 
