Time(s) Surface_Elevation(m)
36.861000 0.020009 
36.862000 0.020032 
36.863000 0.020055 
36.864000 0.020078 
36.865000 0.020101 
36.866000 0.020123 
36.867000 0.020145 
36.868000 0.020167 
36.869000 0.020189 
36.870000 0.020211 
36.871000 0.020233 
36.872000 0.020254 
36.873000 0.020275 
36.874000 0.020297 
36.875000 0.020318 
36.876000 0.020338 
36.877000 0.020359 
36.878000 0.020379 
36.879000 0.020400 
36.880000 0.020420 
36.881000 0.020440 
36.882000 0.020460 
36.883000 0.020479 
36.884000 0.020499 
36.885000 0.020518 
36.886000 0.020537 
36.887000 0.020556 
36.888000 0.020575 
36.889000 0.020594 
36.890000 0.020612 
36.891000 0.020631 
36.892000 0.020649 
36.893000 0.020667 
36.894000 0.020685 
36.895000 0.020702 
36.896000 0.020720 
36.897000 0.020737 
36.898000 0.020754 
36.899000 0.020771 
36.900000 0.020788 
36.901000 0.020805 
36.902000 0.020821 
36.903000 0.020837 
36.904000 0.020853 
36.905000 0.020869 
36.906000 0.020885 
36.907000 0.020900 
36.908000 0.020916 
36.909000 0.020931 
36.910000 0.020946 
36.911000 0.020961 
36.912000 0.020975 
36.913000 0.020990 
36.914000 0.021004 
36.915000 0.021018 
36.916000 0.021032 
36.917000 0.021046 
36.918000 0.021059 
36.919000 0.021073 
36.920000 0.021086 
36.921000 0.021099 
36.922000 0.021112 
36.923000 0.021124 
36.924000 0.021137 
36.925000 0.021149 
36.926000 0.021161 
36.927000 0.021173 
36.928000 0.021184 
36.929000 0.021196 
36.930000 0.021207 
36.931000 0.021218 
36.932000 0.021229 
36.933000 0.021240 
36.934000 0.021250 
36.935000 0.021260 
36.936000 0.021270 
36.937000 0.021280 
36.938000 0.021290 
36.939000 0.021299 
36.940000 0.021308 
36.941000 0.021317 
36.942000 0.021326 
36.943000 0.021335 
36.944000 0.021343 
36.945000 0.021351 
36.946000 0.021359 
36.947000 0.021367 
36.948000 0.021374 
36.949000 0.021382 
36.950000 0.021389 
36.951000 0.021396 
36.952000 0.021402 
36.953000 0.021409 
36.954000 0.021415 
36.955000 0.021421 
36.956000 0.021427 
36.957000 0.021433 
36.958000 0.021438 
36.959000 0.021443 
36.960000 0.021448 
36.961000 0.021453 
36.962000 0.021457 
36.963000 0.021462 
36.964000 0.021466 
36.965000 0.021469 
36.966000 0.021473 
36.967000 0.021476 
36.968000 0.021480 
36.969000 0.021483 
36.970000 0.021485 
36.971000 0.021488 
36.972000 0.021490 
36.973000 0.021492 
36.974000 0.021494 
36.975000 0.021496 
36.976000 0.021497 
36.977000 0.021498 
36.978000 0.021499 
36.979000 0.021500 
36.980000 0.021501 
36.981000 0.021501 
36.982000 0.021501 
36.983000 0.021502 
36.984000 0.021501 
36.985000 0.021501 
36.986000 0.021500 
36.987000 0.021499 
36.988000 0.021498 
36.989000 0.021496 
36.990000 0.021494 
36.991000 0.021492 
36.992000 0.021490 
36.993000 0.021487 
36.994000 0.021485 
36.995000 0.021482 
36.996000 0.021478 
36.997000 0.021475 
36.998000 0.021471 
36.999000 0.021467 
37.000000 0.021463 
37.001000 0.021459 
37.002000 0.021454 
37.003000 0.021449 
37.004000 0.021444 
37.005000 0.021438 
37.006000 0.021433 
37.007000 0.021427 
37.008000 0.021421 
37.009000 0.021415 
37.010000 0.021408 
37.011000 0.021401 
37.012000 0.021394 
37.013000 0.021387 
37.014000 0.021379 
37.015000 0.021372 
37.016000 0.021364 
37.017000 0.021356 
37.018000 0.021347 
37.019000 0.021339 
37.020000 0.021330 
37.021000 0.021320 
37.022000 0.021311 
37.023000 0.021301 
37.024000 0.021291 
37.025000 0.021281 
37.026000 0.021271 
37.027000 0.021260 
37.028000 0.021250 
37.029000 0.021239 
37.030000 0.021228 
37.031000 0.021216 
37.032000 0.021205 
37.033000 0.021193 
37.034000 0.021181 
37.035000 0.021168 
37.036000 0.021156 
37.037000 0.021143 
37.038000 0.021130 
37.039000 0.021117 
37.040000 0.021104 
37.041000 0.021090 
37.042000 0.021076 
37.043000 0.021062 
37.044000 0.021048 
37.045000 0.021033 
37.046000 0.021018 
37.047000 0.021003 
37.048000 0.020988 
37.049000 0.020973 
37.050000 0.020957 
37.051000 0.020941 
37.052000 0.020925 
37.053000 0.020909 
37.054000 0.020892 
37.055000 0.020875 
37.056000 0.020858 
37.057000 0.020841 
37.058000 0.020824 
37.059000 0.020806 
37.060000 0.020788 
37.061000 0.020770 
37.062000 0.020752 
37.063000 0.020734 
37.064000 0.020715 
37.065000 0.020697 
37.066000 0.020678 
37.067000 0.020659 
37.068000 0.020639 
37.069000 0.020620 
37.070000 0.020601 
37.071000 0.020581 
37.072000 0.020561 
37.073000 0.020541 
37.074000 0.020521 
37.075000 0.020499 
37.076000 0.020476 
37.077000 0.020453 
37.078000 0.020430 
37.079000 0.020407 
37.080000 0.020383 
37.081000 0.020359 
37.082000 0.020334 
37.083000 0.020310 
37.084000 0.020286 
37.085000 0.020261 
37.086000 0.020236 
37.087000 0.020211 
37.088000 0.020186 
37.089000 0.020160 
37.090000 0.020134 
37.091000 0.020108 
37.092000 0.020082 
37.093000 0.020056 
37.094000 0.020029 
37.095000 0.020002 
37.096000 0.019975 
37.097000 0.019948 
37.098000 0.019920 
37.099000 0.019892 
37.100000 0.019864 
37.101000 0.019836 
37.102000 0.019808 
37.103000 0.019779 
37.104000 0.019750 
37.105000 0.019721 
37.106000 0.019692 
37.107000 0.019662 
37.108000 0.019632 
37.109000 0.019602 
37.110000 0.019572 
37.111000 0.019541 
37.112000 0.019511 
37.113000 0.019480 
37.114000 0.019449 
37.115000 0.019417 
37.116000 0.019386 
37.117000 0.019354 
37.118000 0.019322 
37.119000 0.019290 
37.120000 0.019258 
37.121000 0.019226 
37.122000 0.019193 
37.123000 0.019161 
37.124000 0.019128 
37.125000 0.019095 
37.126000 0.019061 
37.127000 0.019028 
37.128000 0.018994 
37.129000 0.018960 
37.130000 0.018926 
37.131000 0.018892 
37.132000 0.018858 
37.133000 0.018824 
37.134000 0.018789 
37.135000 0.018754 
37.136000 0.018719 
37.137000 0.018684 
37.138000 0.018649 
37.139000 0.018614 
37.140000 0.018578 
37.141000 0.018543 
37.142000 0.018507 
37.143000 0.018471 
37.144000 0.018435 
37.145000 0.018398 
37.146000 0.018362 
37.147000 0.018325 
37.148000 0.018289 
37.149000 0.018252 
37.150000 0.018215 
37.151000 0.018178 
37.152000 0.018141 
37.153000 0.018103 
37.154000 0.018066 
37.155000 0.018028 
37.156000 0.017990 
37.157000 0.017952 
37.158000 0.017914 
37.159000 0.017876 
37.160000 0.017838 
37.161000 0.017799 
37.162000 0.017761 
37.163000 0.017722 
37.164000 0.017683 
37.165000 0.017645 
37.166000 0.017605 
37.167000 0.017566 
37.168000 0.017527 
37.169000 0.017488 
37.170000 0.017448 
37.171000 0.017408 
37.172000 0.017369 
37.173000 0.017329 
37.174000 0.017289 
37.175000 0.017248 
37.176000 0.017208 
37.177000 0.017168 
37.178000 0.017127 
37.179000 0.017086 
37.180000 0.017046 
37.181000 0.017005 
37.182000 0.016964 
37.183000 0.016922 
37.184000 0.016881 
37.185000 0.016840 
37.186000 0.016798 
37.187000 0.016756 
37.188000 0.016714 
37.189000 0.016672 
37.190000 0.016630 
37.191000 0.016588 
37.192000 0.016546 
37.193000 0.016503 
37.194000 0.016460 
37.195000 0.016417 
37.196000 0.016374 
37.197000 0.016331 
37.198000 0.016288 
37.199000 0.016244 
37.200000 0.016201 
37.201000 0.016157 
37.202000 0.016113 
37.203000 0.016068 
37.204000 0.016024 
37.205000 0.015980 
37.206000 0.015935 
37.207000 0.015890 
37.208000 0.015845 
37.209000 0.015799 
37.210000 0.015754 
37.211000 0.015708 
37.212000 0.015662 
37.213000 0.015616 
37.214000 0.015570 
37.215000 0.015523 
37.216000 0.015477 
37.217000 0.015430 
37.218000 0.015382 
37.219000 0.015335 
37.220000 0.015287 
37.221000 0.015239 
37.222000 0.015191 
37.223000 0.015143 
37.224000 0.015094 
37.225000 0.015045 
37.226000 0.014996 
37.227000 0.014946 
37.228000 0.014896 
37.229000 0.014846 
37.230000 0.014796 
37.231000 0.014745 
37.232000 0.014694 
37.233000 0.014643 
37.234000 0.014591 
37.235000 0.014539 
37.236000 0.014487 
37.237000 0.014434 
37.238000 0.014381 
37.239000 0.014328 
37.240000 0.014274 
37.241000 0.014221 
37.242000 0.014168 
37.243000 0.014115 
37.244000 0.014062 
37.245000 0.014010 
37.246000 0.013958 
37.247000 0.013906 
37.248000 0.013855 
37.249000 0.013803 
37.250000 0.013752 
37.251000 0.013702 
37.252000 0.013651 
37.253000 0.013601 
37.254000 0.013551 
37.255000 0.013501 
37.256000 0.013452 
37.257000 0.013403 
37.258000 0.013354 
37.259000 0.013305 
37.260000 0.013257 
37.261000 0.013208 
37.262000 0.013160 
37.263000 0.013112 
37.264000 0.013065 
37.265000 0.013017 
37.266000 0.012970 
37.267000 0.012923 
37.268000 0.012876 
37.269000 0.012829 
37.270000 0.012783 
37.271000 0.012736 
37.272000 0.012690 
37.273000 0.012644 
37.274000 0.012599 
37.275000 0.012553 
37.276000 0.012508 
37.277000 0.012462 
37.278000 0.012417 
37.279000 0.012373 
37.280000 0.012328 
37.281000 0.012283 
37.282000 0.012239 
37.283000 0.012195 
37.284000 0.012151 
37.285000 0.012107 
37.286000 0.012063 
37.287000 0.012019 
37.288000 0.011976 
37.289000 0.011933 
37.290000 0.011889 
37.291000 0.011846 
37.292000 0.011803 
37.293000 0.011761 
37.294000 0.011718 
37.295000 0.011676 
37.296000 0.011633 
37.297000 0.011591 
37.298000 0.011549 
37.299000 0.011507 
37.300000 0.011466 
37.301000 0.011424 
37.302000 0.011382 
37.303000 0.011341 
37.304000 0.011300 
37.305000 0.011259 
37.306000 0.011218 
37.307000 0.011177 
37.308000 0.011136 
37.309000 0.011096 
37.310000 0.011055 
37.311000 0.011015 
37.312000 0.010975 
37.313000 0.010935 
37.314000 0.010895 
37.315000 0.010856 
37.316000 0.010816 
37.317000 0.010777 
37.318000 0.010735 
37.319000 0.010691 
37.320000 0.010647 
37.321000 0.010604 
37.322000 0.010561 
37.323000 0.010519 
37.324000 0.010477 
37.325000 0.010435 
37.326000 0.010394 
37.327000 0.010353 
37.328000 0.010311 
37.329000 0.010270 
37.330000 0.010230 
37.331000 0.010189 
37.332000 0.010148 
37.333000 0.010108 
37.334000 0.010068 
37.335000 0.010028 
37.336000 0.009988 
37.337000 0.009949 
37.338000 0.009909 
37.339000 0.009870 
37.340000 0.009831 
37.341000 0.009792 
37.342000 0.009753 
37.343000 0.009714 
37.344000 0.009676 
37.345000 0.009638 
37.346000 0.009600 
37.347000 0.009562 
37.348000 0.009524 
37.349000 0.009486 
37.350000 0.009449 
37.351000 0.009411 
37.352000 0.009374 
37.353000 0.009337 
37.354000 0.009300 
37.355000 0.009263 
37.356000 0.009227 
37.357000 0.009190 
37.358000 0.009154 
37.359000 0.009118 
37.360000 0.009082 
37.361000 0.009046 
37.362000 0.009010 
37.363000 0.008975 
37.364000 0.008939 
37.365000 0.008904 
37.366000 0.008869 
37.367000 0.008834 
37.368000 0.008799 
37.369000 0.008764 
37.370000 0.008729 
37.371000 0.008695 
37.372000 0.008660 
37.373000 0.008626 
37.374000 0.008592 
37.375000 0.008558 
37.376000 0.008524 
37.377000 0.008490 
37.378000 0.008457 
37.379000 0.008423 
37.380000 0.008390 
37.381000 0.008356 
37.382000 0.008323 
37.383000 0.008290 
37.384000 0.008257 
37.385000 0.008224 
37.386000 0.008191 
37.387000 0.008159 
37.388000 0.008126 
37.389000 0.008094 
37.390000 0.008061 
37.391000 0.008029 
37.392000 0.007997 
37.393000 0.007965 
37.394000 0.007933 
37.395000 0.007901 
37.396000 0.007870 
37.397000 0.007838 
37.398000 0.007806 
37.399000 0.007775 
37.400000 0.007744 
37.401000 0.007712 
37.402000 0.007681 
37.403000 0.007650 
37.404000 0.007619 
37.405000 0.007588 
37.406000 0.007557 
37.407000 0.007527 
37.408000 0.007496 
37.409000 0.007466 
37.410000 0.007435 
37.411000 0.007405 
37.412000 0.007374 
37.413000 0.007344 
37.414000 0.007314 
37.415000 0.007284 
37.416000 0.007254 
37.417000 0.007224 
37.418000 0.007194 
37.419000 0.007165 
37.420000 0.007135 
37.421000 0.007106 
37.422000 0.007076 
37.423000 0.007047 
37.424000 0.007017 
37.425000 0.006988 
37.426000 0.006959 
37.427000 0.006930 
37.428000 0.006901 
37.429000 0.006872 
37.430000 0.006843 
37.431000 0.006814 
37.432000 0.006785 
37.433000 0.006757 
37.434000 0.006728 
37.435000 0.006700 
37.436000 0.006671 
37.437000 0.006643 
37.438000 0.006615 
37.439000 0.006587 
37.440000 0.006558 
37.441000 0.006530 
37.442000 0.006502 
37.443000 0.006475 
37.444000 0.006447 
37.445000 0.006419 
37.446000 0.006391 
37.447000 0.006364 
37.448000 0.006336 
37.449000 0.006309 
37.450000 0.006281 
37.451000 0.006254 
37.452000 0.006227 
37.453000 0.006200 
37.454000 0.006172 
37.455000 0.006145 
37.456000 0.006118 
37.457000 0.006092 
37.458000 0.006065 
37.459000 0.006038 
37.460000 0.006011 
37.461000 0.005985 
37.462000 0.005958 
37.463000 0.005932 
37.464000 0.005905 
37.465000 0.005879 
37.466000 0.005852 
37.467000 0.005826 
37.468000 0.005800 
37.469000 0.005774 
37.470000 0.005748 
37.471000 0.005722 
37.472000 0.005696 
37.473000 0.005670 
37.474000 0.005645 
37.475000 0.005619 
37.476000 0.005594 
37.477000 0.005570 
37.478000 0.005545 
37.479000 0.005521 
37.480000 0.005497 
37.481000 0.005473 
37.482000 0.005449 
37.483000 0.005426 
37.484000 0.005402 
37.485000 0.005379 
37.486000 0.005356 
37.487000 0.005333 
37.488000 0.005311 
37.489000 0.005288 
37.490000 0.005266 
37.491000 0.005243 
37.492000 0.005221 
37.493000 0.005199 
37.494000 0.005177 
37.495000 0.005155 
37.496000 0.005133 
37.497000 0.005112 
37.498000 0.005090 
37.499000 0.005069 
37.500000 0.005048 
37.501000 0.005027 
37.502000 0.005006 
37.503000 0.004985 
37.504000 0.004965 
37.505000 0.004944 
37.506000 0.004924 
37.507000 0.004904 
37.508000 0.004883 
37.509000 0.004863 
37.510000 0.004843 
37.511000 0.004824 
37.512000 0.004804 
37.513000 0.004784 
37.514000 0.004765 
37.515000 0.004745 
37.516000 0.004726 
37.517000 0.004706 
37.518000 0.004687 
37.519000 0.004668 
37.520000 0.004649 
37.521000 0.004629 
37.522000 0.004610 
37.523000 0.004591 
37.524000 0.004573 
37.525000 0.004554 
37.526000 0.004535 
37.527000 0.004516 
37.528000 0.004497 
37.529000 0.004479 
37.530000 0.004460 
37.531000 0.004442 
37.532000 0.004423 
37.533000 0.004404 
37.534000 0.004386 
37.535000 0.004367 
37.536000 0.004349 
37.537000 0.004330 
37.538000 0.004312 
37.539000 0.004293 
37.540000 0.004275 
37.541000 0.004256 
37.542000 0.004238 
37.543000 0.004219 
37.544000 0.004201 
37.545000 0.004182 
37.546000 0.004164 
37.547000 0.004145 
37.548000 0.004127 
37.549000 0.004108 
37.550000 0.004090 
37.551000 0.004071 
37.552000 0.004052 
37.553000 0.004034 
37.554000 0.004015 
37.555000 0.003996 
37.556000 0.003977 
37.557000 0.003958 
37.558000 0.003939 
37.559000 0.003920 
37.560000 0.003901 
37.561000 0.003882 
37.562000 0.003863 
37.563000 0.003843 
37.564000 0.003824 
37.565000 0.003804 
37.566000 0.003785 
37.567000 0.003765 
37.568000 0.003745 
37.569000 0.003725 
37.570000 0.003706 
37.571000 0.003685 
37.572000 0.003665 
37.573000 0.003645 
37.574000 0.003625 
37.575000 0.003604 
37.576000 0.003584 
37.577000 0.003563 
37.578000 0.003542 
37.579000 0.003521 
37.580000 0.003500 
37.581000 0.003479 
37.582000 0.003457 
37.583000 0.003436 
37.584000 0.003414 
37.585000 0.003392 
37.586000 0.003370 
37.587000 0.003348 
37.588000 0.003326 
37.589000 0.003303 
37.590000 0.003280 
37.591000 0.003258 
37.592000 0.003235 
37.593000 0.003211 
37.594000 0.003188 
37.595000 0.003165 
37.596000 0.003141 
37.597000 0.003117 
37.598000 0.003093 
37.599000 0.003068 
37.600000 0.003044 
37.601000 0.003019 
37.602000 0.002994 
37.603000 0.002969 
37.604000 0.002943 
37.605000 0.002918 
37.606000 0.002892 
37.607000 0.002866 
37.608000 0.002839 
37.609000 0.002813 
37.610000 0.002786 
37.611000 0.002758 
37.612000 0.002731 
37.613000 0.002703 
37.614000 0.002676 
37.615000 0.002647 
37.616000 0.002619 
37.617000 0.002590 
37.618000 0.002561 
37.619000 0.002532 
37.620000 0.002502 
37.621000 0.002472 
37.622000 0.002442 
37.623000 0.002412 
37.624000 0.002381 
37.625000 0.002350 
37.626000 0.002319 
37.627000 0.002287 
37.628000 0.002255 
37.629000 0.002222 
37.630000 0.002189 
37.631000 0.002156 
37.632000 0.002123 
37.633000 0.002085 
37.634000 0.002047 
37.635000 0.002008 
37.636000 0.001969 
37.637000 0.001930 
37.638000 0.001892 
37.639000 0.001853 
37.640000 0.001814 
37.641000 0.001774 
37.642000 0.001734 
37.643000 0.001694 
37.644000 0.001653 
37.645000 0.001612 
37.646000 0.001571 
37.647000 0.001529 
37.648000 0.001486 
37.649000 0.001444 
37.650000 0.001401 
37.651000 0.001357 
37.652000 0.001313 
37.653000 0.001269 
37.654000 0.001224 
37.655000 0.001179 
37.656000 0.001133 
37.657000 0.001087 
37.658000 0.001040 
37.659000 0.000993 
37.660000 0.000946 
37.661000 0.000898 
37.662000 0.000849 
37.663000 0.000800 
37.664000 0.000751 
37.665000 0.000701 
37.666000 0.000651 
37.667000 0.000600 
37.668000 0.000548 
37.669000 0.000496 
37.670000 0.000444 
37.671000 0.000391 
37.672000 0.000337 
37.673000 0.000283 
37.674000 0.000229 
37.675000 0.000173 
37.676000 0.000117 
37.677000 0.000061 
37.678000 0.000004 
37.679000 -0.000054 
37.680000 -0.000112 
37.681000 -0.000171 
37.682000 -0.000230 
37.683000 -0.000290 
37.684000 -0.000351 
37.685000 -0.000413 
37.686000 -0.000475 
37.687000 -0.000538 
37.688000 -0.000602 
37.689000 -0.000667 
37.690000 -0.000732 
37.691000 -0.000798 
37.692000 -0.000865 
37.693000 -0.000933 
37.694000 -0.001001 
37.695000 -0.001071 
37.696000 -0.001141 
37.697000 -0.001213 
37.698000 -0.001285 
37.699000 -0.001359 
37.700000 -0.001433 
37.701000 -0.001508 
37.702000 -0.001585 
37.703000 -0.001663 
37.704000 -0.001741 
37.705000 -0.001821 
37.706000 -0.001903 
37.707000 -0.001985 
37.708000 -0.002069 
37.709000 -0.002154 
37.710000 -0.002241 
37.711000 -0.002329 
37.712000 -0.002419 
37.713000 -0.002510 
37.714000 -0.002603 
37.715000 -0.002698 
37.716000 -0.002794 
37.717000 -0.002892 
37.718000 -0.002990 
37.719000 -0.003088 
37.720000 -0.003185 
37.721000 -0.003282 
37.722000 -0.003379 
37.723000 -0.003476 
37.724000 -0.003572 
37.725000 -0.003668 
37.726000 -0.003764 
37.727000 -0.003860 
37.728000 -0.003955 
37.729000 -0.004051 
37.730000 -0.004146 
37.731000 -0.004241 
37.732000 -0.004336 
37.733000 -0.004431 
37.734000 -0.004526 
37.735000 -0.004621 
37.736000 -0.004716 
37.737000 -0.004811 
37.738000 -0.004907 
37.739000 -0.005002 
37.740000 -0.005097 
37.741000 -0.005192 
37.742000 -0.005288 
37.743000 -0.005383 
37.744000 -0.005479 
37.745000 -0.005575 
37.746000 -0.005671 
37.747000 -0.005767 
37.748000 -0.005864 
37.749000 -0.005960 
37.750000 -0.006057 
37.751000 -0.006154 
37.752000 -0.006252 
37.753000 -0.006348 
37.754000 -0.006457 
37.755000 -0.006567 
37.756000 -0.006678 
37.757000 -0.006790 
37.758000 -0.006900 
37.759000 -0.007009 
37.760000 -0.007117 
37.761000 -0.007226 
37.762000 -0.007335 
37.763000 -0.007445 
37.764000 -0.007554 
37.765000 -0.007664 
37.766000 -0.007774 
37.767000 -0.007884 
37.768000 -0.007995 
37.769000 -0.008106 
37.770000 -0.008217 
37.771000 -0.008329 
37.772000 -0.008441 
37.773000 -0.008554 
37.774000 -0.008667 
37.775000 -0.008781 
37.776000 -0.008895 
37.777000 -0.009011 
37.778000 -0.009126 
37.779000 -0.009243 
37.780000 -0.009361 
37.781000 -0.009479 
37.782000 -0.009599 
37.783000 -0.009719 
37.784000 -0.009841 
37.785000 -0.009964 
37.786000 -0.010088 
37.787000 -0.010214 
37.788000 -0.010341 
37.789000 -0.010470 
37.790000 -0.010600 
37.791000 -0.010733 
37.792000 -0.010867 
37.793000 -0.011003 
37.794000 -0.011141 
37.795000 -0.011282 
37.796000 -0.011425 
37.797000 -0.011569 
37.798000 -0.011710 
37.799000 -0.011849 
37.800000 -0.011987 
37.801000 -0.012122 
37.802000 -0.012256 
37.803000 -0.012389 
37.804000 -0.012520 
37.805000 -0.012649 
37.806000 -0.012777 
37.807000 -0.012905 
37.808000 -0.013030 
37.809000 -0.013155 
37.810000 -0.013279 
37.811000 -0.013402 
37.812000 -0.013524 
37.813000 -0.013646 
37.814000 -0.013766 
37.815000 -0.013886 
37.816000 -0.014005 
37.817000 -0.014123 
37.818000 -0.014241 
37.819000 -0.014358 
37.820000 -0.014475 
37.821000 -0.014592 
37.822000 -0.014707 
37.823000 -0.014821 
37.824000 -0.014935 
37.825000 -0.015064 
37.826000 -0.015193 
37.827000 -0.015322 
37.828000 -0.015449 
37.829000 -0.015574 
37.830000 -0.015699 
37.831000 -0.015821 
37.832000 -0.015943 
37.833000 -0.016064 
37.834000 -0.016185 
37.835000 -0.016305 
37.836000 -0.016425 
37.837000 -0.016545 
37.838000 -0.016664 
37.839000 -0.016782 
37.840000 -0.016901 
37.841000 -0.017019 
37.842000 -0.017137 
37.843000 -0.017255 
37.844000 -0.017373 
37.845000 -0.017490 
37.846000 -0.017608 
37.847000 -0.017726 
37.848000 -0.017844 
37.849000 -0.017962 
37.850000 -0.018080 
37.851000 -0.018199 
37.852000 -0.018318 
37.853000 -0.018437 
37.854000 -0.018557 
37.855000 -0.018678 
37.856000 -0.018799 
37.857000 -0.018921 
37.858000 -0.019043 
37.859000 -0.019167 
37.860000 -0.019291 
37.861000 -0.019416 
37.862000 -0.019542 
37.863000 -0.019670 
37.864000 -0.019798 
37.865000 -0.019928 
37.866000 -0.020059 
37.867000 -0.020188 
37.868000 -0.020315 
37.869000 -0.020439 
37.870000 -0.020561 
37.871000 -0.020681 
37.872000 -0.020799 
37.873000 -0.020915 
37.874000 -0.021029 
37.875000 -0.021141 
37.876000 -0.021252 
37.877000 -0.021361 
37.878000 -0.021469 
37.879000 -0.021575 
37.880000 -0.021680 
37.881000 -0.021784 
37.882000 -0.021886 
37.883000 -0.021987 
37.884000 -0.022087 
37.885000 -0.022186 
37.886000 -0.022284 
37.887000 -0.022380 
37.888000 -0.022476 
37.889000 -0.022571 
37.890000 -0.022664 
37.891000 -0.022757 
37.892000 -0.022849 
37.893000 -0.022939 
37.894000 -0.023029 
37.895000 -0.023118 
37.896000 -0.023206 
37.897000 -0.023294 
37.898000 -0.023380 
37.899000 -0.023464 
37.900000 -0.023555 
37.901000 -0.023650 
37.902000 -0.023744 
37.903000 -0.023838 
37.904000 -0.023929 
37.905000 -0.024019 
37.906000 -0.024106 
37.907000 -0.024193 
37.908000 -0.024279 
37.909000 -0.024364 
37.910000 -0.024448 
37.911000 -0.024532 
37.912000 -0.024614 
37.913000 -0.024696 
37.914000 -0.024777 
37.915000 -0.024857 
37.916000 -0.024937 
37.917000 -0.025015 
37.918000 -0.025093 
37.919000 -0.025171 
37.920000 -0.025247 
37.921000 -0.025323 
37.922000 -0.025399 
37.923000 -0.025473 
37.924000 -0.025547 
37.925000 -0.025621 
37.926000 -0.025694 
37.927000 -0.025766 
37.928000 -0.025838 
37.929000 -0.025909 
37.930000 -0.025980 
37.931000 -0.026050 
37.932000 -0.026119 
37.933000 -0.026188 
37.934000 -0.026257 
37.935000 -0.026325 
37.936000 -0.026393 
37.937000 -0.026460 
37.938000 -0.026527 
37.939000 -0.026593 
37.940000 -0.026659 
37.941000 -0.026724 
37.942000 -0.026789 
37.943000 -0.026854 
37.944000 -0.026918 
37.945000 -0.026982 
37.946000 -0.027045 
37.947000 -0.027108 
37.948000 -0.027171 
37.949000 -0.027233 
37.950000 -0.027296 
37.951000 -0.027357 
37.952000 -0.027419 
37.953000 -0.027480 
37.954000 -0.027541 
37.955000 -0.027602 
37.956000 -0.027662 
37.957000 -0.027722 
37.958000 -0.027782 
37.959000 -0.027841 
37.960000 -0.027900 
37.961000 -0.027959 
37.962000 -0.028018 
37.963000 -0.028077 
37.964000 -0.028135 
37.965000 -0.028193 
37.966000 -0.028250 
37.967000 -0.028308 
37.968000 -0.028365 
37.969000 -0.028422 
37.970000 -0.028479 
37.971000 -0.028536 
37.972000 -0.028592 
37.973000 -0.028648 
37.974000 -0.028703 
37.975000 -0.028756 
37.976000 -0.028809 
37.977000 -0.028862 
37.978000 -0.028913 
37.979000 -0.028964 
37.980000 -0.029013 
37.981000 -0.029063 
37.982000 -0.029111 
37.983000 -0.029159 
37.984000 -0.029206 
37.985000 -0.029252 
37.986000 -0.029298 
37.987000 -0.029343 
37.988000 -0.029387 
37.989000 -0.029431 
37.990000 -0.029475 
37.991000 -0.029517 
37.992000 -0.029560 
37.993000 -0.029601 
37.994000 -0.029643 
37.995000 -0.029683 
37.996000 -0.029723 
37.997000 -0.029763 
37.998000 -0.029803 
37.999000 -0.029841 
38.000000 -0.029880 
38.001000 -0.029918 
38.002000 -0.029956 
38.003000 -0.029993 
38.004000 -0.030030 
38.005000 -0.030066 
38.006000 -0.030103 
38.007000 -0.030138 
38.008000 -0.030174 
38.009000 -0.030209 
38.010000 -0.030244 
38.011000 -0.030279 
38.012000 -0.030313 
38.013000 -0.030347 
38.014000 -0.030381 
38.015000 -0.030414 
38.016000 -0.030447 
38.017000 -0.030481 
38.018000 -0.030513 
38.019000 -0.030546 
38.020000 -0.030578 
38.021000 -0.030611 
38.022000 -0.030643 
38.023000 -0.030674 
38.024000 -0.030706 
38.025000 -0.030738 
38.026000 -0.030769 
38.027000 -0.030800 
38.028000 -0.030831 
38.029000 -0.030862 
38.030000 -0.030893 
38.031000 -0.030924 
38.032000 -0.030954 
38.033000 -0.030985 
38.034000 -0.031015 
38.035000 -0.031046 
38.036000 -0.031076 
38.037000 -0.031106 
38.038000 -0.031137 
38.039000 -0.031167 
38.040000 -0.031197 
38.041000 -0.031227 
38.042000 -0.031257 
38.043000 -0.031287 
38.044000 -0.031317 
38.045000 -0.031347 
38.046000 -0.031377 
38.047000 -0.031407 
38.048000 -0.031437 
38.049000 -0.031467 
38.050000 -0.031497 
38.051000 -0.031528 
38.052000 -0.031558 
38.053000 -0.031588 
38.054000 -0.031619 
38.055000 -0.031649 
38.056000 -0.031679 
38.057000 -0.031710 
38.058000 -0.031741 
38.059000 -0.031771 
38.060000 -0.031802 
38.061000 -0.031833 
38.062000 -0.031864 
38.063000 -0.031895 
38.064000 -0.031927 
38.065000 -0.031958 
38.066000 -0.031989 
38.067000 -0.032021 
38.068000 -0.032053 
38.069000 -0.032085 
38.070000 -0.032117 
38.071000 -0.032149 
38.072000 -0.032181 
38.073000 -0.032215 
38.074000 -0.032252 
38.075000 -0.032289 
38.076000 -0.032326 
38.077000 -0.032363 
38.078000 -0.032401 
38.079000 -0.032438 
38.080000 -0.032475 
38.081000 -0.032513 
38.082000 -0.032550 
38.083000 -0.032588 
38.084000 -0.032625 
38.085000 -0.032663 
38.086000 -0.032700 
38.087000 -0.032738 
38.088000 -0.032776 
38.089000 -0.032815 
38.090000 -0.032853 
38.091000 -0.032892 
38.092000 -0.032931 
38.093000 -0.032970 
38.094000 -0.033010 
38.095000 -0.033050 
38.096000 -0.033090 
38.097000 -0.033130 
38.098000 -0.033171 
38.099000 -0.033211 
38.100000 -0.033252 
38.101000 -0.033294 
38.102000 -0.033335 
38.103000 -0.033377 
38.104000 -0.033419 
38.105000 -0.033462 
38.106000 -0.033504 
38.107000 -0.033547 
38.108000 -0.033591 
38.109000 -0.033634 
38.110000 -0.033678 
38.111000 -0.033722 
38.112000 -0.033766 
38.113000 -0.033811 
38.114000 -0.033856 
38.115000 -0.033901 
38.116000 -0.033947 
38.117000 -0.033992 
38.118000 -0.034038 
38.119000 -0.034085 
38.120000 -0.034132 
38.121000 -0.034179 
38.122000 -0.034226 
38.123000 -0.034273 
38.124000 -0.034321 
38.125000 -0.034370 
38.126000 -0.034418 
38.127000 -0.034467 
38.128000 -0.034516 
38.129000 -0.034566 
38.130000 -0.034615 
38.131000 -0.034666 
38.132000 -0.034716 
38.133000 -0.034767 
38.134000 -0.034818 
38.135000 -0.034870 
38.136000 -0.034921 
38.137000 -0.034974 
38.138000 -0.035026 
38.139000 -0.035079 
38.140000 -0.035132 
38.141000 -0.035186 
38.142000 -0.035240 
38.143000 -0.035294 
38.144000 -0.035349 
38.145000 -0.035404 
38.146000 -0.035460 
38.147000 -0.035516 
38.148000 -0.035572 
38.149000 -0.035629 
38.150000 -0.035686 
38.151000 -0.035743 
38.152000 -0.035801 
38.153000 -0.035859 
38.154000 -0.035918 
38.155000 -0.035977 
38.156000 -0.036037 
38.157000 -0.036097 
38.158000 -0.036157 
38.159000 -0.036218 
38.160000 -0.036280 
38.161000 -0.036342 
38.162000 -0.036404 
38.163000 -0.036467 
38.164000 -0.036530 
38.165000 -0.036594 
38.166000 -0.036658 
38.167000 -0.036723 
38.168000 -0.036788 
38.169000 -0.036854 
38.170000 -0.036921 
38.171000 -0.036988 
38.172000 -0.037055 
38.173000 -0.037123 
38.174000 -0.037192 
38.175000 -0.037259 
38.176000 -0.037327 
38.177000 -0.037394 
38.178000 -0.037460 
38.179000 -0.037526 
38.180000 -0.037591 
38.181000 -0.037656 
38.182000 -0.037720 
38.183000 -0.037784 
38.184000 -0.037848 
38.185000 -0.037911 
38.186000 -0.037973 
38.187000 -0.038035 
38.188000 -0.038097 
38.189000 -0.038158 
38.190000 -0.038219 
38.191000 -0.038280 
38.192000 -0.038339 
38.193000 -0.038399 
38.194000 -0.038458 
38.195000 -0.038517 
38.196000 -0.038575 
38.197000 -0.038633 
38.198000 -0.038691 
38.199000 -0.038748 
38.200000 -0.038804 
38.201000 -0.038861 
38.202000 -0.038917 
38.203000 -0.038972 
38.204000 -0.039027 
38.205000 -0.039082 
38.206000 -0.039136 
38.207000 -0.039190 
38.208000 -0.039244 
38.209000 -0.039297 
38.210000 -0.039350 
38.211000 -0.039402 
38.212000 -0.039455 
38.213000 -0.039506 
38.214000 -0.039558 
38.215000 -0.039608 
38.216000 -0.039659 
38.217000 -0.039709 
38.218000 -0.039759 
38.219000 -0.039808 
38.220000 -0.039858 
38.221000 -0.039906 
38.222000 -0.039955 
38.223000 -0.040002 
38.224000 -0.040050 
38.225000 -0.040097 
38.226000 -0.040144 
38.227000 -0.040190 
38.228000 -0.040236 
38.229000 -0.040281 
38.230000 -0.040326 
38.231000 -0.040369 
38.232000 -0.040412 
38.233000 -0.040460 
38.234000 -0.040509 
38.235000 -0.040557 
38.236000 -0.040605 
38.237000 -0.040652 
38.238000 -0.040699 
38.239000 -0.040745 
38.240000 -0.040790 
38.241000 -0.040834 
38.242000 -0.040878 
38.243000 -0.040922 
38.244000 -0.040965 
38.245000 -0.041007 
38.246000 -0.041050 
38.247000 -0.041091 
38.248000 -0.041133 
38.249000 -0.041173 
38.250000 -0.041214 
38.251000 -0.041253 
38.252000 -0.041293 
38.253000 -0.041332 
38.254000 -0.041370 
38.255000 -0.041408 
38.256000 -0.041446 
38.257000 -0.041483 
38.258000 -0.041519 
38.259000 -0.041556 
38.260000 -0.041591 
38.261000 -0.041626 
38.262000 -0.041661 
38.263000 -0.041696 
38.264000 -0.041729 
38.265000 -0.041763 
38.266000 -0.041796 
38.267000 -0.041828 
38.268000 -0.041860 
38.269000 -0.041892 
38.270000 -0.041923 
38.271000 -0.041954 
38.272000 -0.041984 
38.273000 -0.042014 
38.274000 -0.042043 
38.275000 -0.042072 
38.276000 -0.042100 
38.277000 -0.042128 
38.278000 -0.042155 
38.279000 -0.042183 
38.280000 -0.042209 
38.281000 -0.042235 
38.282000 -0.042261 
38.283000 -0.042286 
38.284000 -0.042311 
38.285000 -0.042335 
38.286000 -0.042359 
38.287000 -0.042382 
38.288000 -0.042405 
38.289000 -0.042428 
38.290000 -0.042450 
38.291000 -0.042472 
38.292000 -0.042493 
38.293000 -0.042514 
38.294000 -0.042534 
38.295000 -0.042554 
38.296000 -0.042573 
38.297000 -0.042592 
38.298000 -0.042611 
38.299000 -0.042629 
38.300000 -0.042647 
38.301000 -0.042664 
38.302000 -0.042681 
38.303000 -0.042698 
38.304000 -0.042714 
38.305000 -0.042729 
38.306000 -0.042744 
38.307000 -0.042759 
38.308000 -0.042773 
38.309000 -0.042787 
38.310000 -0.042800 
38.311000 -0.042813 
38.312000 -0.042826 
38.313000 -0.042838 
38.314000 -0.042850 
38.315000 -0.042862 
38.316000 -0.042873 
38.317000 -0.042883 
38.318000 -0.042894 
38.319000 -0.042904 
38.320000 -0.042913 
38.321000 -0.042922 
38.322000 -0.042931 
38.323000 -0.042939 
38.324000 -0.042947 
38.325000 -0.042955 
38.326000 -0.042962 
38.327000 -0.042969 
38.328000 -0.042975 
38.329000 -0.042981 
38.330000 -0.042987 
38.331000 -0.042992 
38.332000 -0.042997 
38.333000 -0.043002 
38.334000 -0.043006 
38.335000 -0.043010 
38.336000 -0.043014 
38.337000 -0.043017 
38.338000 -0.043020 
38.339000 -0.043023 
38.340000 -0.043025 
38.341000 -0.043027 
38.342000 -0.043029 
38.343000 -0.043030 
38.344000 -0.043031 
38.345000 -0.043032 
38.346000 -0.043033 
38.347000 -0.043033 
38.348000 -0.043032 
38.349000 -0.043032 
38.350000 -0.043031 
38.351000 -0.043030 
38.352000 -0.043029 
38.353000 -0.043028 
38.354000 -0.043026 
38.355000 -0.043024 
38.356000 -0.043022 
38.357000 -0.043019 
38.358000 -0.043016 
38.359000 -0.043012 
38.360000 -0.043009 
38.361000 -0.043005 
38.362000 -0.043001 
38.363000 -0.042996 
38.364000 -0.042992 
38.365000 -0.042987 
38.366000 -0.042982 
38.367000 -0.042976 
38.368000 -0.042971 
38.369000 -0.042965 
38.370000 -0.042959 
38.371000 -0.042952 
38.372000 -0.042946 
38.373000 -0.042939 
38.374000 -0.042932 
38.375000 -0.042925 
38.376000 -0.042918 
38.377000 -0.042910 
38.378000 -0.042902 
38.379000 -0.042894 
38.380000 -0.042886 
38.381000 -0.042878 
38.382000 -0.042870 
38.383000 -0.042861 
38.384000 -0.042852 
38.385000 -0.042843 
38.386000 -0.042834 
38.387000 -0.042825 
38.388000 -0.042815 
38.389000 -0.042805 
38.390000 -0.042796 
38.391000 -0.042786 
38.392000 -0.042775 
38.393000 -0.042765 
38.394000 -0.042755 
38.395000 -0.042744 
38.396000 -0.042733 
38.397000 -0.042723 
38.398000 -0.042712 
38.399000 -0.042700 
38.400000 -0.042689 
38.401000 -0.042678 
38.402000 -0.042666 
38.403000 -0.042655 
38.404000 -0.042643 
38.405000 -0.042631 
38.406000 -0.042619 
38.407000 -0.042607 
38.408000 -0.042594 
38.409000 -0.042582 
38.410000 -0.042569 
38.411000 -0.042557 
38.412000 -0.042544 
38.413000 -0.042531 
38.414000 -0.042518 
38.415000 -0.042505 
38.416000 -0.042491 
38.417000 -0.042478 
38.418000 -0.042465 
38.419000 -0.042451 
38.420000 -0.042437 
38.421000 -0.042423 
38.422000 -0.042409 
38.423000 -0.042395 
38.424000 -0.042381 
38.425000 -0.042367 
38.426000 -0.042352 
38.427000 -0.042338 
38.428000 -0.042323 
38.429000 -0.042308 
38.430000 -0.042293 
38.431000 -0.042278 
38.432000 -0.042263 
38.433000 -0.042248 
38.434000 -0.042233 
38.435000 -0.042217 
38.436000 -0.042202 
38.437000 -0.042186 
38.438000 -0.042170 
38.439000 -0.042154 
38.440000 -0.042138 
38.441000 -0.042122 
38.442000 -0.042105 
38.443000 -0.042089 
38.444000 -0.042072 
38.445000 -0.042056 
38.446000 -0.042039 
38.447000 -0.042022 
38.448000 -0.042005 
38.449000 -0.041985 
38.450000 -0.041965 
38.451000 -0.041945 
38.452000 -0.041925 
38.453000 -0.041905 
38.454000 -0.041885 
38.455000 -0.041865 
38.456000 -0.041845 
38.457000 -0.041825 
38.458000 -0.041805 
38.459000 -0.041785 
38.460000 -0.041764 
38.461000 -0.041743 
38.462000 -0.041722 
38.463000 -0.041701 
38.464000 -0.041680 
38.465000 -0.041658 
38.466000 -0.041637 
38.467000 -0.041615 
38.468000 -0.041593 
38.469000 -0.041571 
38.470000 -0.041548 
38.471000 -0.041525 
38.472000 -0.041503 
38.473000 -0.041480 
38.474000 -0.041456 
38.475000 -0.041433 
38.476000 -0.041409 
38.477000 -0.041386 
38.478000 -0.041362 
38.479000 -0.041337 
38.480000 -0.041313 
38.481000 -0.041288 
38.482000 -0.041263 
38.483000 -0.041238 
38.484000 -0.041213 
38.485000 -0.041187 
38.486000 -0.041162 
38.487000 -0.041136 
38.488000 -0.041109 
38.489000 -0.041083 
38.490000 -0.041056 
38.491000 -0.041029 
38.492000 -0.041002 
38.493000 -0.040975 
38.494000 -0.040947 
38.495000 -0.040919 
38.496000 -0.040891 
38.497000 -0.040862 
38.498000 -0.040833 
38.499000 -0.040804 
38.500000 -0.040775 
38.501000 -0.040745 
38.502000 -0.040716 
38.503000 -0.040685 
38.504000 -0.040655 
38.505000 -0.040624 
38.506000 -0.040593 
38.507000 -0.040562 
38.508000 -0.040531 
38.509000 -0.040499 
38.510000 -0.040467 
38.511000 -0.040434 
38.512000 -0.040401 
38.513000 -0.040368 
38.514000 -0.040335 
38.515000 -0.040301 
38.516000 -0.040267 
38.517000 -0.040233 
38.518000 -0.040198 
38.519000 -0.040163 
38.520000 -0.040128 
38.521000 -0.040092 
38.522000 -0.040056 
38.523000 -0.040019 
38.524000 -0.039983 
38.525000 -0.039946 
38.526000 -0.039908 
38.527000 -0.039870 
38.528000 -0.039832 
38.529000 -0.039794 
38.530000 -0.039755 
38.531000 -0.039715 
38.532000 -0.039676 
38.533000 -0.039635 
38.534000 -0.039595 
38.535000 -0.039554 
38.536000 -0.039513 
38.537000 -0.039471 
38.538000 -0.039429 
38.539000 -0.039386 
38.540000 -0.039343 
38.541000 -0.039299 
38.542000 -0.039255 
38.543000 -0.039211 
38.544000 -0.039166 
38.545000 -0.039121 
38.546000 -0.039075 
38.547000 -0.039029 
38.548000 -0.038982 
38.549000 -0.038934 
38.550000 -0.038887 
38.551000 -0.038838 
38.552000 -0.038789 
38.553000 -0.038740 
38.554000 -0.038690 
38.555000 -0.038639 
38.556000 -0.038588 
38.557000 -0.038536 
38.558000 -0.038484 
38.559000 -0.038431 
38.560000 -0.038378 
38.561000 -0.038323 
38.562000 -0.038268 
38.563000 -0.038213 
38.564000 -0.038157 
38.565000 -0.038100 
38.566000 -0.038042 
38.567000 -0.037984 
38.568000 -0.037924 
38.569000 -0.037864 
38.570000 -0.037804 
38.571000 -0.037742 
38.572000 -0.037680 
38.573000 -0.037617 
38.574000 -0.037552 
38.575000 -0.037487 
38.576000 -0.037422 
38.577000 -0.037355 
38.578000 -0.037287 
38.579000 -0.037218 
38.580000 -0.037148 
38.581000 -0.037078 
38.582000 -0.037007 
38.583000 -0.036937 
38.584000 -0.036867 
38.585000 -0.036797 
38.586000 -0.036727 
38.587000 -0.036657 
38.588000 -0.036587 
38.589000 -0.036517 
38.590000 -0.036447 
38.591000 -0.036377 
38.592000 -0.036308 
38.593000 -0.036238 
38.594000 -0.036168 
38.595000 -0.036098 
38.596000 -0.036028 
38.597000 -0.035959 
38.598000 -0.035889 
38.599000 -0.035819 
38.600000 -0.035749 
38.601000 -0.035679 
38.602000 -0.035609 
38.603000 -0.035539 
38.604000 -0.035469 
38.605000 -0.035399 
38.606000 -0.035328 
38.607000 -0.035258 
38.608000 -0.035187 
38.609000 -0.035117 
38.610000 -0.035046 
38.611000 -0.034975 
38.612000 -0.034904 
38.613000 -0.034833 
38.614000 -0.034762 
38.615000 -0.034690 
38.616000 -0.034619 
38.617000 -0.034547 
38.618000 -0.034475 
38.619000 -0.034403 
38.620000 -0.034330 
38.621000 -0.034258 
38.622000 -0.034185 
38.623000 -0.034112 
38.624000 -0.034039 
38.625000 -0.033965 
38.626000 -0.033891 
38.627000 -0.033817 
38.628000 -0.033743 
38.629000 -0.033668 
38.630000 -0.033593 
38.631000 -0.033510 
38.632000 -0.033425 
38.633000 -0.033340 
38.634000 -0.033254 
38.635000 -0.033169 
38.636000 -0.033085 
38.637000 -0.033002 
38.638000 -0.032918 
38.639000 -0.032834 
38.640000 -0.032750 
38.641000 -0.032666 
38.642000 -0.032581 
38.643000 -0.032496 
38.644000 -0.032411 
38.645000 -0.032325 
38.646000 -0.032239 
38.647000 -0.032153 
38.648000 -0.032067 
38.649000 -0.031980 
38.650000 -0.031893 
38.651000 -0.031805 
38.652000 -0.031717 
38.653000 -0.031628 
38.654000 -0.031539 
38.655000 -0.031450 
38.656000 -0.031360 
38.657000 -0.031269 
38.658000 -0.031178 
38.659000 -0.031086 
38.660000 -0.030993 
38.661000 -0.030900 
38.662000 -0.030806 
38.663000 -0.030711 
38.664000 -0.030616 
38.665000 -0.030520 
38.666000 -0.030422 
38.667000 -0.030324 
38.668000 -0.030225 
38.669000 -0.030124 
38.670000 -0.030023 
38.671000 -0.029920 
38.672000 -0.029816 
38.673000 -0.029711 
38.674000 -0.029605 
38.675000 -0.029497 
38.676000 -0.029387 
38.677000 -0.029276 
38.678000 -0.029163 
38.679000 -0.029049 
38.680000 -0.028932 
38.681000 -0.028814 
38.682000 -0.028694 
38.683000 -0.028571 
38.684000 -0.028448 
38.685000 -0.028327 
38.686000 -0.028206 
38.687000 -0.028086 
38.688000 -0.027968 
38.689000 -0.027850 
38.690000 -0.027734 
38.691000 -0.027618 
38.692000 -0.027503 
38.693000 -0.027389 
38.694000 -0.027275 
38.695000 -0.027163 
38.696000 -0.027050 
38.697000 -0.026939 
38.698000 -0.026827 
38.699000 -0.026717 
38.700000 -0.026606 
38.701000 -0.026496 
38.702000 -0.026386 
38.703000 -0.026277 
38.704000 -0.026168 
38.705000 -0.026059 
38.706000 -0.025950 
38.707000 -0.025841 
38.708000 -0.025732 
38.709000 -0.025624 
38.710000 -0.025515 
38.711000 -0.025406 
38.712000 -0.025298 
38.713000 -0.025189 
38.714000 -0.025080 
38.715000 -0.024972 
38.716000 -0.024855 
38.717000 -0.024732 
38.718000 -0.024609 
38.719000 -0.024486 
38.720000 -0.024364 
38.721000 -0.024245 
38.722000 -0.024126 
38.723000 -0.024007 
38.724000 -0.023888 
38.725000 -0.023769 
38.726000 -0.023650 
38.727000 -0.023531 
38.728000 -0.023411 
38.729000 -0.023292 
38.730000 -0.023172 
38.731000 -0.023051 
38.732000 -0.022930 
38.733000 -0.022809 
38.734000 -0.022687 
38.735000 -0.022564 
38.736000 -0.022441 
38.737000 -0.022316 
38.738000 -0.022191 
38.739000 -0.022065 
38.740000 -0.021938 
38.741000 -0.021810 
38.742000 -0.021680 
38.743000 -0.021549 
38.744000 -0.021416 
38.745000 -0.021282 
38.746000 -0.021146 
38.747000 -0.021008 
38.748000 -0.020868 
38.749000 -0.020726 
38.750000 -0.020581 
38.751000 -0.020434 
38.752000 -0.020284 
38.753000 -0.020131 
38.754000 -0.019975 
38.755000 -0.019819 
38.756000 -0.019666 
38.757000 -0.019515 
38.758000 -0.019366 
38.759000 -0.019218 
38.760000 -0.019072 
38.761000 -0.018928 
38.762000 -0.018785 
38.763000 -0.018644 
38.764000 -0.018503 
38.765000 -0.018364 
38.766000 -0.018225 
38.767000 -0.018088 
38.768000 -0.017951 
38.769000 -0.017815 
38.770000 -0.017679 
38.771000 -0.017544 
38.772000 -0.017410 
38.773000 -0.017275 
38.774000 -0.017141 
38.775000 -0.017008 
38.776000 -0.016874 
38.777000 -0.016740 
38.778000 -0.016607 
38.779000 -0.016473 
38.780000 -0.016338 
38.781000 -0.016188 
38.782000 -0.016037 
38.783000 -0.015886 
38.784000 -0.015735 
38.785000 -0.015590 
38.786000 -0.015444 
38.787000 -0.015299 
38.788000 -0.015153 
38.789000 -0.015007 
38.790000 -0.014861 
38.791000 -0.014715 
38.792000 -0.014568 
38.793000 -0.014421 
38.794000 -0.014273 
38.795000 -0.014124 
38.796000 -0.013974 
38.797000 -0.013823 
38.798000 -0.013671 
38.799000 -0.013517 
38.800000 -0.013362 
38.801000 -0.013205 
38.802000 -0.013046 
38.803000 -0.012885 
38.804000 -0.012721 
38.805000 -0.012555 
38.806000 -0.012386 
38.807000 -0.012213 
38.808000 -0.012038 
38.809000 -0.011858 
38.810000 -0.011674 
38.811000 -0.011486 
38.812000 -0.011295 
38.813000 -0.011107 
38.814000 -0.010923 
38.815000 -0.010741 
38.816000 -0.010562 
38.817000 -0.010385 
38.818000 -0.010210 
38.819000 -0.010037 
38.820000 -0.009866 
38.821000 -0.009697 
38.822000 -0.009528 
38.823000 -0.009361 
38.824000 -0.009195 
38.825000 -0.009030 
38.826000 -0.008866 
38.827000 -0.008702 
38.828000 -0.008538 
38.829000 -0.008375 
38.830000 -0.008212 
38.831000 -0.008049 
38.832000 -0.007886 
38.833000 -0.007724 
38.834000 -0.007541 
38.835000 -0.007358 
38.836000 -0.007175 
38.837000 -0.006992 
38.838000 -0.006815 
38.839000 -0.006638 
38.840000 -0.006461 
38.841000 -0.006284 
38.842000 -0.006107 
38.843000 -0.005929 
38.844000 -0.005750 
38.845000 -0.005570 
38.846000 -0.005389 
38.847000 -0.005206 
38.848000 -0.005022 
38.849000 -0.004836 
38.850000 -0.004647 
38.851000 -0.004456 
38.852000 -0.004262 
38.853000 -0.004064 
38.854000 -0.003863 
38.855000 -0.003657 
38.856000 -0.003447 
38.857000 -0.003231 
38.858000 -0.003010 
38.859000 -0.002784 
38.860000 -0.002559 
38.861000 -0.002340 
38.862000 -0.002125 
38.863000 -0.001914 
38.864000 -0.001706 
38.865000 -0.001501 
38.866000 -0.001300 
38.867000 -0.001100 
38.868000 -0.000903 
38.869000 -0.000708 
38.870000 -0.000514 
38.871000 -0.000321 
38.872000 -0.000129 
38.873000 0.000062 
38.874000 0.000252 
38.875000 0.000442 
38.876000 0.000631 
38.877000 0.000819 
38.878000 0.001017 
38.879000 0.001229 
38.880000 0.001440 
38.881000 0.001652 
38.882000 0.001861 
38.883000 0.002065 
38.884000 0.002269 
38.885000 0.002473 
38.886000 0.002677 
38.887000 0.002882 
38.888000 0.003088 
38.889000 0.003296 
38.890000 0.003505 
38.891000 0.003717 
38.892000 0.003931 
38.893000 0.004148 
38.894000 0.004368 
38.895000 0.004593 
38.896000 0.004822 
38.897000 0.005057 
38.898000 0.005298 
38.899000 0.005545 
38.900000 0.005799 
38.901000 0.006049 
38.902000 0.006293 
38.903000 0.006532 
38.904000 0.006765 
38.905000 0.006994 
38.906000 0.007220 
38.907000 0.007442 
38.908000 0.007661 
38.909000 0.007877 
38.910000 0.008092 
38.911000 0.008304 
38.912000 0.008516 
38.913000 0.008726 
38.914000 0.008935 
38.915000 0.009144 
38.916000 0.009351 
38.917000 0.009559 
38.918000 0.009791 
38.919000 0.010022 
38.920000 0.010254 
38.921000 0.010486 
38.922000 0.010710 
38.923000 0.010933 
38.924000 0.011156 
38.925000 0.011379 
38.926000 0.011604 
38.927000 0.011829 
38.928000 0.012057 
38.929000 0.012286 
38.930000 0.012519 
38.931000 0.012755 
38.932000 0.012995 
38.933000 0.013239 
38.934000 0.013489 
38.935000 0.013746 
38.936000 0.014009 
38.937000 0.014281 
38.938000 0.014553 
38.939000 0.014817 
38.940000 0.015075 
38.941000 0.015327 
38.942000 0.015573 
38.943000 0.015815 
38.944000 0.016053 
38.945000 0.016287 
38.946000 0.016519 
38.947000 0.016749 
38.948000 0.016976 
38.949000 0.017203 
38.950000 0.017428 
38.951000 0.017651 
38.952000 0.017873 
38.953000 0.018094 
38.954000 0.018337 
38.955000 0.018585 
38.956000 0.018832 
38.957000 0.019081 
38.958000 0.019324 
38.959000 0.019563 
38.960000 0.019802 
38.961000 0.020042 
38.962000 0.020282 
38.963000 0.020525 
38.964000 0.020770 
38.965000 0.021017 
38.966000 0.021269 
38.967000 0.021524 
38.968000 0.021785 
38.969000 0.022052 
38.970000 0.022326 
38.971000 0.022608 
38.972000 0.022899 
38.973000 0.023188 
38.974000 0.023468 
38.975000 0.023741 
38.976000 0.024007 
38.977000 0.024268 
38.978000 0.024524 
38.979000 0.024775 
38.980000 0.025024 
38.981000 0.025270 
38.982000 0.025513 
38.983000 0.025755 
38.984000 0.025995 
38.985000 0.026233 
38.986000 0.026470 
38.987000 0.026706 
38.988000 0.026965 
38.989000 0.027229 
38.990000 0.027493 
38.991000 0.027758 
38.992000 0.028019 
38.993000 0.028274 
38.994000 0.028530 
38.995000 0.028787 
38.996000 0.029046 
38.997000 0.029307 
38.998000 0.029572 
38.999000 0.029840 
39.000000 0.030113 
39.001000 0.030391 
39.002000 0.030677 
39.003000 0.030971 
39.004000 0.031274 
39.005000 0.031585 
39.006000 0.031888 
39.007000 0.032182 
39.008000 0.032467 
39.009000 0.032746 
39.010000 0.033020 
39.011000 0.033288 
39.012000 0.033552 
39.013000 0.033813 
39.014000 0.034072 
39.015000 0.034328 
39.016000 0.034582 
39.017000 0.034834 
39.018000 0.035084 
39.019000 0.035333 
39.020000 0.035607 
39.021000 0.035885 
39.022000 0.036164 
39.023000 0.036444 
39.024000 0.036721 
39.025000 0.036991 
39.026000 0.037262 
39.027000 0.037534 
39.028000 0.037809 
39.029000 0.038086 
39.030000 0.038368 
39.031000 0.038654 
39.032000 0.038946 
39.033000 0.039245 
39.034000 0.039552 
39.035000 0.039870 
39.036000 0.040194 
39.037000 0.040508 
39.038000 0.040813 
39.039000 0.041109 
39.040000 0.041397 
39.041000 0.041679 
39.042000 0.041956 
39.043000 0.042229 
39.044000 0.042499 
39.045000 0.042765 
39.046000 0.043029 
39.047000 0.043290 
39.048000 0.043549 
39.049000 0.043807 
39.050000 0.044074 
39.051000 0.044360 
39.052000 0.044646 
39.053000 0.044933 
39.054000 0.045222 
39.055000 0.045504 
39.056000 0.045782 
39.057000 0.046062 
39.058000 0.046344 
39.059000 0.046629 
39.060000 0.046917 
39.061000 0.047209 
39.062000 0.047508 
39.063000 0.047813 
39.064000 0.048126 
39.065000 0.048450 
39.066000 0.048780 
39.067000 0.049099 
39.068000 0.049407 
39.069000 0.049707 
39.070000 0.049999 
39.071000 0.050284 
39.072000 0.050565 
39.073000 0.050840 
39.074000 0.051112 
39.075000 0.051381 
39.076000 0.051647 
39.077000 0.051910 
39.078000 0.052171 
39.079000 0.052430 
39.080000 0.052704 
39.081000 0.052992 
39.082000 0.053280 
39.083000 0.053569 
39.084000 0.053861 
39.085000 0.054143 
39.086000 0.054424 
39.087000 0.054707 
39.088000 0.054991 
39.089000 0.055278 
39.090000 0.055568 
39.091000 0.055864 
39.092000 0.056165 
39.093000 0.056473 
39.094000 0.056789 
39.095000 0.057115 
39.096000 0.057443 
39.097000 0.057758 
39.098000 0.058063 
39.099000 0.058360 
39.100000 0.058649 
39.101000 0.058932 
39.102000 0.059209 
39.103000 0.059483 
39.104000 0.059752 
39.105000 0.060018 
39.106000 0.060281 
39.107000 0.060541 
39.108000 0.060799 
39.109000 0.061054 
39.110000 0.061331 
39.111000 0.061615 
39.112000 0.061900 
39.113000 0.062186 
39.114000 0.062474 
39.115000 0.062752 
39.116000 0.063030 
39.117000 0.063309 
39.118000 0.063590 
39.119000 0.063873 
39.120000 0.064159 
39.121000 0.064450 
39.122000 0.064746 
39.123000 0.065048 
39.124000 0.065358 
39.125000 0.065676 
39.126000 0.065937 
39.127000 0.066169 
39.128000 0.066384 
39.129000 0.066582 
39.130000 0.066764 
39.131000 0.066934 
39.132000 0.067091 
39.133000 0.067237 
39.134000 0.067372 
39.135000 0.067497 
39.136000 0.067612 
39.137000 0.067717 
39.138000 0.067813 
39.139000 0.067902 
39.140000 0.067982 
39.141000 0.068057 
39.142000 0.068128 
39.143000 0.068196 
39.144000 0.068263 
39.145000 0.068328 
39.146000 0.068390 
39.147000 0.068451 
39.148000 0.068511 
39.149000 0.068571 
39.150000 0.068631 
39.151000 0.068692 
39.152000 0.074286 
39.153000 0.074286 
39.154000 0.074286 
39.155000 0.074286 
39.156000 0.074286 
39.157000 0.074286 
39.158000 0.074286 
39.159000 0.074286 
39.160000 0.074286 
39.161000 0.074286 
39.162000 0.074286 
39.163000 0.074286 
39.164000 0.074286 
39.165000 0.074286 
39.166000 0.074286 
39.167000 0.074286 
39.168000 0.074286 
39.169000 0.074286 
39.170000 0.074286 
39.171000 0.074286 
39.172000 0.074286 
39.173000 0.074286 
39.174000 0.074286 
39.175000 0.074286 
39.176000 0.074286 
39.177000 0.074286 
39.178000 0.074286 
39.179000 0.074286 
39.180000 0.074286 
39.181000 0.074286 
39.182000 0.080702 
39.183000 0.080911 
39.184000 0.081124 
39.185000 0.081340 
39.186000 0.081559 
39.187000 0.081782 
39.188000 0.082010 
39.189000 0.082243 
39.190000 0.082481 
39.191000 0.082725 
39.192000 0.082978 
39.193000 0.083228 
39.194000 0.083470 
39.195000 0.083705 
39.196000 0.083933 
39.197000 0.084154 
39.198000 0.084371 
39.199000 0.084582 
39.200000 0.084789 
39.201000 0.084993 
39.202000 0.085192 
39.203000 0.085389 
39.204000 0.085582 
39.205000 0.085772 
39.206000 0.085958 
39.207000 0.086141 
39.208000 0.086323 
39.209000 0.086502 
39.210000 0.086678 
39.211000 0.086871 
39.212000 0.087063 
39.213000 0.087255 
39.214000 0.087446 
39.215000 0.087637 
39.216000 0.087822 
39.217000 0.088005 
39.218000 0.088186 
39.219000 0.088365 
39.220000 0.088543 
39.221000 0.088719 
39.222000 0.088894 
39.223000 0.089068 
39.224000 0.089240 
39.225000 0.089410 
39.226000 0.089580 
39.227000 0.089749 
39.228000 0.089917 
39.229000 0.090084 
39.230000 0.090251 
39.231000 0.090417 
39.232000 0.090583 
39.233000 0.090748 
39.234000 0.090913 
39.235000 0.091078 
39.236000 0.091243 
39.237000 0.091408 
39.238000 0.091570 
39.239000 0.091727 
39.240000 0.091878 
39.241000 0.092023 
39.242000 0.092164 
39.243000 0.092299 
39.244000 0.092430 
39.245000 0.092557 
39.246000 0.092680 
39.247000 0.092798 
39.248000 0.092913 
39.249000 0.093024 
39.250000 0.093131 
39.251000 0.093235 
39.252000 0.093335 
39.253000 0.093432 
39.254000 0.093525 
39.255000 0.093615 
39.256000 0.093702 
39.257000 0.093786 
39.258000 0.093866 
39.259000 0.093944 
39.260000 0.094018 
39.261000 0.094089 
39.262000 0.094157 
39.263000 0.094222 
39.264000 0.094284 
39.265000 0.094343 
39.266000 0.094399 
39.267000 0.094451 
39.268000 0.094501 
39.269000 0.094547 
39.270000 0.094590 
39.271000 0.094630 
39.272000 0.094668 
39.273000 0.094702 
39.274000 0.094733 
39.275000 0.094761 
39.276000 0.094786 
39.277000 0.094808 
39.278000 0.094828 
39.279000 0.094845 
39.280000 0.094859 
39.281000 0.094871 
39.282000 0.094880 
39.283000 0.094886 
39.284000 0.094888 
39.285000 0.094886 
39.286000 0.094880 
39.287000 0.094869 
39.288000 0.094855 
39.289000 0.094839 
39.290000 0.094821 
39.291000 0.094801 
39.292000 0.094779 
39.293000 0.094755 
39.294000 0.094728 
39.295000 0.094698 
39.296000 0.094663 
39.297000 0.094625 
39.298000 0.094583 
39.299000 0.094537 
39.300000 0.094487 
39.301000 0.094434 
39.302000 0.094378 
39.303000 0.094318 
39.304000 0.094254 
39.305000 0.094187 
39.306000 0.094117 
39.307000 0.094043 
39.308000 0.093966 
39.309000 0.093885 
39.310000 0.093800 
39.311000 0.093712 
39.312000 0.093621 
39.313000 0.093526 
39.314000 0.093427 
39.315000 0.093324 
39.316000 0.093217 
39.317000 0.093106 
39.318000 0.092992 
39.319000 0.092873 
39.320000 0.092750 
39.321000 0.092622 
39.322000 0.092490 
39.323000 0.092352 
39.324000 0.092210 
39.325000 0.092062 
39.326000 0.091909 
39.327000 0.091750 
39.328000 0.091585 
39.329000 0.091413 
39.330000 0.091238 
39.331000 0.091063 
39.332000 0.090888 
39.333000 0.090713 
39.334000 0.090537 
39.335000 0.090361 
39.336000 0.090185 
39.337000 0.090008 
39.338000 0.089830 
39.339000 0.089651 
39.340000 0.089471 
39.341000 0.089290 
39.342000 0.089107 
39.343000 0.088923 
39.344000 0.088737 
39.345000 0.088550 
39.346000 0.088361 
39.347000 0.088169 
39.348000 0.087975 
39.349000 0.087778 
39.350000 0.087563 
39.351000 0.087337 
39.352000 0.087110 
39.353000 0.086879 
39.354000 0.086645 
39.355000 0.086411 
39.356000 0.086176 
39.357000 0.085940 
39.358000 0.085702 
39.359000 0.085460 
39.360000 0.085214 
39.361000 0.084964 
39.362000 0.084710 
39.363000 0.084451 
39.364000 0.084186 
39.365000 0.083914 
39.366000 0.083633 
39.367000 0.083343 
39.368000 0.083043 
39.369000 0.082734 
39.370000 0.082434 
39.371000 0.082143 
39.372000 0.081861 
39.373000 0.081585 
39.374000 0.081316 
39.375000 0.081051 
39.376000 0.080790 
39.377000 0.080533 
39.378000 0.080275 
39.379000 0.080018 
39.380000 0.074286 
39.381000 0.074286 
39.382000 0.074286 
39.383000 0.074286 
39.384000 0.074286 
39.385000 0.074286 
39.386000 0.074286 
39.387000 0.074286 
39.388000 0.074286 
39.389000 0.074286 
39.390000 0.074286 
39.391000 0.074286 
39.392000 0.074286 
39.393000 0.074286 
39.394000 0.074286 
39.395000 0.074286 
39.396000 0.074286 
39.397000 0.074286 
39.398000 0.074286 
39.399000 0.074286 
39.400000 0.068610 
39.401000 0.068506 
39.402000 0.068405 
39.403000 0.068304 
39.404000 0.068204 
39.405000 0.068104 
39.406000 0.068002 
39.407000 0.067897 
39.408000 0.067788 
39.409000 0.067663 
39.410000 0.067531 
39.411000 0.067387 
39.412000 0.067229 
39.413000 0.067055 
39.414000 0.066870 
39.415000 0.066671 
39.416000 0.066449 
39.417000 0.066202 
39.418000 0.065925 
39.419000 0.065575 
39.420000 0.065139 
39.421000 0.064722 
39.422000 0.064319 
39.423000 0.063926 
39.424000 0.063540 
39.425000 0.063159 
39.426000 0.062780 
39.427000 0.062400 
39.428000 0.062018 
39.429000 0.061635 
39.430000 0.061251 
39.431000 0.060811 
39.432000 0.060377 
39.433000 0.059943 
39.434000 0.059506 
39.435000 0.059065 
39.436000 0.058629 
39.437000 0.058195 
39.438000 0.057747 
39.439000 0.057280 
39.440000 0.056804 
39.441000 0.056350 
39.442000 0.055915 
39.443000 0.055494 
39.444000 0.055082 
39.445000 0.054678 
39.446000 0.054277 
39.447000 0.053875 
39.448000 0.053471 
39.449000 0.053068 
39.450000 0.052666 
39.451000 0.052214 
39.452000 0.051758 
39.453000 0.051305 
39.454000 0.050849 
39.455000 0.050389 
39.456000 0.049928 
39.457000 0.049472 
39.458000 0.049002 
39.459000 0.048509 
39.460000 0.048025 
39.461000 0.047565 
39.462000 0.047122 
39.463000 0.046693 
39.464000 0.046272 
39.465000 0.045856 
39.466000 0.045440 
39.467000 0.045024 
39.468000 0.044609 
39.469000 0.044195 
39.470000 0.043756 
39.471000 0.043287 
39.472000 0.042823 
39.473000 0.042359 
39.474000 0.041889 
39.475000 0.041415 
39.476000 0.040945 
39.477000 0.040466 
39.478000 0.039965 
39.479000 0.039469 
39.480000 0.038998 
39.481000 0.038547 
39.482000 0.038109 
39.483000 0.037680 
39.484000 0.037254 
39.485000 0.036830 
39.486000 0.036407 
39.487000 0.035986 
39.488000 0.035567 
39.489000 0.035120 
39.490000 0.034646 
39.491000 0.034178 
39.492000 0.033709 
39.493000 0.033233 
39.494000 0.032753 
39.495000 0.032277 
39.496000 0.031789 
39.497000 0.031279 
39.498000 0.030785 
39.499000 0.030315 
39.500000 0.029864 
39.501000 0.029426 
39.502000 0.028996 
39.503000 0.028567 
39.504000 0.028141 
39.505000 0.027717 
39.506000 0.027295 
39.507000 0.026877 
39.508000 0.026414 
39.509000 0.025945 
39.510000 0.025478 
39.511000 0.025008 
39.512000 0.024532 
39.513000 0.024054 
39.514000 0.023578 
39.515000 0.023085 
39.516000 0.022577 
39.517000 0.022091 
39.518000 0.021629 
39.519000 0.021184 
39.520000 0.020750 
39.521000 0.020323 
39.522000 0.019898 
39.523000 0.019475 
39.524000 0.019055 
39.525000 0.018638 
39.526000 0.018226 
39.527000 0.017756 
39.528000 0.017297 
39.529000 0.016837 
39.530000 0.016373 
39.531000 0.015902 
39.532000 0.015434 
39.533000 0.014966 
39.534000 0.014479 
39.535000 0.013977 
39.536000 0.013501 
39.537000 0.013046 
39.538000 0.012608 
39.539000 0.012182 
39.540000 0.011763 
39.541000 0.011343 
39.542000 0.010927 
39.543000 0.010515 
39.544000 0.010107 
39.545000 0.009703 
39.546000 0.009245 
39.547000 0.008796 
39.548000 0.008348 
39.549000 0.007896 
39.550000 0.007438 
39.551000 0.006986 
39.552000 0.006534 
39.553000 0.006064 
39.554000 0.005574 
39.555000 0.005100 
39.556000 0.004648 
39.557000 0.004214 
39.558000 0.003792 
39.559000 0.003379 
39.560000 0.002968 
39.561000 0.002561 
39.562000 0.002158 
39.563000 0.001759 
39.564000 0.001365 
39.565000 0.000941 
39.566000 0.000504 
39.567000 0.000069 
39.568000 -0.000367 
39.569000 -0.000807 
39.570000 -0.001244 
39.571000 -0.001675 
39.572000 -0.002117 
39.573000 -0.002575 
39.574000 -0.003051 
39.575000 -0.003510 
39.576000 -0.003949 
39.577000 -0.004373 
39.578000 -0.004785 
39.579000 -0.005188 
39.580000 -0.005587 
39.581000 -0.005983 
39.582000 -0.006374 
39.583000 -0.006761 
39.584000 -0.007142 
39.585000 -0.007555 
39.586000 -0.007976 
39.587000 -0.008396 
39.588000 -0.008818 
39.589000 -0.009241 
39.590000 -0.009654 
39.591000 -0.010066 
39.592000 -0.010487 
39.593000 -0.010922 
39.594000 -0.011376 
39.595000 -0.011835 
39.596000 -0.012273 
39.597000 -0.012695 
39.598000 -0.013103 
39.599000 -0.013500 
39.600000 -0.013889 
39.601000 -0.014275 
39.602000 -0.014656 
39.603000 -0.015032 
39.604000 -0.015404 
39.605000 -0.015774 
39.606000 -0.016184 
39.607000 -0.016591 
39.608000 -0.016996 
39.609000 -0.017402 
39.610000 -0.017801 
39.611000 -0.018190 
39.612000 -0.018586 
39.613000 -0.018991 
39.614000 -0.019409 
39.615000 -0.019846 
39.616000 -0.020295 
39.617000 -0.020726 
39.618000 -0.021141 
39.619000 -0.021541 
39.620000 -0.021929 
39.621000 -0.022308 
39.622000 -0.022682 
39.623000 -0.023052 
39.624000 -0.023416 
39.625000 -0.023777 
39.626000 -0.024132 
39.627000 -0.024520 
39.628000 -0.024913 
39.629000 -0.025303 
39.630000 -0.025693 
39.631000 -0.026075 
39.632000 -0.026446 
39.633000 -0.026822 
39.634000 -0.027204 
39.635000 -0.027598 
39.636000 -0.028005 
39.637000 -0.028429 
39.638000 -0.028865 
39.639000 -0.029283 
39.640000 -0.029684 
39.641000 -0.030071 
39.642000 -0.030447 
39.643000 -0.030814 
39.644000 -0.031173 
39.645000 -0.031530 
39.646000 -0.031882 
39.647000 -0.032229 
39.648000 -0.032572 
39.649000 -0.032939 
39.650000 -0.033316 
39.651000 -0.033690 
39.652000 -0.034063 
39.653000 -0.034425 
39.654000 -0.034780 
39.655000 -0.035138 
39.656000 -0.035502 
39.657000 -0.035873 
39.658000 -0.036255 
39.659000 -0.036650 
39.660000 -0.037061 
39.661000 -0.037479 
39.662000 -0.037878 
39.663000 -0.038262 
39.664000 -0.038633 
39.665000 -0.038994 
39.666000 -0.039345 
39.667000 -0.039689 
39.668000 -0.040030 
39.669000 -0.040367 
39.670000 -0.040699 
39.671000 -0.041025 
39.672000 -0.041369 
39.673000 -0.041728 
39.674000 -0.042084 
39.675000 -0.042438 
39.676000 -0.042782 
39.677000 -0.043120 
39.678000 -0.043459 
39.679000 -0.043801 
39.680000 -0.044149 
39.681000 -0.044504 
39.682000 -0.044869 
39.683000 -0.045245 
39.684000 -0.045636 
39.685000 -0.046032 
39.686000 -0.046412 
39.687000 -0.046777 
39.688000 -0.047130 
39.689000 -0.047473 
39.690000 -0.047807 
39.691000 -0.048134 
39.692000 -0.048457 
39.693000 -0.048775 
39.694000 -0.049088 
39.695000 -0.049396 
39.696000 -0.049701 
39.697000 -0.050039 
39.698000 -0.050375 
39.699000 -0.050708 
39.700000 -0.051034 
39.701000 -0.051352 
39.702000 -0.051668 
39.703000 -0.051985 
39.704000 -0.052305 
39.705000 -0.052628 
39.706000 -0.052958 
39.707000 -0.053294 
39.708000 -0.053640 
39.709000 -0.053997 
39.710000 -0.054367 
39.711000 -0.054729 
39.712000 -0.055078 
39.713000 -0.055414 
39.714000 -0.055740 
39.715000 -0.056056 
39.716000 -0.056364 
39.717000 -0.056665 
39.718000 -0.056961 
39.719000 -0.057253 
39.720000 -0.057541 
39.721000 -0.057825 
39.722000 -0.058101 
39.723000 -0.058410 
39.724000 -0.058719 
39.725000 -0.059026 
39.726000 -0.059327 
39.727000 -0.059620 
39.728000 -0.059909 
39.729000 -0.060197 
39.730000 -0.060486 
39.731000 -0.060776 
39.732000 -0.061069 
39.733000 -0.061366 
39.734000 -0.061667 
39.735000 -0.061975 
39.736000 -0.062291 
39.737000 -0.062615 
39.738000 -0.062949 
39.739000 -0.063276 
39.740000 -0.063590 
39.741000 -0.063893 
39.742000 -0.064187 
39.743000 -0.064472 
39.744000 -0.064750 
39.745000 -0.065022 
39.746000 -0.065288 
39.747000 -0.065551 
39.748000 -0.065810 
39.749000 -0.066065 
39.750000 -0.066317 
39.751000 -0.066562 
39.752000 -0.066831 
39.753000 -0.067105 
39.754000 -0.067376 
39.755000 -0.067643 
39.756000 -0.067903 
39.757000 -0.068157 
39.758000 -0.068409 
39.759000 -0.068660 
39.760000 -0.068912 
39.761000 -0.069163 
39.762000 -0.069415 
39.763000 -0.069669 
39.764000 -0.069926 
39.765000 -0.070185 
39.766000 -0.070448 
39.767000 -0.070716 
39.768000 -0.070989 
39.769000 -0.071269 
39.770000 -0.071554 
39.771000 -0.071831 
39.772000 -0.072098 
39.773000 -0.072357 
39.774000 -0.072608 
39.775000 -0.072853 
39.776000 -0.073091 
39.777000 -0.073324 
39.778000 -0.073552 
39.779000 -0.073775 
39.780000 -0.073994 
39.781000 -0.074210 
39.782000 -0.074423 
39.783000 -0.074634 
39.784000 -0.074841 
39.785000 -0.075042 
39.786000 -0.075260 
39.787000 -0.075486 
39.788000 -0.075709 
39.789000 -0.075928 
39.790000 -0.076142 
39.791000 -0.076351 
39.792000 -0.076556 
39.793000 -0.076759 
39.794000 -0.076961 
39.795000 -0.077162 
39.796000 -0.077362 
39.797000 -0.077562 
39.798000 -0.077761 
39.799000 -0.077960 
39.800000 -0.078160 
39.801000 -0.078360 
39.802000 -0.078561 
39.803000 -0.078763 
39.804000 -0.078967 
39.805000 -0.079172 
39.806000 -0.079380 
39.807000 -0.079591 
39.808000 -0.079805 
39.809000 -0.080021 
39.810000 -0.080235 
39.811000 -0.080443 
39.812000 -0.080643 
39.813000 -0.080839 
39.814000 -0.081029 
39.815000 -0.081214 
39.816000 -0.081394 
39.817000 -0.081571 
39.818000 -0.081743 
39.819000 -0.081912 
39.820000 -0.082078 
39.821000 -0.082241 
39.822000 -0.082400 
39.823000 -0.082557 
39.824000 -0.082711 
39.825000 -0.082863 
39.826000 -0.083012 
39.827000 -0.083160 
39.828000 -0.083305 
39.829000 -0.083448 
39.830000 -0.083586 
39.831000 -0.083742 
39.832000 -0.083897 
39.833000 -0.084051 
39.834000 -0.084202 
39.835000 -0.084348 
39.836000 -0.084490 
39.837000 -0.084629 
39.838000 -0.084766 
39.839000 -0.084902 
39.840000 -0.085036 
39.841000 -0.085169 
39.842000 -0.085300 
39.843000 -0.085429 
39.844000 -0.085557 
39.845000 -0.085684 
39.846000 -0.085809 
39.847000 -0.085933 
39.848000 -0.086056 
39.849000 -0.086178 
39.850000 -0.086299 
39.851000 -0.086418 
39.852000 -0.086537 
39.853000 -0.086655 
39.854000 -0.086772 
39.855000 -0.086889 
39.856000 -0.087004 
39.857000 -0.087119 
39.858000 -0.087233 
39.859000 -0.087346 
39.860000 -0.087459 
39.861000 -0.087571 
39.862000 -0.087683 
39.863000 -0.087794 
39.864000 -0.087905 
39.865000 -0.088015 
39.866000 -0.088125 
39.867000 -0.088234 
39.868000 -0.088342 
39.869000 -0.088451 
39.870000 -0.088558 
39.871000 -0.088665 
39.872000 -0.088768 
39.873000 -0.088868 
39.874000 -0.088966 
39.875000 -0.089060 
39.876000 -0.089153 
39.877000 -0.089242 
39.878000 -0.089330 
39.879000 -0.089415 
39.880000 -0.089497 
39.881000 -0.089578 
39.882000 -0.089656 
39.883000 -0.089733 
39.884000 -0.089807 
39.885000 -0.089879 
39.886000 -0.089950 
39.887000 -0.090018 
39.888000 -0.090085 
39.889000 -0.090150 
39.890000 -0.090213 
39.891000 -0.090274 
39.892000 -0.090334 
39.893000 -0.090392 
39.894000 -0.090448 
39.895000 -0.090503 
39.896000 -0.090557 
39.897000 -0.090608 
39.898000 -0.090658 
39.899000 -0.090707 
39.900000 -0.090754 
39.901000 -0.090800 
39.902000 -0.090844 
39.903000 -0.090887 
39.904000 -0.090928 
39.905000 -0.090968 
39.906000 -0.091007 
39.907000 -0.091044 
39.908000 -0.091080 
39.909000 -0.091115 
39.910000 -0.091148 
39.911000 -0.091179 
39.912000 -0.091210 
39.913000 -0.091239 
39.914000 -0.091267 
39.915000 -0.091293 
39.916000 -0.091319 
39.917000 -0.091342 
39.918000 -0.091365 
39.919000 -0.091387 
39.920000 -0.091407 
39.921000 -0.091425 
39.922000 -0.091443 
39.923000 -0.091459 
39.924000 -0.091474 
39.925000 -0.091488 
39.926000 -0.091501 
39.927000 -0.091512 
39.928000 -0.091523 
39.929000 -0.091532 
39.930000 -0.091540 
39.931000 -0.091546 
39.932000 -0.091552 
39.933000 -0.091556 
39.934000 -0.091559 
39.935000 -0.091561 
39.936000 -0.091562 
39.937000 -0.091562 
39.938000 -0.091560 
39.939000 -0.091558 
39.940000 -0.091556 
39.941000 -0.091551 
39.942000 -0.091546 
39.943000 -0.091539 
39.944000 -0.091531 
39.945000 -0.091521 
39.946000 -0.091510 
39.947000 -0.091498 
39.948000 -0.091484 
39.949000 -0.091469 
39.950000 -0.091453 
39.951000 -0.091435 
39.952000 -0.091417 
39.953000 -0.091397 
39.954000 -0.091376 
39.955000 -0.091354 
39.956000 -0.091331 
39.957000 -0.091306 
39.958000 -0.091280 
39.959000 -0.091254 
39.960000 -0.091226 
39.961000 -0.091196 
39.962000 -0.091166 
39.963000 -0.091135 
39.964000 -0.091102 
39.965000 -0.091068 
39.966000 -0.091033 
39.967000 -0.090997 
39.968000 -0.090960 
39.969000 -0.090921 
39.970000 -0.090882 
39.971000 -0.090841 
39.972000 -0.090799 
39.973000 -0.090756 
39.974000 -0.090712 
39.975000 -0.090666 
39.976000 -0.090619 
39.977000 -0.090571 
39.978000 -0.090522 
39.979000 -0.090472 
39.980000 -0.090420 
39.981000 -0.090368 
39.982000 -0.090313 
39.983000 -0.090258 
39.984000 -0.090202 
39.985000 -0.090144 
39.986000 -0.090084 
39.987000 -0.090024 
39.988000 -0.089962 
39.989000 -0.089899 
39.990000 -0.089834 
39.991000 -0.089768 
39.992000 -0.089700 
39.993000 -0.089631 
39.994000 -0.089560 
39.995000 -0.089488 
39.996000 -0.089415 
39.997000 -0.089339 
39.998000 -0.089262 
39.999000 -0.089184 
40.000000 -0.089103 
40.001000 -0.089021 
40.002000 -0.088937 
40.003000 -0.088851 
40.004000 -0.088763 
40.005000 -0.088673 
40.006000 -0.088580 
40.007000 -0.088487 
40.008000 -0.088393 
40.009000 -0.088300 
40.010000 -0.088206 
40.011000 -0.088112 
40.012000 -0.088017 
40.013000 -0.087923 
40.014000 -0.087829 
40.015000 -0.087734 
40.016000 -0.087639 
40.017000 -0.087544 
40.018000 -0.087449 
40.019000 -0.087354 
40.020000 -0.087258 
40.021000 -0.087162 
40.022000 -0.087066 
40.023000 -0.086970 
40.024000 -0.086874 
40.025000 -0.086777 
40.026000 -0.086680 
40.027000 -0.086583 
40.028000 -0.086485 
40.029000 -0.086387 
40.030000 -0.086289 
40.031000 -0.086190 
40.032000 -0.086091 
40.033000 -0.085991 
40.034000 -0.085892 
40.035000 -0.085791 
40.036000 -0.085690 
40.037000 -0.085589 
40.038000 -0.085487 
40.039000 -0.085385 
40.040000 -0.085282 
40.041000 -0.085178 
40.042000 -0.085074 
40.043000 -0.084969 
40.044000 -0.084850 
40.045000 -0.084731 
40.046000 -0.084611 
40.047000 -0.084490 
40.048000 -0.084369 
40.049000 -0.084250 
40.050000 -0.084133 
40.051000 -0.084016 
40.052000 -0.083898 
40.053000 -0.083779 
40.054000 -0.083660 
40.055000 -0.083540 
40.056000 -0.083420 
40.057000 -0.083299 
40.058000 -0.083177 
40.059000 -0.083055 
40.060000 -0.082932 
40.061000 -0.082807 
40.062000 -0.082682 
40.063000 -0.082556 
40.064000 -0.082429 
40.065000 -0.082300 
40.066000 -0.082170 
40.067000 -0.082039 
40.068000 -0.081906 
40.069000 -0.081771 
40.070000 -0.081635 
40.071000 -0.081496 
40.072000 -0.081356 
40.073000 -0.081213 
40.074000 -0.081068 
40.075000 -0.080920 
40.076000 -0.080770 
40.077000 -0.080616 
40.078000 -0.080459 
40.079000 -0.080299 
40.080000 -0.080135 
40.081000 -0.079967 
40.082000 -0.079800 
40.083000 -0.079635 
40.084000 -0.079472 
40.085000 -0.079310 
40.086000 -0.079151 
40.087000 -0.078993 
40.088000 -0.078837 
40.089000 -0.078682 
40.090000 -0.078528 
40.091000 -0.078375 
40.092000 -0.078223 
40.093000 -0.078072 
40.094000 -0.077922 
40.095000 -0.077772 
40.096000 -0.077623 
40.097000 -0.077474 
40.098000 -0.077325 
40.099000 -0.077177 
40.100000 -0.077029 
40.101000 -0.076881 
40.102000 -0.076733 
40.103000 -0.076584 
40.104000 -0.076436 
40.105000 -0.076287 
40.106000 -0.076128 
40.107000 -0.075958 
40.108000 -0.075789 
40.109000 -0.075619 
40.110000 -0.075450 
40.111000 -0.075281 
40.112000 -0.075118 
40.113000 -0.074956 
40.114000 -0.074794 
40.115000 -0.074631 
40.116000 -0.074468 
40.117000 -0.074303 
40.118000 -0.074138 
40.119000 -0.073972 
40.120000 -0.073804 
40.121000 -0.073635 
40.122000 -0.073465 
40.123000 -0.073292 
40.124000 -0.073117 
40.125000 -0.072940 
40.126000 -0.072759 
40.127000 -0.072576 
40.128000 -0.072389 
40.129000 -0.072199 
40.130000 -0.072004 
40.131000 -0.071805 
40.132000 -0.071600 
40.133000 -0.071390 
40.134000 -0.071181 
40.135000 -0.070976 
40.136000 -0.070774 
40.137000 -0.070576 
40.138000 -0.070381 
40.139000 -0.070189 
40.140000 -0.069999 
40.141000 -0.069811 
40.142000 -0.069625 
40.143000 -0.069440 
40.144000 -0.069257 
40.145000 -0.069076 
40.146000 -0.068895 
40.147000 -0.068715 
40.148000 -0.068535 
40.149000 -0.068357 
40.150000 -0.068178 
40.151000 -0.068000 
40.152000 -0.067822 
40.153000 -0.067644 
40.154000 -0.067450 
40.155000 -0.067247 
40.156000 -0.067045 
40.157000 -0.066844 
40.158000 -0.066642 
40.159000 -0.066443 
40.160000 -0.066251 
40.161000 -0.066059 
40.162000 -0.065866 
40.163000 -0.065672 
40.164000 -0.065478 
40.165000 -0.065282 
40.166000 -0.065084 
40.167000 -0.064884 
40.168000 -0.064682 
40.169000 -0.064476 
40.170000 -0.064268 
40.171000 -0.064056 
40.172000 -0.063839 
40.173000 -0.063618 
40.174000 -0.063391 
40.175000 -0.063158 
40.176000 -0.062918 
40.177000 -0.062675 
40.178000 -0.062438 
40.179000 -0.062205 
40.180000 -0.061977 
40.181000 -0.061754 
40.182000 -0.061534 
40.183000 -0.061317 
40.184000 -0.061104 
40.185000 -0.060892 
40.186000 -0.060683 
40.187000 -0.060476 
40.188000 -0.060270 
40.189000 -0.060065 
40.190000 -0.059861 
40.191000 -0.059658 
40.192000 -0.059455 
40.193000 -0.059253 
40.194000 -0.059051 
40.195000 -0.058835 
40.196000 -0.058606 
40.197000 -0.058378 
40.198000 -0.058150 
40.199000 -0.057923 
40.200000 -0.057698 
40.201000 -0.057482 
40.202000 -0.057265 
40.203000 -0.057047 
40.204000 -0.056828 
40.205000 -0.056607 
40.206000 -0.056384 
40.207000 -0.056158 
40.208000 -0.055929 
40.209000 -0.055696 
40.210000 -0.055459 
40.211000 -0.055216 
40.212000 -0.054968 
40.213000 -0.054712 
40.214000 -0.054450 
40.215000 -0.054180 
40.216000 -0.053914 
40.217000 -0.053656 
40.218000 -0.053403 
40.219000 -0.053156 
40.220000 -0.052913 
40.221000 -0.052675 
40.222000 -0.052440 
40.223000 -0.052208 
40.224000 -0.051978 
40.225000 -0.051751 
40.226000 -0.051525 
40.227000 -0.051301 
40.228000 -0.051078 
40.229000 -0.050855 
40.230000 -0.050633 
40.231000 -0.050412 
40.232000 -0.050173 
40.233000 -0.049923 
40.234000 -0.049674 
40.235000 -0.049426 
40.236000 -0.049178 
40.237000 -0.048935 
40.238000 -0.048698 
40.239000 -0.048461 
40.240000 -0.048222 
40.241000 -0.047981 
40.242000 -0.047738 
40.243000 -0.047491 
40.244000 -0.047241 
40.245000 -0.046986 
40.246000 -0.046726 
40.247000 -0.046459 
40.248000 -0.046185 
40.249000 -0.045903 
40.250000 -0.045613 
40.251000 -0.045327 
40.252000 -0.045050 
40.253000 -0.044780 
40.254000 -0.044516 
40.255000 -0.044257 
40.256000 -0.044003 
40.257000 -0.043753 
40.258000 -0.043506 
40.259000 -0.043262 
40.260000 -0.043021 
40.261000 -0.042781 
40.262000 -0.042542 
40.263000 -0.042305 
40.264000 -0.042069 
40.265000 -0.041834 
40.266000 -0.041584 
40.267000 -0.041320 
40.268000 -0.041056 
40.269000 -0.040793 
40.270000 -0.040530 
40.271000 -0.040272 
40.272000 -0.040021 
40.273000 -0.039769 
40.274000 -0.039515 
40.275000 -0.039260 
40.276000 -0.039001 
40.277000 -0.038739 
40.278000 -0.038472 
40.279000 -0.038200 
40.280000 -0.037922 
40.281000 -0.037636 
40.282000 -0.037341 
40.283000 -0.037038 
40.284000 -0.036740 
40.285000 -0.036452 
40.286000 -0.036171 
40.287000 -0.035898 
40.288000 -0.035630 
40.289000 -0.035368 
40.290000 -0.035109 
40.291000 -0.034855 
40.292000 -0.034603 
40.293000 -0.034353 
40.294000 -0.034106 
40.295000 -0.033861 
40.296000 -0.033617 
40.297000 -0.033375 
40.298000 -0.033135 
40.299000 -0.032864 
40.300000 -0.032594 
40.301000 -0.032324 
40.302000 -0.032055 
40.303000 -0.031786 
40.304000 -0.031527 
40.305000 -0.031270 
40.306000 -0.031012 
40.307000 -0.030751 
40.308000 -0.030489 
40.309000 -0.030223 
40.310000 -0.029954 
40.311000 -0.029679 
40.312000 -0.029398 
40.313000 -0.029110 
40.314000 -0.028814 
40.315000 -0.028509 
40.316000 -0.028208 
40.317000 -0.027917 
40.318000 -0.027635 
40.319000 -0.027360 
40.320000 -0.027091 
40.321000 -0.026828 
40.322000 -0.026570 
40.323000 -0.026315 
40.324000 -0.026064 
40.325000 -0.025815 
40.326000 -0.025569 
40.327000 -0.025326 
40.328000 -0.025084 
40.329000 -0.024843 
40.330000 -0.024607 
40.331000 -0.024342 
40.332000 -0.024076 
40.333000 -0.023810 
40.334000 -0.023545 
40.335000 -0.023280 
40.336000 -0.023024 
40.337000 -0.022771 
40.338000 -0.022518 
40.339000 -0.022263 
40.340000 -0.022007 
40.341000 -0.021749 
40.342000 -0.021487 
40.343000 -0.021221 
40.344000 -0.020951 
40.345000 -0.020674 
40.346000 -0.020391 
40.347000 -0.020100 
40.348000 -0.019804 
40.349000 -0.019518 
40.350000 -0.019240 
40.351000 -0.018971 
40.352000 -0.018708 
40.353000 -0.018451 
40.354000 -0.018200 
40.355000 -0.017953 
40.356000 -0.017710 
40.357000 -0.017470 
40.358000 -0.017232 
40.359000 -0.016998 
40.360000 -0.016765 
40.361000 -0.016535 
40.362000 -0.016306 
40.363000 -0.016081 
40.364000 -0.015832 
40.365000 -0.015580 
40.366000 -0.015329 
40.367000 -0.015078 
40.368000 -0.014828 
40.369000 -0.014585 
40.370000 -0.014347 
40.371000 -0.014110 
40.372000 -0.013871 
40.373000 -0.013632 
40.374000 -0.013392 
40.375000 -0.013150 
40.376000 -0.012905 
40.377000 -0.012657 
40.378000 -0.012406 
40.379000 -0.012150 
40.380000 -0.011888 
40.381000 -0.011620 
40.382000 -0.011346 
40.383000 -0.011077 
40.384000 -0.010817 
40.385000 -0.010564 
40.386000 -0.010318 
40.387000 -0.010079 
40.388000 -0.009844 
40.389000 -0.009614 
40.390000 -0.009388 
40.391000 -0.009166 
40.392000 -0.008947 
40.393000 -0.008730 
40.394000 -0.008516 
40.395000 -0.008304 
40.396000 -0.008094 
40.397000 -0.007886 
40.398000 -0.007680 
40.399000 -0.007471 
40.400000 -0.007243 
40.401000 -0.007016 
40.402000 -0.006790 
40.403000 -0.006565 
40.404000 -0.006341 
40.405000 -0.006127 
40.406000 -0.005915 
40.407000 -0.005702 
40.408000 -0.005491 
40.409000 -0.005279 
40.410000 -0.005067 
40.411000 -0.004855 
40.412000 -0.004642 
40.413000 -0.004427 
40.414000 -0.004210 
40.415000 -0.003991 
40.416000 -0.003770 
40.417000 -0.003545 
40.418000 -0.003317 
40.419000 -0.003084 
40.420000 -0.002847 
40.421000 -0.002612 
40.422000 -0.002384 
40.423000 -0.002162 
40.424000 -0.001947 
40.425000 -0.001737 
40.426000 -0.001532 
40.427000 -0.001331 
40.428000 -0.001135 
40.429000 -0.000942 
40.430000 -0.000753 
40.431000 -0.000566 
40.432000 -0.000383 
40.433000 -0.000201 
40.434000 -0.000022 
40.435000 0.000155 
40.436000 0.000330 
40.437000 0.000502 
40.438000 0.000673 
40.439000 0.000842 
40.440000 0.001013 
40.441000 0.001200 
40.442000 0.001384 
40.443000 0.001567 
40.444000 0.001749 
40.445000 0.001929 
40.446000 0.002102 
40.447000 0.002272 
40.448000 0.002440 
40.449000 0.002607 
40.450000 0.002773 
40.451000 0.002937 
40.452000 0.003100 
40.453000 0.003263 
40.454000 0.003424 
40.455000 0.003585 
40.456000 0.003745 
40.457000 0.003905 
40.458000 0.004064 
40.459000 0.004224 
40.460000 0.004383 
40.461000 0.004543 
40.462000 0.004703 
40.463000 0.004863 
40.464000 0.005024 
40.465000 0.005185 
40.466000 0.005347 
40.467000 0.005511 
40.468000 0.005675 
40.469000 0.005838 
40.470000 0.005997 
40.471000 0.006151 
40.472000 0.006300 
40.473000 0.006446 
40.474000 0.006587 
40.475000 0.006725 
40.476000 0.006860 
40.477000 0.006991 
40.478000 0.007118 
40.479000 0.007243 
40.480000 0.007365 
40.481000 0.007484 
40.482000 0.007600 
40.483000 0.007714 
40.484000 0.007825 
40.485000 0.007934 
40.486000 0.008041 
40.487000 0.008145 
40.488000 0.008247 
40.489000 0.008347 
40.490000 0.008445 
40.491000 0.008541 
40.492000 0.008635 
40.493000 0.008727 
40.494000 0.008818 
40.495000 0.008906 
40.496000 0.008992 
40.497000 0.009077 
40.498000 0.009160 
40.499000 0.009241 
40.500000 0.009329 
40.501000 0.009419 
40.502000 0.009507 
40.503000 0.009591 
40.504000 0.009672 
40.505000 0.009749 
40.506000 0.009824 
40.507000 0.009897 
40.508000 0.009967 
40.509000 0.010036 
40.510000 0.010102 
40.511000 0.010167 
40.512000 0.010230 
40.513000 0.010292 
40.514000 0.010353 
40.515000 0.010413 
40.516000 0.010471 
40.517000 0.010529 
40.518000 0.010586 
40.519000 0.010642 
40.520000 0.010696 
40.521000 0.010750 
40.522000 0.010802 
40.523000 0.010852 
40.524000 0.010901 
40.525000 0.010949 
40.526000 0.010995 
40.527000 0.011040 
40.528000 0.011084 
40.529000 0.011126 
40.530000 0.011167 
40.531000 0.011206 
40.532000 0.011245 
40.533000 0.011283 
40.534000 0.011319 
40.535000 0.011355 
40.536000 0.011389 
40.537000 0.011423 
40.538000 0.011455 
40.539000 0.011487 
40.540000 0.011517 
40.541000 0.011547 
40.542000 0.011576 
40.543000 0.011604 
40.544000 0.011631 
40.545000 0.011657 
40.546000 0.011682 
40.547000 0.011707 
40.548000 0.011731 
40.549000 0.011754 
40.550000 0.011776 
40.551000 0.011798 
40.552000 0.011819 
40.553000 0.011839 
40.554000 0.011858 
40.555000 0.011877 
40.556000 0.011895 
40.557000 0.011912 
40.558000 0.011929 
40.559000 0.011945 
40.560000 0.011961 
40.561000 0.011975 
40.562000 0.011989 
40.563000 0.012003 
40.564000 0.012016 
40.565000 0.012028 
40.566000 0.012040 
40.567000 0.012051 
40.568000 0.012062 
40.569000 0.012072 
40.570000 0.012081 
40.571000 0.012090 
40.572000 0.012098 
40.573000 0.012105 
40.574000 0.012112 
40.575000 0.012119 
40.576000 0.012125 
40.577000 0.012130 
40.578000 0.012135 
40.579000 0.012139 
40.580000 0.012143 
40.581000 0.012146 
40.582000 0.012148 
40.583000 0.012150 
40.584000 0.012151 
40.585000 0.012152 
40.586000 0.012152 
40.587000 0.012151 
40.588000 0.012150 
40.589000 0.012149 
40.590000 0.012147 
40.591000 0.012144 
40.592000 0.012140 
40.593000 0.012137 
40.594000 0.012132 
40.595000 0.012127 
40.596000 0.012121 
40.597000 0.012115 
40.598000 0.012108 
40.599000 0.012101 
40.600000 0.012093 
40.601000 0.012085 
40.602000 0.012076 
40.603000 0.012067 
40.604000 0.012057 
40.605000 0.012047 
40.606000 0.012036 
40.607000 0.012024 
40.608000 0.012011 
40.609000 0.011997 
40.610000 0.011983 
40.611000 0.011969 
40.612000 0.011953 
40.613000 0.011937 
40.614000 0.011920 
40.615000 0.011903 
40.616000 0.011885 
40.617000 0.011866 
40.618000 0.011847 
40.619000 0.011827 
40.620000 0.011807 
40.621000 0.011786 
40.622000 0.011764 
40.623000 0.011742 
40.624000 0.011719 
40.625000 0.011696 
40.626000 0.011672 
40.627000 0.011647 
40.628000 0.011622 
40.629000 0.011596 
40.630000 0.011570 
40.631000 0.011543 
40.632000 0.011516 
40.633000 0.011488 
40.634000 0.011460 
40.635000 0.011431 
40.636000 0.011402 
40.637000 0.011372 
40.638000 0.011341 
40.639000 0.011311 
40.640000 0.011279 
40.641000 0.011248 
40.642000 0.011215 
40.643000 0.011183 
40.644000 0.011150 
40.645000 0.011116 
40.646000 0.011083 
40.647000 0.011049 
40.648000 0.011014 
40.649000 0.010979 
40.650000 0.010944 
40.651000 0.010909 
40.652000 0.010873 
40.653000 0.010837 
40.654000 0.010800 
40.655000 0.010764 
40.656000 0.010727 
40.657000 0.010689 
40.658000 0.010652 
40.659000 0.010614 
40.660000 0.010576 
40.661000 0.010537 
40.662000 0.010498 
40.663000 0.010459 
40.664000 0.010420 
40.665000 0.010376 
40.666000 0.010332 
40.667000 0.010287 
40.668000 0.010242 
40.669000 0.010197 
40.670000 0.010151 
40.671000 0.010106 
40.672000 0.010059 
40.673000 0.010013 
40.674000 0.009966 
40.675000 0.009919 
40.676000 0.009872 
40.677000 0.009826 
40.678000 0.009780 
40.679000 0.009733 
40.680000 0.009687 
40.681000 0.009640 
40.682000 0.009593 
40.683000 0.009546 
40.684000 0.009499 
40.685000 0.009452 
40.686000 0.009405 
40.687000 0.009358 
40.688000 0.009310 
40.689000 0.009263 
40.690000 0.009216 
40.691000 0.009168 
40.692000 0.009121 
40.693000 0.009073 
40.694000 0.009026 
40.695000 0.008978 
40.696000 0.008931 
40.697000 0.008883 
40.698000 0.008836 
40.699000 0.008789 
40.700000 0.008741 
40.701000 0.008694 
40.702000 0.008647 
40.703000 0.008599 
40.704000 0.008552 
40.705000 0.008505 
40.706000 0.008458 
40.707000 0.008412 
40.708000 0.008365 
40.709000 0.008318 
40.710000 0.008272 
40.711000 0.008226 
40.712000 0.008179 
40.713000 0.008133 
40.714000 0.008088 
40.715000 0.008042 
40.716000 0.007997 
40.717000 0.007951 
40.718000 0.007907 
40.719000 0.007862 
40.720000 0.007817 
40.721000 0.007773 
40.722000 0.007729 
40.723000 0.007686 
40.724000 0.007642 
40.725000 0.007600 
40.726000 0.007557 
40.727000 0.007515 
40.728000 0.007473 
40.729000 0.007432 
40.730000 0.007390 
40.731000 0.007350 
40.732000 0.007310 
40.733000 0.007270 
40.734000 0.007231 
40.735000 0.007192 
40.736000 0.007154 
40.737000 0.007116 
40.738000 0.007079 
40.739000 0.007043 
40.740000 0.007007 
40.741000 0.006972 
40.742000 0.006937 
40.743000 0.006903 
40.744000 0.006870 
40.745000 0.006837 
40.746000 0.006805 
40.747000 0.006773 
40.748000 0.006743 
40.749000 0.006713 
40.750000 0.006684 
40.751000 0.006656 
40.752000 0.006628 
40.753000 0.006601 
40.754000 0.006575 
40.755000 0.006550 
40.756000 0.006526 
40.757000 0.006502 
40.758000 0.006480 
40.759000 0.006458 
40.760000 0.006437 
40.761000 0.006417 
40.762000 0.006398 
40.763000 0.006380 
40.764000 0.006363 
40.765000 0.006346 
40.766000 0.006331 
40.767000 0.006317 
40.768000 0.006305 
40.769000 0.006293 
40.770000 0.006283 
40.771000 0.006274 
40.772000 0.006266 
40.773000 0.006259 
40.774000 0.006254 
40.775000 0.006251 
40.776000 0.006250 
40.777000 0.006249 
40.778000 0.006250 
40.779000 0.006252 
40.780000 0.006256 
40.781000 0.006262 
40.782000 0.006268 
40.783000 0.006277 
40.784000 0.006287 
40.785000 0.006298 
40.786000 0.006311 
40.787000 0.006324 
40.788000 0.006339 
40.789000 0.006356 
40.790000 0.006373 
40.791000 0.006392 
40.792000 0.006412 
40.793000 0.006433 
40.794000 0.006456 
40.795000 0.006480 
40.796000 0.006506 
40.797000 0.006533 
40.798000 0.006561 
40.799000 0.006591 
40.800000 0.006622 
40.801000 0.006655 
40.802000 0.006689 
40.803000 0.006724 
40.804000 0.006761 
40.805000 0.006799 
40.806000 0.006838 
40.807000 0.006879 
40.808000 0.006920 
40.809000 0.006963 
40.810000 0.007007 
40.811000 0.007052 
40.812000 0.007099 
40.813000 0.007146 
40.814000 0.007195 
40.815000 0.007245 
40.816000 0.007295 
40.817000 0.007347 
40.818000 0.007400 
40.819000 0.007454 
40.820000 0.007509 
40.821000 0.007565 
40.822000 0.007622 
40.823000 0.007680 
40.824000 0.007739 
40.825000 0.007799 
40.826000 0.007859 
40.827000 0.007921 
40.828000 0.007983 
40.829000 0.008047 
40.830000 0.008111 
40.831000 0.008176 
40.832000 0.008241 
40.833000 0.008308 
40.834000 0.008374 
40.835000 0.008442 
40.836000 0.008509 
40.837000 0.008577 
40.838000 0.008646 
40.839000 0.008715 
40.840000 0.008785 
40.841000 0.008855 
40.842000 0.008926 
40.843000 0.008997 
40.844000 0.009073 
40.845000 0.009153 
40.846000 0.009234 
40.847000 0.009316 
40.848000 0.009399 
40.849000 0.009483 
40.850000 0.009567 
40.851000 0.009653 
40.852000 0.009739 
40.853000 0.009825 
40.854000 0.009912 
40.855000 0.009999 
40.856000 0.010085 
40.857000 0.010172 
40.858000 0.010259 
40.859000 0.010346 
40.860000 0.010434 
